41,1027978812094209304455193199573569064945848459678087631754019
40,1003688479831154180037244526079027427330300342075732215195418
35,1027978812094209304455193199573569064945848459678087631754019
37,1034037835157108865292225643475385042786666881557737274010394
31,1034037835157108865292225643475385042786666881557737274010394
6,1036039216530847645109810949879892206049593567670896829865393
8,1035919799173149744428345292628266720629800949794945813067259
5,1035919799173149744428345292628266720629800949794945813067259
38,1028707142551805457212670044436655547247003100486662378265172
50,1006765110515208722421258297519675946022957280443261607472503
7,1036000578877361056278669605102310066683664714807568565138728
32,1028707142551805457212670044436655547247003100486662378265172
34,1020978460051336878639594118225174246712243375262363529965841
46,1020978460051336878639594118225174246712243375262363529965841
48,973784287026315286235689559306944284519006194724740936885152
42,973196192021619450984830889682700959585407808854199127945873
11,1035496520974796917995195178221641284378872437880904448382360
57,1021962162734740132665066221322334906500354304843117534850381
44,1005740922043890895852550636433724686752454699359600988043437
36,973196192021619450984830889682700959585407808854199127945873
30,973784287026315286235689559306944284519006194724740936885152
26,1005740922043890895852550636433724686752454699359600988043437
3,1035496520974796917995195178221641284378872437880904448382360
21,1021962162734740132665066221322334906500354304843117534850381
39,1003688479831154180037244526079027427330300342075732215195418
55,973429022278592016741626798748410668976432638981551119659322
13,1021450674754392095313289131545348258724668501180100653787313
60,768934518034639426572178015031103000027104829227220578026790
59,971025089487519005866805570590340383276764487195939026643811
54,973496712442368610344776259162863405873546580938202279157749
24,973429022278592016741626798748410668976432638981551119659322
19,1006765110515208722421258297519675946022957280443261607472503
23,973496712442368610344776259162863405873546580938202279157749
0,1021450674754392095313289131545348258724668501180100653787313
16,971025089487519005866805570590340383276764487195939026643811
17,768934518034639426572178015031103000027104829227220578026790
33,1032024286870533860913601903805937373258187604952015911997697
53,971125654521092291964686565928673750181079623535654784012140
43,1028204069145973010703711043655884845804058038330851572611978
9,1034108324615832174571404954124392097390015411333427671599846
47,1028077720366221898628767860452482994514899005249713682696242
49,1028510150679222166648795893064806689981160210518274123024850
10,1035929033677136473216365302241191917504509291152912028705070
56,1005053859684035889035532842729152960416890560103958614705960
52,971199728638266217534533573975876191211151490920304208584168
51,1003983490153865151509320624754702514023964017463574759233387
58,969422809240739308987340482433629776917816609452763519114428
12,1028380922906110992905137749294108331045947642279184642701420
61,768454560515875302803216787850971614950569417074116933590180
29,1028077720366221898628767860452482994514899005249713682696242
4,1034108324615832174571404954124392097390015411333427671599846
25,1028204069145973010703711043655884845804058038330851572611978
27,971199728638266217534533573975876191211151490920304208584168
22,971125654521092291964686565928673750181079623535654784012140
2,1035929033677136473216365302241191917504509291152912028705070
18,1028510150679222166648795893064806689981160210518274123024850
20,1005053859684035889035532842729152960416890560103958614705960
28,1003983490153865151509320624754702514023964017463574759233387
14,768454560515875302803216787850971614950569417074116933590180
15,969422809240739308987340482433629776917816609452763519114428
1,1028380922906110992905137749294108331045947642279184642701420
45,1032024286870533860913601903805937373258187604952015911997697
