81,794052932808742108276267341234781076294601624827501605797494785
124,794052933087873215883980981675792329650260018249913924637949953
120,794052933087873215883980981675792329650260018249913924637949953
135,794052558214887296684979366070113098380504314933832578621243393
157,794052932880563491434087752654012921462726031917395639504207873
138,794052558214887296684979366070113098380504314933832578621243393
84,794052932808742108276267341234781076294601624827501605797494785
112,794052933087873215883980981675792329650260018249913924637949953
93,794052932808742108276267341234781076294601624827501605797494785
123,794052933087873215883980981675792329650260018249913924637949953
143,794052558214887296684979366070113098380504314933832578621243393
172,794052932880563491434087752654012921462726031917395639504207873
152,794052932880563491434087752654012921462726031917395639504207873
147,1555932954936595427358828781891236557445327584186331064544798725
7,1244746363949276341887063025512989245956262067349064851635838984
115,794052933087873215883980981675792329650260018249913924637949953
165,794052932880563491434087752654012921462726031917395639504207873
146,1219843546821692799944228144326420390921358854377216960866811905
154,794052932880563491434087752654012921462726031917395639504207873
136,794052558214887296684979366070113098380504314933832578621243393
129,1221487457996397720098820405219306742360059520595823328532365313
190,794022163314621753425414404343655536787390024373991440030636033
6,1588044326629243506850828808687311073574780048747982880061272064
192,794022163314621753425414404343655536787390024373991440030636033
90,794052932808742108276267341234781076294601624827501605797494785
125,794052933087873215883980981675792329650260018249913924637949953
117,794052933087873215883980981675792329650260018249913924637949953
128,1221487457996397720098820405219306742360059520595823328532365313
178,793301902018666761574506497724022386065304771990010136515051777
141,794052558214887296684979366070113098380504314933832578621243393
140,794052558214887296684979366070113098380504314933832578621243393
168,794052932880563491434087752654012921462726031917395639504207873
139,794052558214887296684979366070113098380504314933832578621243393
188,794022163314621753425414404343655536787390024373991440030636033
99,794052932808742108276267341234781076294601624827501605797494785
8,1588105865617484216552534682469562152589203249655003211594989568
1,1588105865761126982868175505308025842925452063834791279008415744
173,794052932880563491434087752654012921462726031917395639504207873
102,1208157315356470135708418576799181546783112829120624633185304577
130,794052558214887296684979366070113098380504314933832578621243393
116,794052933087873215883980981675792329650260018249913924637949953
100,1455951457018717095178888097112285499838736786929318483716997377
87,794052932808742108276267341234781076294601624827501605797494785
114,794052933087873215883980981675792329650260018249913924637949953
158,794052932880563491434087752654012921462726031917395639504207873
94,794052932808742108276267341234781076294601624827501605797494785
82,794052932808742108276267341234781076294601624827501605797494785
153,794052932880563491434087752654012921462726031917395639504207873
88,794052932808742108276267341234781076294601624827501605797494785
97,794052932808742108276267341234781076294601624827501605797494785
184,794022163314621753425414404343655536787390024373991440030636033
191,794022163314621753425414404343655536787390024373991440030636033
83,794052932808742108276267341234781076294601624827501605797494785
111,794052933087873215883980981675792329650260018249913924637949953
95,794052932808742108276267341234781076294601624827501605797494785
164,794052932880563491434087752654012921462726031917395639504207873
176,793301902018666761574506497724022386065304771990010136515051777
182,1210350991877508074191300818718436742035375521685377750680999937
177,793301902018666761574506497724022386065304771990010136515051777
144,794052558214887296684979366070113098380504314933832578621243393
10,1588105116429774593369958732140226196761008629867665157242486784
183,1210350991877508074191300818718436742035375521685377750680999937
105,794052933087873215883980981675792329650260018249913924637949953
9,1588105866175746431767961963351584659300520036499827849275899904
126,794052933087873215883980981675792329650260018249913924637949953
110,794052933087873215883980981675792329650260018249913924637949953
122,794052933087873215883980981675792329650260018249913924637949953
121,794052933087873215883980981675792329650260018249913924637949953
108,794052933087873215883980981675792329650260018249913924637949953
161,794052932880563491434087752654012921462726031917395639504207873
127,1221487457996397720098820405219306742360059520595823328532365313
104,794052933087873215883980981675792329650260018249913924637949953
171,794052932880563491434087752654012921462726031917395639504207873
174,1228016559223053610428404092252470880166140807450328464494690561
96,794052932808742108276267341234781076294601624827501605797494785
92,794052932808742108276267341234781076294601624827501605797494785
33,1449732121312345993916140350204236656934205767065820388881072129
163,794052932880563491434087752654012921462726031917395639504207873
142,794052558214887296684979366070113098380504314933832578621243393
107,794052933087873215883980981675792329650260018249913924637949953
180,793301902018666761574506497724022386065304771990010136515051777
131,794052558214887296684979366070113098380504314933832578621243393
89,794052932808742108276267341234781076294601624827501605797494785
167,794052932880563491434087752654012921462726031917395639504207873
185,794022163314621753425414404343655536787390024373991440030636033
181,793301902018666761574506497724022386065304771990010136515051777
2,1586603804037333523149012995448044772130609543980020273030103552
150,1226401948951996857688766384556208606412979031086501441564573697
137,794052558214887296684979366070113098380504314933832578621243393
169,794052932880563491434087752654012921462726031917395639504207873
159,794052932880563491434087752654012921462726031917395639504207873
133,794052558214887296684979366070113098380504314933832578621243393
162,794052932880563491434087752654012921462726031917395639504207873
118,794052933087873215883980981675792329650260018249913924637949953
151,794052932880563491434087752654012921462726031917395639504207873
179,793301902018666761574506497724022386065304771990010136515051777
189,794022163314621753425414404343655536787390024373991440030636033
156,794052932880563491434087752654012921462726031917395639504207873
101,1208157315356470135708418576799181546783112829120624633185304577
187,794022163314621753425414404343655536787390024373991440030636033
148,622373181974638170943531512756494622978131033674532425817919493
103,1208157315356470135708418576799181546783112829120624633185304577
106,794052933087873215883980981675792329650260018249913924637949953
160,794052932880563491434087752654012921462726031917395639504207873
155,794052932880563491434087752654012921462726031917395639504207873
186,794022163314621753425414404343655536787390024373991440030636033
175,1228016559223053610428404092252470880166140807450328464494690561
166,794052932880563491434087752654012921462726031917395639504207873
52,794052933330106737961258598544178725532232218829528079198584833
45,794052933330106737961258598544178725532232218829528079198584833
170,794052932880563491434087752654012921462726031917395639504207873
50,794052933330106737961258598544178725532232218829528079198584833
132,794052558214887296684979366070113098380504314933832578621243393
134,794052558214887296684979366070113098380504314933832578621243393
85,794052932808742108276267341234781076294601624827501605797494785
44,794052933330106737961258598544178725532232218829528079198584833
109,794052933087873215883980981675792329650260018249913924637949953
145,1219843546821692799944228144326420390921358854377216960866811905
119,794052933087873215883980981675792329650260018249913924637949953
40,794052933330106737961258598544178725532232218829528079198584833
113,794052933087873215883980981675792329650260018249913924637949953
39,794052933330106737961258598544178725532232218829528079198584833
86,794052932808742108276267341234781076294601624827501605797494785
91,794052932808742108276267341234781076294601624827501605797494785
149,622373181974638170943531512756494622978131033674532425817919493
51,794052933330106737961258598544178725532232218829528079198584833
49,794052933330106737961258598544178725532232218829528079198584833
98,794052932808742108276267341234781076294601624827501605797494785
38,794052933330106737961258598544178725532232218829528079198584833
37,794052933330106737961258598544178725532232218829528079198584833
55,794052933330106737961258598544178725532232218829528079198584833
53,794052933330106737961258598544178725532232218829528079198584833
21,794052704657931521240623025563317959407522997922721195444666369
36,794052933330106737961258598544178725532232218829528079198584833
31,794052704657931521240623025563317959407522997922721195444666369
27,794052704657931521240623025563317959407522997922721195444666369
80,1536198368709619542411588241676261492994460410330280300292603905
29,794052704657931521240623025563317959407522997922721195444666369
47,794052933330106737961258598544178725532232218829528079198584833
28,794052704657931521240623025563317959407522997922721195444666369
17,794052704657931521240623025563317959407522997922721195444666369
18,794052704657931521240623025563317959407522997922721195444666369
24,794052704657931521240623025563317959407522997922721195444666369
41,794052933330106737961258598544178725532232218829528079198584833
22,794052704657931521240623025563317959407522997922721195444666369
43,794052933330106737961258598544178725532232218829528079198584833
46,794052933330106737961258598544178725532232218829528079198584833
25,794052704657931521240623025563317959407522997922721195444666369
19,794052704657931521240623025563317959407522997922721195444666369
23,794052704657931521240623025563317959407522997922721195444666369
35,794052933330106737961258598544178725532232218829528079198584833
48,794052933330106737961258598544178725532232218829528079198584833
12,791392393980284730672706232349401707383495031624234933831073825
14,791392393980284730672706232349401707383495031624234933831073825
56,794052933330106737961258598544178725532232218829528079198584833
34,1238446242153853629270542307693637865989292955757311355055505409
15,791392393980284730672706232349401707383495031624234933831073825
0,1582784787960569461345412464698803414766990063248469867662147648
42,794052933330106737961258598544178725532232218829528079198584833
20,794052704657931521240623025563317959407522997922721195444666369
11,1588105409315863042481246051126635918815045995845442390889332736
32,794052704657931521240623025563317959407522997922721195444666369
58,1361233445450043786525655368523078517620174816296645557932261377
4,1588105866660213475922517197088357451064464437659056158397169664
26,794052704657931521240623025563317959407522997922721195444666369
16,1219151856552784493945810384540000333267436347725511739419656225
3,1219151856552784493945810384540000333267436347725511739419656225
54,794052933330106737961258598544178725532232218829528079198584833
30,794052704657931521240623025563317959407522997922721195444666369
13,791392393980284730672706232349401707383495031624234933831073825
57,1361233445450043786525655368523078517620174816296645557932261377
77,794052716967911867990155477970459708923119636453964470225469441
60,794052716967911867990155477970459708923119636453964470225469441
75,794052716967911867990155477970459708923119636453964470225469441
74,794052716967911867990155477970459708923119636453964470225469441
76,794052716967911867990155477970459708923119636453964470225469441
69,794052716967911867990155477970459708923119636453964470225469441
65,794052716967911867990155477970459708923119636453964470225469441
73,794052716967911867990155477970459708923119636453964470225469441
64,794052716967911867990155477970459708923119636453964470225469441
62,794052716967911867990155477970459708923119636453964470225469441
70,794052716967911867990155477970459708923119636453964470225469441
72,794052716967911867990155477970459708923119636453964470225469441
78,794052716967911867990155477970459708923119636453964470225469441
67,794052716967911867990155477970459708923119636453964470225469441
66,794052716967911867990155477970459708923119636453964470225469441
5,1588105433935823735980310955940919417846239272907928940450938880
79,794052716967911867990155477970459708923119636453964470225469441
63,794052716967911867990155477970459708923119636453964470225469441
61,794052716967911867990155477970459708923119636453964470225469441
71,794052716967911867990155477970459708923119636453964470225469441
68,794052716967911867990155477970459708923119636453964470225469441
59,794052716967911867990155477970459708923119636453964470225469441
