33,41957153730461815230030554984104566823403837619975183048114177
143,23736045415868189150417867917724237513774370163426767922003969
142,23736045415868189150417867917724237513774370163426767922003969
129,34702701829020289984050965670615085820279137759674410908778497
135,23736045415868189150417867917724237513774370163426767922003969
141,23736045415868189150417867917724237513774370163426767922003969
119,23743038151324812521489315056543298794345089701589270235447297
146,34602575581493955483448263499753688786189438572468315471478785
93,23743038102203057989094608907967948937912736035333195616485377
139,23736045415868189150417867917724237513774370163426767922003969
84,23743038102203057989094608907967948937912736035333195616485377
106,23743038151324812521489315056543298794345089701589270235447297
140,23736045415868189150417867917724237513774370163426767922003969
134,23736045415868189150417867917724237513774370163426767922003969
133,23736045415868189150417867917724237513774370163426767922003969
132,23736045415868189150417867917724237513774370163426767922003969
137,23736045415868189150417867917724237513774370163426767922003969
131,23736045415868189150417867917724237513774370163426767922003969
144,23736045415868189150417867917724237513774370163426767922003969
10,47472090831736378300835735835448475027548740326853535844007936
111,23743038151324812521489315056543298794345089701589270235447297
83,23743038102203057989094608907967948937912736035333195616485377
81,23743038102203057989094608907967948937912736035333195616485377
125,23743038151324812521489315056543298794345089701589270235447297
145,34602575581493955483448263499753688786189438572468315471478785
127,34702701829020289984050965670615085820279137759674410908778497
136,23736045415868189150417867917724237513774370163426767922003969
104,23743038151324812521489315056543298794345089701589270235447297
96,23743038102203057989094608907967948937912736035333195616485377
117,23743038151324812521489315056543298794345089701589270235447297
109,23743038151324812521489315056543298794345089701589270235447297
86,23743038102203057989094608907967948937912736035333195616485377
98,23743038102203057989094608907967948937912736035333195616485377
147,46150817629900795791260478770989937371475496194391346988984325
7,36920654103920636633008383016791949897180396955513077591187464
138,23736045415868189150417867917724237513774370163426767922003969
110,23743038151324812521489315056543298794345089701589270235447297
124,23743038151324812521489315056543298794345089701589270235447297
130,23736045415868189150417867917724237513774370163426767922003969
116,23743038151324812521489315056543298794345089701589270235447297
94,23743038102203057989094608907967948937912736035333195616485377
107,23743038151324812521489315056543298794345089701589270235447297
114,23743038151324812521489315056543298794345089701589270235447297
128,34702701829020289984050965670615085820279137759674410908778497
95,23743038102203057989094608907967948937912736035333195616485377
118,23743038151324812521489315056543298794345089701589270235447297
92,23743038102203057989094608907967948937912736035333195616485377
90,23743038102203057989094608907967948937912736035333195616485377
102,33937882659610349004146332524672087501412288249152544956219393
103,33937882659610349004146332524672087501412288249152544956219393
121,23743038151324812521489315056543298794345089701589270235447297
112,23743038151324812521489315056543298794345089701589270235447297
101,33937882659610349004146332524672087501412288249152544956219393
85,23743038102203057989094608907967948937912736035333195616485377
91,23743038102203057989094608907967948937912736035333195616485377
122,23743038151324812521489315056543298794345089701589270235447297
97,23743038102203057989094608907967948937912736035333195616485377
89,23743038102203057989094608907967948937912736035333195616485377
126,23743038151324812521489315056543298794345089701589270235447297
9,47486076302649625042978630113086597588690179403178540470894592
113,23743038151324812521489315056543298794345089701589270235447297
123,23743038151324812521489315056543298794345089701589270235447297
99,23743038102203057989094608907967948937912736035333195616485377
8,47486076204406115978189217815935897875825472070666391232970752
108,23743038151324812521489315056543298794345089701589270235447297
48,23723867918149004523073152353846594136730068295207964471459841
115,23743038151324812521489315056543298794345089701589270235447297
82,23743038102203057989094608907967948937912736035333195616485377
36,23723867918149004523073152353846594136730068295207964471459841
105,23743038151324812521489315056543298794345089701589270235447297
46,23723867918149004523073152353846594136730068295207964471459841
47,23723867918149004523073152353846594136730068295207964471459841
44,23723867918149004523073152353846594136730068295207964471459841
88,23743038102203057989094608907967948937912736035333195616485377
52,23723867918149004523073152353846594136730068295207964471459841
42,23723867918149004523073152353846594136730068295207964471459841
87,23743038102203057989094608907967948937912736035333195616485377
50,23723867918149004523073152353846594136730068295207964471459841
120,23743038151324812521489315056543298794345089701589270235447297
54,23723867918149004523073152353846594136730068295207964471459841
51,23723867918149004523073152353846594136730068295207964471459841
38,23723867918149004523073152353846594136730068295207964471459841
148,18460327051960318316504191508395974948590198477756538795593733
43,23723867918149004523073152353846594136730068295207964471459841
49,23723867918149004523073152353846594136730068295207964471459841
55,23723867918149004523073152353846594136730068295207964471459841
35,23723867918149004523073152353846594136730068295207964471459841
45,23723867918149004523073152353846594136730068295207964471459841
149,18460327051960318316504191508395974948590198477756538795593733
39,23723867918149004523073152353846594136730068295207964471459841
80,44809267355211229239364160015864505897013300709179974897631233
169,23723867882183897960589027274348208443639291724875825361715201
154,23723867882183897960589027274348208443639291724875825361715201
41,23723867918149004523073152353846594136730068295207964471459841
40,23723867918149004523073152353846594136730068295207964471459841
53,23723867918149004523073152353846594136730068295207964471459841
34,36047453519265720963288333729528682600468470842652869808619521
157,23723867882183897960589027274348208443639291724875825361715201
153,23723867882183897960589027274348208443639291724875825361715201
168,23723867882183897960589027274348208443639291724875825361715201
161,23723867882183897960589027274348208443639291724875825361715201
172,23723867882183897960589027274348208443639291724875825361715201
159,23723867882183897960589027274348208443639291724875825361715201
170,23723867882183897960589027274348208443639291724875825361715201
158,23723867882183897960589027274348208443639291724875825361715201
57,39539774835840268180423136286084270232487756317740093946200065
29,23723853686162382080996386359274605851336237878779707231043585
23,23723853686162382080996386359274605851336237878779707231043585
182,33783179236845832033871401089875513574722939502594292240619521
37,23723867918149004523073152353846594136730068295207964471459841
173,23723867882183897960589027274348208443639291724875825361715201
1,47447735764367795921178054548696416887278583449751650723430400
180,23688655766206900468811386068414135524497843911020464762257665
162,23723867882183897960589027274348208443639291724875825361715201
167,23723867882183897960589027274348208443639291724875825361715201
19,23723853686162382080996386359274605851336237878779707231043585
155,23723867882183897960589027274348208443639291724875825361715201
171,23723867882183897960589027274348208443639291724875825361715201
179,23688655766206900468811386068414135524497843911020464762257665
100,42269982314723038448422355375643676738382369190592881261281537
186,23722006874909778163493162260916164960927018650682012180944897
163,23723867882183897960589027274348208443639291724875825361715201
177,23688655766206900468811386068414135524497843911020464762257665
178,23688655766206900468811386068414135524497843911020464762257665
191,23722006874909778163493162260916164960927018650682012180944897
72,23723860376536895486024975898356514143636532033798194210013185
60,23723860376536895486024975898356514143636532033798194210013185
20,23723853686162382080996386359274605851336237878779707231043585
79,23723860376536895486024975898356514143636532033798194210013185
5,47447720753073790972049951796713028287273064067596388420026368
165,23723867882183897960589027274348208443639291724875825361715201
150,34991309493651645261426322042202973422726582960165917850337281
17,23723853686162382080996386359274605851336237878779707231043585
6,47444013749819556326986324521832329921854037301364024361889792
192,23722006874909778163493162260916164960927018650682012180944897
74,23723860376536895486024975898356514143636532033798194210013185
185,23722006874909778163493162260916164960927018650682012180944897
174,34831110782828023171997240256022008524898197599422098556584193
78,23723860376536895486024975898356514143636532033798194210013185
31,23723853686162382080996386359274605851336237878779707231043585
25,23723853686162382080996386359274605851336237878779707231043585
166,23723867882183897960589027274348208443639291724875825361715201
189,23722006874909778163493162260916164960927018650682012180944897
4,47447735836298009046146304707693188273460136590415928942919680
58,39539774835840268180423136286084270232487756317740093946200065
67,23723860376536895486024975898356514143636532033798194210013185
59,23723860376536895486024975898356514143636532033798194210013185
32,23723853686162382080996386359274605851336237878779707231043585
11,47447707372324764161992772718549211702672475757559414462087168
63,23723860376536895486024975898356514143636532033798194210013185
69,23723860376536895486024975898356514143636532033798194210013185
14,23587490558530236453458324764573900042961049233854921804087329
30,23723853686162382080996386359274605851336237878779707231043585
188,23722006874909778163493162260916164960927018650682012180944897
21,23723853686162382080996386359274605851336237878779707231043585
12,23587490558530236453458324764573900042961049233854921804087329
18,23723853686162382080996386359274605851336237878779707231043585
183,33783179236845832033871401089875513574722939502594292240619521
28,23723853686162382080996386359274605851336237878779707231043585
71,23723860376536895486024975898356514143636532033798194210013185
66,23723860376536895486024975898356514143636532033798194210013185
187,23722006874909778163493162260916164960927018650682012180944897
24,23723853686162382080996386359274605851336237878779707231043585
184,23722006874909778163493162260916164960927018650682012180944897
70,23723860376536895486024975898356514143636532033798194210013185
64,23723860376536895486024975898356514143636532033798194210013185
13,23587490558530236453458324764573900042961049233854921804087329
0,47174981117060472906916649529147800085922098467709843608174656
15,23587490558530236453458324764573900042961049233854921804087329
16,34076746478568013452443539625904560983061351333415681553596449
152,23723867882183897960589027274348208443639291724875825361715201
3,34076746478568013452443539625904560983061351333415681553596449
190,23722006874909778163493162260916164960927018650682012180944897
22,23723853686162382080996386359274605851336237878779707231043585
27,23723853686162382080996386359274605851336237878779707231043585
176,23688655766206900468811386068414135524497843911020464762257665
62,23723860376536895486024975898356514143636532033798194210013185
160,23723867882183897960589027274348208443639291724875825361715201
61,23723860376536895486024975898356514143636532033798194210013185
26,23723853686162382080996386359274605851336237878779707231043585
68,23723860376536895486024975898356514143636532033798194210013185
151,23723867882183897960589027274348208443639291724875825361715201
73,23723860376536895486024975898356514143636532033798194210013185
65,23723860376536895486024975898356514143636532033798194210013185
75,23723860376536895486024975898356514143636532033798194210013185
76,23723860376536895486024975898356514143636532033798194210013185
2,47377311532413800937622772136828271048995687822040929524515328
181,23688655766206900468811386068414135524497843911020464762257665
175,34831110782828023171997240256022008524898197599422098556584193
56,23723867918149004523073152353846594136730068295207964471459841
156,23723867882183897960589027274348208443639291724875825361715201
77,23723860376536895486024975898356514143636532033798194210013185
164,23723867882183897960589027274348208443639291724875825361715201
