52,8044414145212478443961299084177476004555310070988557152882446808
51,8044414145212478443961299084179154650150075828211210608479883006
151,8044414145212478443961299084179154650150075828211210608479883006
53,8044414145212478443961299084170129155917806929859061212542931128
152,8044414145212478443961299084177476004555310070988557152882446808
50,8044414145212478443961299084179520024818451733281396974196128872
150,8044414145212478443961299084179520024818451733281396974196128872
54,8044414145212478443961299084138054079188103127087506676257462832
154,8044414145212478443961299084138054079188103127087506676257462832
153,8044414145212478443961299084170129155917806929859061212542931128
49,8044414145212478443961299084179520024818451733281396974196128872
149,8044414145212478443961299084179520024818451733281396974196128872
148,8044414145212478443961299084179154650150075828211210608479883006
48,8044414145212478443961299084179154650150075828211210608479883006
155,8044414145212478443961299083998037985305747744275558043824522940
55,8044414145212478443961299083998037985305747744275558043824522940
47,8044414145212478443961299084177476004555310070988557152882446808
147,8044414145212478443961299084177476004555310070988557152882446808
56,8044414145212478443961299083386835299412585193495203568242491626
156,8044414145212478443961299083386835299412585193495203568242491626
57,8044414145212478443961299080718794937864943515642651672639974240
157,8044414145212478443961299080718794937864943515642651672639974240
58,8044414145212478443961299069072185062539600531453503134966638608
158,8044414145212478443961299069072185062539600531453503134966638608
146,8044414145212478443961299084170129155917806929859061212542931128
46,8044414145212478443961299084170129155917806929859061212542931128
145,8044414145212478443961299084138054079188103127087506676257462832
144,8044414145212478443961299083998037985305747744275558043824522940
45,8044414145212478443961299084138054079188103127087506676257462832
59,8044414145212478443961299018232054077471834005682057775669797970
60,8044414145212478443961298796303188414906150510959973161671966580
159,8044414145212478443961299018232054077471834005682057775669797970
44,8044414145212478443961299083998037985305747744275558043824522940
142,8044414145212478443961299080718794937864943515642651672639974240
43,8044414145212478443961299083386835299412585193495203568242491626
143,8044414145212478443961299083386835299412585193495203568242491626
61,8044414145212478443961297827532643181581218031134443310185910688
160,8044414145212478443961298796303188414906150510959973161671966580
141,8044414145212478443961299069072185062539600531453503134966638608
42,8044414145212478443961299080718794937864943515642651672639974240
62,8044414145212478443961293598626383018217946497288722980304412040
161,8044414145212478443961297827532643181581218031134443310185910688
140,8044414145212478443961299018232054077471834005682057775669797970
41,8044414145212478443961299069072185062539600531453503134966638608
162,8044414145212478443961293598626383018217946497288722980304412040
63,8044414145212478443961275138477852247246683726787486378079454496
40,8044414145212478443961299018232054077471834005682057775669797970
139,8044414145212478443961298796303188414906150510959973161671966580
39,8044414145212478443961298796303188414906150510959973161671966580
163,8044414145212478443961275138477852247246683726787486378079454496
64,8044414145212478443961194555683433691660690313055013552954993430
65,8044414145212478443960842793250672874111756348523701830459919992
164,8044414145212478443961194555683433691660690313055013552954993430
66,8044414145212478443959307269321587858030830310952163020490606808
165,8044414145212478443960842793250672874111756348523701830459919992
138,8044414145212478443961297827532643181581218031134443310185910688
38,8044414145212478443961297827532643181581218031134443310185910688
137,8044414145212478443961293598626383018217946497288722980304412040
166,8044414145212478443959307269321587858030830310952163020490606808
67,8044414145212478443952604354179971963024719926026433371861865958
136,8044414145212478443961275138477852247246683726787486378079454496
37,8044414145212478443961293598626383018217946497288722980304412040
68,8044414145212478443923344587826209396677442521723170609735096976
167,8044414145212478443952604354179971963024719926026433371861865958
135,8044414145212478443961194555683433691660690313055013552954993430
36,8044414145212478443961275138477852247246683726787486378079454496
134,8044414145212478443960842793250672874111756348523701830459919992
35,8044414145212478443961194555683433691660690313055013552954993430
133,8044414145212478443959307269321587858030830310952163020490606808
34,8044414145212478443960842793250672874111756348523701830459919992
69,8044414145212478443795618977555565343871072290655127144567217512
168,8044414145212478443923344587826209396677442521723170609735096976
70,8044414145212478443238067310165870173669371768987596096112173632
169,8044414145212478443795618977555565343871072290655127144567217512
33,8044414145212478443959307269321587858030830310952163020490606808
132,8044414145212478443952604354179971963024719926026433371861865958
171,8044414145212478440804226038005858342497671808838956779339730436
71,8044414145212478440804226038005858342497671808838956779339730436
170,8044414145212478443238067310165870173669371768987596096112173632
32,8044414145212478443952604354179971963024719926026433371861865958
131,8044414145212478443923344587826209396677442521723170609735096976
172,8044414145212478430179949069451642175702518431316646095224061058
72,8044414145212478430179949069451642175702518431316646095224061058
73,8044414145212478383802536352498915413049323050988273845662124848
31,8044414145212478443923344587826209396677442521723170609735096976
130,8044414145212478443795618977555565343871072290655127144567217512
173,8044414145212478383802536352498915413049323050988273845662124848
74,8044414145212478181354462090850161450188281238526906218632779072
174,8044414145212478181354462090850161450188281238526906218632779072
30,8044414145212478443795618977555565343871072290655127144567217512
128,8044414145212478440804226038005858342497671808838956779339730436
29,8044414145212478443238067310165870173669371768987596096112173632
129,8044414145212478443238067310165870173669371768987596096112173632
75,8044414145212477297622050146331134834686845190977303646732977850
175,8044414145212477297622050146331134834686845190977303646732977850
28,8044414145212478440804226038005858342497671808838956779339730436
127,8044414145212478430179949069451642175702518431316646095224061058
176,8044414145212473439926804312960109516372997801175902206089050156
76,8044414145212473439926804312960109516372997801175902206089050156
126,8044414145212478383802536352498915413049323050988273845662124848
27,8044414145212478430179949069451642175702518431316646095224061058
77,8044414145212456600199934208717872550956442451426693825897757840
177,8044414145212456600199934208717872550956442451426693825897757840
78,8044414145212383090920980177673669129099616920484816412451155928
178,8044414145212383090920980177673669129099616920484816412451155928
26,8044414145212478383802536352498915413049323050988273845662124848
125,8044414145212478181354462090850161450188281238526906218632779072
25,8044414145212478181354462090850161450188281238526906218632779072
79,8044414145212062206020196513821263274173278880635110167212614760
179,8044414145212062206020196513821263274173278880635110167212614760
180,8044414145210661469558298046169186116190155951701081508465580590
80,8044414145210661469558298046169186116190155951701081508465580590
181,8044414145204546931132849707142959280492299212383035318587452168
81,8044414145204546931132849707142959280492299212383035318587452168
24,8044414145212477297622050146331134834686845190977303646732977850
124,8044414145212477297622050146331134834686845190977303646732977850
23,8044414145212473439926804312960109516372997801175902206089050156
123,8044414145212473439926804312960109516372997801175902206089050156
182,8044414145177855550524938155766880209829579098453074795849271240
82,8044414145177855550524938155766880209829579098453074795849271240
122,8044414145212456600199934208717872550956442451426693825897757840
22,8044414145212456600199934208717872550956442451426693825897757840
83,8044414145061341497516281768248927903612287248394469916807458766
183,8044414145061341497516281768248927903612287248394469916807458766
21,8044414145212383090920980177673669129099616920484816412451155928
121,8044414145212383090920980177673669129099616920484816412451155928
84,8044414144552731566197685157680919081357706778888397677262229320
184,8044414144552731566197685157680919081357706778888397677262229320
85,8044414142332543916053479549752784614942022694433856322253510552
20,8044414145212062206020196513821263274173278880635110167212614760
120,8044414145212062206020196513821263274173278880635110167212614760
185,8044414142332543916053479549752784614942022694433856322253510552
86,8044414132640996468161933265394624545178472084654546444285031888
19,8044414145210661469558298046169186116190155951701081508465580590
119,8044414145210661469558298046169186116190155951701081508465580590
87,8044414090335186220148875400142420306211645928743658246573618508
186,8044414132640996468161933265394624545178472084654546444285031888
187,8044414090335186220148875400142420306211645928743658246573618508
118,8044414145204546931132849707142959280492299212383035318587452168
18,8044414145204546931132849707142959280492299212383035318587452168
117,8044414145177855550524938155766880209829579098453074795849271240
17,8044414145177855550524938155766880209829579098453074795849271240
88,8044413905654031167941750398066561275323378957116053682535192346
188,8044413905654031167941750398066561275323378957116053682535192346
16,8044414145061341497516281768248927903612287248394469916807458766
116,8044414145061341497516281768248927903612287248394469916807458766
89,8044413099396974545222278519362670153155457754277975455003079552
189,8044413099396974545222278519362670153155457754277975455003079552
90,8044409579461526176183809095094523983297400929965139915585111792
15,8044414144552731566197685157680919081357706778888397677262229320
115,8044414144552731566197685157680919081357706778888397677262229320
91,8044394215601939566786140183949545432081975852504363405418719266
190,8044409579461526176183809095094523983297400929965139915585111792
114,8044414142332543916053479549752784614942022694433856322253510552
14,8044414142332543916053479549752784614942022694433856322253510552
92,8044327203009363603974753718997741752581381869018554107916308708
191,8044394215601939566786140183949545432081975852504363405418719266
113,8044414132640996468161933265394624545178472084654546444285031888
13,8044414132640996468161933265394624545178472084654546444285031888
93,8044035210943173502860218077461539127581210356527570228566707968
192,8044327203009363603974753718997741752581381869018554107916308708
193,8044035210943173502860218077461539127581210356527570228566707968
12,8044414090335186220148875400142420306211645928743658246573618508
112,8044414090335186220148875400142420306211645928743658246573618508
111,8044413905654031167941750398066561275323378957116053682535192346
11,8044413905654031167941750398066561275323378957116053682535192346
94,8042762541797427447124126340363929059175957899743018056344908712
194,8042762541797427447124126340363929059175957899743018056344908712
95,8037186193502496735545977994807751315870911331200346567665418160
109,8044409579461526176183809095094523983297400929965139915585111792
110,8044413099396974545222278519362670153155457754277975455003079552
10,8044413099396974545222278519362670153155457754277975455003079552
96,8012430246345635221678802247674217681502880315751984830935510086
195,8037186193502496735545977994807751315870911331200346567665418160
9,8044409579461526176183809095094523983297400929965139915585111792
108,8044394215601939566786140183949545432081975852504363405418719266
196,8012430246345635221678802247674217681502880315751984830935510086
97,7901093093136508057518662364187787848615382112565547060884962840
197,7901093093136508057518662364187787848615382112565547060884962840
198,7409935489749835988240059772636951447758302778944412381834382648
98,7409935489749835988240059772636951447758302778944412381834382648
107,8044327203009363603974753718997741752581381869018554107916308708
8,8044394215601939566786140183949545432081975852504363405418719266
199,5475829067718087507937043061146893908789237543675670634621856950
7,8044327203009363603974753718997741752581381869018554107916308708
99,5475829067718087507937043061146893908789237543675670634621856950
106,8044035210943173502860218077461539127581210356527570228566707968
105,8042762541797427447124126340363929059175957899743018056344908712
6,8044035210943173502860218077461539127581210356527570228566707968
5,8042762541797427447124126340363929059175957899743018056344908712
104,8037186193502496735545977994807751315870911331200346567665418160
103,8012430246345635221678802247674217681502880315751984830935510086
4,8037186193502496735545977994807751315870911331200346567665418160
102,7901093093136508057518662364187787848615382112565547060884962840
3,8012430246345635221678802247674217681502880315751984830935510086
2,7901093093136508057518662364187787848615382112565547060884962840
101,7409935489749835988240059772636951447758302778944412381834382648
1,7409935489749835988240059772636951447758302778944412381834382648
100,5475829067718087507937043061146893908789237543675670634621856950
0,5475829067718087507937043061146893908789237543675670634621856950
