48,32049880435143536241413369783131105621553387827054671611653545973217184
148,32049880435143536241413369783131105621553387827054671611653545973217184
147,32049880435143536241413369783131101496909229684443266975631503106671760
47,32049880435143536241413369783131101496909229684443266975631503106671760
49,32049880435143536241413369783131106400955308870162180445668930270020100
46,32049880435143536241413369783131080448433937694246124703894267052362476
146,32049880435143536241413369783131080448433937694246124703894267052362476
149,32049880435143536241413369783131106400955308870162180445668930270020100
150,32049880435143536241413369783131106400955308870162180445668930270020100
50,32049880435143536241413369783131106400955308870162180445668930270020100
45,32049880435143536241413369783130973183218357007719673434968864220525916
145,32049880435143536241413369783130973183218357007719673434968864220525916
51,32049880435143536241413369783131105621553387827054671611653545973217184
52,32049880435143536241413369783131101496909229684443266975631503106671760
151,32049880435143536241413369783131105621553387827054671611653545973217184
152,32049880435143536241413369783131101496909229684443266975631503106671760
143,32049880435143536241413369783127641170140983298531276245596805691615040
144,32049880435143536241413369783130426577402573204254224145613568144362096
44,32049880435143536241413369783130426577402573204254224145613568144362096
43,32049880435143536241413369783127641170140983298531276245596805691615040
153,32049880435143536241413369783131080448433937694246124703894267052362476
53,32049880435143536241413369783131080448433937694246124703894267052362476
141,32049880435143536241413369783041117378311993275252028829506654619936500
142,32049880435143536241413369783113447224926415083441212189446083135000084
42,32049880435143536241413369783113447224926415083441212189446083135000084
41,32049880435143536241413369783041117378311993275252028829506654619936500
54,32049880435143536241413369783130973183218357007719673434968864220525916
154,32049880435143536241413369783130973183218357007719673434968864220525916
55,32049880435143536241413369783130426577402573204254224145613568144362096
40,32049880435143536241413369782672537210780314594925694439713903479670528
140,32049880435143536241413369782672537210780314594925694439713903479670528
139,32049880435143536241413369780794317551887603098885171094773368224224688
156,32049880435143536241413369783127641170140983298531276245596805691615040
56,32049880435143536241413369783127641170140983298531276245596805691615040
155,32049880435143536241413369783130426577402573204254224145613568144362096
39,32049880435143536241413369780794317551887603098885171094773368224224688
57,32049880435143536241413369783113447224926415083441212189446083135000084
137,32049880435143536241413369722450717646953064268587841644393880320891084
138,32049880435143536241413369771223240745099568788781509811457014491957628
38,32049880435143536241413369771223240745099568788781509811457014491957628
58,32049880435143536241413369783041117378311993275252028829506654619936500
158,32049880435143536241413369783041117378311993275252028829506654619936500
157,32049880435143536241413369783113447224926415083441212189446083135000084
136,32049880435143536241413369473914521087346058987556932422841209198819152
37,32049880435143536241413369722450717646953064268587841644393880320891084
59,32049880435143536241413369782672537210780314594925694439713903479670528
159,32049880435143536241413369782672537210780314594925694439713903479670528
36,32049880435143536241413369473914521087346058987556932422841209198819152
60,32049880435143536241413369780794317551887603098885171094773368224224688
160,32049880435143536241413369780794317551887603098885171094773368224224688
61,32049880435143536241413369771223240745099568788781509811457014491957628
35,32049880435143536241413368207417786409332794545211603630901425270982112
135,32049880435143536241413368207417786409332794545211603630901425270982112
134,32049880435143536241413361753573290823019812095151585976055843103324964
62,32049880435143536241413369722450717646953064268587841644393880320891084
161,32049880435143536241413369771223240745099568788781509811457014491957628
34,32049880435143536241413361753573290823019812095151585976055843103324964
163,32049880435143536241413369473914521087346058987556932422841209198819152
63,32049880435143536241413369473914521087346058987556932422841209198819152
162,32049880435143536241413369722450717646953064268587841644393880320891084
132,32049880435143536241413161276230058784679164552041815018897770294175072
133,32049880435143536241413328865918452253075475715107908539295403266411748
33,32049880435143536241413328865918452253075475715107908539295403266411748
64,32049880435143536241413368207417786409332794545211603630901425270982112
65,32049880435143536241413361753573290823019812095151585976055843103324964
164,32049880435143536241413368207417786409332794545211603630901425270982112
131,32049880435143536241412307268764875656486299406885699882046115797478864
32,32049880435143536241413161276230058784679164552041815018897770294175072
31,32049880435143536241412307268764875656486299406885699882046115797478864
165,32049880435143536241413361753573290823019812095151585976055843103324964
66,32049880435143536241413328865918452253075475715107908539295403266411748
130,32049880435143536241407955397275519224087932684765278302512630474432780
30,32049880435143536241407955397275519224087932684765278302512630474432780
167,32049880435143536241413161276230058784679164552041815018897770294175072
67,32049880435143536241413161276230058784679164552041815018897770294175072
166,32049880435143536241413328865918452253075475715107908539295403266411748
128,32049880435143536241272772069790888360597355204940585684273002670857008
29,32049880435143536241385779022986373869277666178495350322207183153759548
129,32049880435143536241385779022986373869277666178495350322207183153759548
28,32049880435143536241272772069790888360597355204940585684273002670857008
68,32049880435143536241412307268764875656486299406885699882046115797478864
169,32049880435143536241407955397275519224087932684765278302512630474432780
69,32049880435143536241407955397275519224087932684765278302512630474432780
168,32049880435143536241412307268764875656486299406885699882046115797478864
27,32049880435143536240696908110854875627061758818229590064966088167932800
127,32049880435143536240696908110854875627061758818229590064966088167932800
126,32049880435143536237762405358393954291823048495956058556855521711585588
26,32049880435143536237762405358393954291823048495956058556855521711585588
125,32049880435143536222808707164761319542736227686486498390762042601866196
170,32049880435143536241385779022986373869277666178495350322207183153759548
70,32049880435143536241385779022986373869277666178495350322207183153759548
25,32049880435143536222808707164761319542736227686486498390762042601866196
171,32049880435143536241272772069790888360597355204940585684273002670857008
71,32049880435143536241272772069790888360597355204940585684273002670857008
72,32049880435143536240696908110854875627061758818229590064966088167932800
24,32049880435143536146607517040966297455487315409770381859115760232342208
123,32049880435143535758301541969524767026246274525023838654322597637225712
124,32049880435143536146607517040966297455487315409770381859115760232342208
73,32049880435143536237762405358393954291823048495956058556855521711585588
172,32049880435143536240696908110854875627061758818229590064966088167932800
23,32049880435143535758301541969524767026246274525023838654322597637225712
122,32049880435143533779569865212713765890542327768174545804056129835418012
173,32049880435143536237762405358393954291823048495956058556855521711585588
174,32049880435143536222808707164761319542736227686486498390762042601866196
74,32049880435143536222808707164761319542736227686486498390762042601866196
22,32049880435143533779569865212713765890542327768174545804056129835418012
121,32049880435143523696262102421162056690032747919504132049021330632329900
21,32049880435143523696262102421162056690032747919504132049021330632329900
75,32049880435143536146607517040966297455487315409770381859115760232342208
175,32049880435143536146607517040966297455487315409770381859115760232342208
76,32049880435143535758301541969524767026246274525023838654322597637225712
176,32049880435143535758301541969524767026246274525023838654322597637225712
77,32049880435143533779569865212713765890542327768174545804056129835418012
177,32049880435143533779569865212713765890542327768174545804056129835418012
20,32049880435143472312559564821145770780033769541423357034128310688925200
120,32049880435143472312559564821145770780033769541423357034128310688925200
119,32049880435143210461816465079586362836004996187235363255730415338721312
19,32049880435143210461816465079586362836004996187235363255730415338721312
78,32049880435143523696262102421162056690032747919504132049021330632329900
178,32049880435143523696262102421162056690032747919504132049021330632329900
118,32049880435141876079700088579972343739177804550486711953221636125325380
18,32049880435141876079700088579972343739177804550486711953221636125325380
179,32049880435143472312559564821145770780033769541423357034128310688925200
79,32049880435143472312559564821145770780033769541423357034128310688925200
17,32049880435135076429407452245861889798738199510282369352846402887883716
117,32049880435135076429407452245861889798738199510282369352846402887883716
80,32049880435143210461816465079586362836004996187235363255730415338721312
180,32049880435143210461816465079586362836004996187235363255730415338721312
81,32049880435141876079700088579972343739177804550486711953221636125325380
181,32049880435141876079700088579972343739177804550486711953221636125325380
182,32049880435135076429407452245861889798738199510282369352846402887883716
82,32049880435135076429407452245861889798738199510282369352846402887883716
16,32049880435100430524671129964672182621272868092069075640625584410185504
116,32049880435100430524671129964672182621272868092069075640625584410185504
115,32049880434923918724361611068117235474809765963824065255817602758390544
15,32049880434923918724361611068117235474809765963824065255817602758390544
113,32049880429441657311714344598624049994195093274606407133802327040768284
14,32049880434024628325194149468341941611603848828122039839999366847322924
114,32049880434024628325194149468341941611603848828122039839999366847322924
13,32049880429441657311714344598624049994195093274606407133802327040768284
83,32049880435100430524671129964672182621272868092069075640625584410185504
183,32049880435100430524671129964672182621272868092069075640625584410185504
84,32049880434923918724361611068117235474809765963824065255817602758390544
12,32049880406071502739973800181652197136081045170066757797925864406042608
112,32049880406071502739973800181652197136081045170066757797925864406042608
185,32049880434024628325194149468341941611603848828122039839999366847322924
184,32049880434923918724361611068117235474809765963824065255817602758390544
85,32049880434024628325194149468341941611603848828122039839999366847322924
111,32049880286814674837086032878245686440336933725460835806826701167893440
11,32049880286814674837086032878245686440336933725460835806826701167893440
86,32049880429441657311714344598624049994195093274606407133802327040768284
110,32049879678214591975475509043286483945374121414946194772698766129989716
10,32049879678214591975475509043286483945374121414946194772698766129989716
187,32049880406071502739973800181652197136081045170066757797925864406042608
186,32049880429441657311714344598624049994195093274606407133802327040768284
87,32049880406071502739973800181652197136081045170066757797925864406042608
9,32049876577492616021443673080060834766535679575319331828615845210397876
109,32049876577492616021443673080060834766535679575319331828615845210397876
188,32049880286814674837086032878245686440336933725460835806826701167893440
88,32049880286814674837086032878245686440336933725460835806826701167893440
89,32049879678214591975475509043286483945374121414946194772698766129989716
108,32049860842537701292933559294816106144810748710067393923486614999596672
107,32049781392693358677111265311965017846482037165046643902343714387292208
8,32049860842537701292933559294816106144810748710067393923486614999596672
189,32049879678214591975475509043286483945374121414946194772698766129989716
90,32049876577492616021443673080060834766535679575319331828615845210397876
7,32049781392693358677111265311965017846482037165046643902343714387292208
190,32049876577492616021443673080060834766535679575319331828615845210397876
91,32049860842537701292933559294816106144810748710067393923486614999596672
105,32047340738838694774143831734962488212984704012400971187152279158901772
6,32049380779953050851395089722756677845166008943307740925830012531252156
106,32049380779953050851395089722756677845166008943307740925830012531252156
92,32049781392693358677111265311965017846482037165046643902343714387292208
191,32049860842537701292933559294816106144810748710067393923486614999596672
5,32047340738838694774143831734962488212984704012400971187152279158901772
192,32049781392693358677111265311965017846482037165046643902343714387292208
93,32049380779953050851395089722756677845166008943307740925830012531252156
193,32049380779953050851395089722756677845166008943307740925830012531252156
104,32036680441195239947545287553862624146820944309733504031776752145944336
103,31979157719741841484527782278176593678740673044727985165276242959062880
4,32036680441195239947545287553862624146820944309733504031776752145944336
94,32047340738838694774143831734962488212984704012400971187152279158901772
194,32047340738838694774143831734962488212984704012400971187152279158901772
3,31979157719741841484527782278176593678740673044727985165276242959062880
95,32036680441195239947545287553862624146820944309733504031776752145944336
195,32036680441195239947545287553862624146820944309733504031776752145944336
2,31665975866826404155355182819917593242830100103000811588901942617252292
101,30046307631649506301697555123236421940139780145311367989241810635403612
102,31665975866826404155355182819917593242830100103000811588901942617252292
1,30046307631649506301697555123236421940139780145311367989241810635403612
96,31979157719741841484527782278176593678740673044727985165276242959062880
100,22840936579858381778124208797663487825933450411252908961814164590796516
196,31979157719741841484527782278176593678740673044727985165276242959062880
97,31665975866826404155355182819917593242830100103000811588901942617252292
0,22840936579858381778124208797663487825933450411252908961814164590796516
197,31665975866826404155355182819917593242830100103000811588901942617252292
98,30046307631649506301697555123236421940139780145311367989241810635403612
198,30046307631649506301697555123236421940139780145311367989241810635403612
199,22840936579858381778124208797663487825933450411252908961814164590796516
99,22840936579858381778124208797663487825933450411252908961814164590796516
