1,0
2,1
5,2
6,3
11,4
12,5
13,6
14,7
15,8
16,9
17,10
18,11
19,12
20,13
23,14
24,15
25,16
26,17
29,18
30,19
31,20
32,21
33,22
34,23
35,24
36,25
39,26
40,27
41,28
42,29
45,30
46,31
49,32
50,33
53,34
54,35
57,36
58,37
67,38
68,39
75,40
76,41
77,42
78,43
79,44
82,45
83,46
84,47
85,48
86,49
87,50
90,51
91,52
92,53
93,54
94,55
95,56
96,57
103,58
104,59
105,60
106,61
107,62
110,63
111,64
112,65
113,66
114,67
115,68
116,69
117,70
118,71
119,72
122,73
123,74
128,75
129,76
130,77
131,78
132,79
136,80
137,81
143,82
144,83
145,84
146,85
148,86
149,87
152,88
153,89
154,90
155,91
156,92
159,93
160,94
163,95
164,96
168,97
169,98
170,99
171,100
172,101
173,102
174,103
175,104
176,105
177,106
178,107
179,108
180,109
181,110
185,111
186,112
187,113
192,114
193,115
194,116
195,117
196,118
197,119
198,120
201,121
202,122
206,123
207,124
209,125
210,126
211,127
212,128
213,129
215,130
216,131
217,132
218,133
223,134
224,135
228,136
229,137
232,138
235,139
236,140
237,141
238,142
239,143
240,144
241,145
242,146
245,147
246,148
249,149
251,150
252,151
253,152
254,153
255,154
256,155
257,156
258,157
259,158
264,159
267,160
268,161
270,162
275,163
278,164
279,165
280,166
281,167
282,168
289,169
300,170
308,171
309,172
310,173
311,174
312,175
317,176
318,177
319,178
320,179
325,180
326,181
327,182
328,183
329,184
331,185
332,186
335,187
336,188
337,189
338,190
343,191
344,192
345,193
348,194
349,195
350,196
351,197
352,198
353,199
354,200
358,201
359,202
361,203
364,204
365,205
368,206
371,207
372,208
375,209
376,210
377,211
378,212
381,213
383,214
384,215
385,216
386,217
387,218
388,219
389,220
390,221
391,222
392,223
393,224
394,225
395,226
396,227
397,228
398,229
399,230
402,231
403,232
406,233
407,234
408,235
409,236
410,237
411,238
420,239
423,240
430,241
433,242
435,243
436,244
441,245
442,246
443,247
444,248
445,249
446,250
447,251
448,252
451,253
453,254
454,255
455,256
456,257
459,258
460,259
461,260
465,261
466,262
467,263
468,264
469,265
470,266
471,267
472,268
473,269
474,270
478,271
479,272
480,273
481,274
483,275
484,276
485,277
486,278
487,279
491,280
492,281
493,282
500,283
501,284
504,285
505,286
506,287
507,288
508,289
509,290
510,291
511,292
512,293
513,294
516,295
518,296
519,297
520,298
521,299
522,300
524,301
525,302
527,303
528,304
529,305
530,306
531,307
532,308
533,309
534,310
535,311
537,312
538,313
539,314
542,315
543,316
544,317
545,318
546,319
547,320
548,321
549,322
550,323
551,324
553,325
554,326
555,327
559,328
562,329
565,330
566,331
567,332
570,333
571,334
572,335
573,336
574,337
577,338
578,339
579,340
580,341
581,342
583,343
584,344
585,345
588,346
589,347
593,348
594,349
595,350
596,351
597,352
598,353
600,354
601,355
602,356
603,357
604,358
607,359
608,360
609,361
611,362
615,363
616,364
617,365
618,366
621,367
622,368
623,369
627,370
635,371
638,372
639,373
642,374
643,375
646,376
649,377
651,378
652,379
657,380
662,381
663,382
664,383
667,384
668,385
669,386
673,387
680,388
683,389
684,390
685,391
687,392
688,393
689,394
690,395
691,396
694,397
695,398
696,399
699,400
700,401
701,402
702,403
704,404
708,405
709,406
710,407
714,408
715,409
716,410
717,411
718,412
719,413
720,414
721,415
722,416
723,417
724,418
725,419
726,420
727,421
728,422
731,423
732,424
734,425
737,426
744,427
747,428
759,429
760,430
761,431
764,432
766,433
769,434
770,435
771,436
775,437
776,438
780,439
781,440
782,441
783,442
784,443
785,444
786,445
787,446
791,447
794,448
795,449
798,450
808,451
809,452
813,453
814,454
815,455
816,456
817,457
818,458
822,459
823,460
824,461
829,462
830,463
831,464
832,465
834,466
836,467
837,468
840,469
842,470
843,471
846,472
847,473
849,474
850,475
851,476
852,477
853,478
858,479
859,480
860,481
861,482
862,483
864,484
873,485
876,486
877,487
878,488
881,489
883,490
885,491
886,492
889,493
890,494
891,495
893,496
894,497
895,498
900,499
901,500
905,501
906,502
907,503
908,504
909,505
910,506
911,507
912,508
913,509
915,510
924,511
927,512
928,513
929,514
930,515
931,516
932,517
935,518
939,519
940,520
943,521
948,522
949,523
952,524
953,525
954,526
957,527
960,528
961,529
962,530
964,531
965,532
966,533
967,534
974,535
976,536
978,537
979,538
980,539
981,540
982,541
984,542
985,543
986,544
987,545
990,546
991,547
992,548
996,549
997,550
1000,551
1001,552
1002,553
1003,554
1004,555
1005,556
1006,557
1007,558
1009,559
1012,560
1013,561
1014,562
1015,563
1016,564
1017,565
1020,566
1027,567
1028,568
1029,569
1031,570
1032,571
1040,572
1049,573
1050,574
1053,575
1054,576
1055,577
1058,578
1059,579
1060,580
1061,581
1063,582
1064,583
1070,584
1071,585
1072,586
1073,587
1074,588
1075,589
1076,590
1077,591
1078,592
1081,593
1082,594
1083,595
1084,596
1087,597
1088,598
1089,599
1090,600
1092,601
1099,602
1100,603
1105,604
1106,605
1107,606
1111,607
1112,608
1115,609
1118,610
1119,611
1120,612
1126,613
1127,614
1135,615
1139,616
1141,617
1145,618
1146,619
1152,620
1153,621
1157,622
1160,623
1161,624
1164,625
1169,626
1172,627
1173,628
1174,629
1175,630
1180,631
1181,632
1182,633
1185,634
1186,635
1189,636
1191,637
1192,638
1195,639
1197,640
1198,641
1199,642
1200,643
1205,644
1206,645
1207,646
1208,647
1212,648
1213,649
1215,650
1217,651
1218,652
1219,653
1220,654
1222,655
1224,656
1230,657
1231,658
1233,659
1234,660
1238,661
1239,662
1240,663
1241,664
1242,665
1245,666
1249,667
1252,668
1254,669
1255,670
1256,671
1261,672
1265,673
1267,674
1268,675
1269,676
1270,677
1271,678
1274,679
1275,680
1276,681
1279,682
1280,683
1281,684
1282,685
1283,686
1286,687
1287,688
1288,689
1291,690
1292,691
1293,692
1295,693
1296,694
1298,695
1300,696
1303,697
1304,698
1309,699
1310,700
1311,701
1312,702
1313,703
1314,704
1315,705
1316,706
1317,707
1318,708
1319,709
1320,710
1329,711
1330,712
1333,713
1334,714
1338,715
1339,716
1340,717
1344,718
1345,719
1347,720
1350,721
1351,722
1352,723
1354,724
1355,725
1356,726
1357,727
1358,728
1359,729
1361,730
1364,731
1365,732
1366,733
1367,734
1370,735
1371,736
1372,737
1373,738
1377,739
1378,740
1379,741
1380,742
1381,743
1383,744
1384,745
1386,746
1387,747
1388,748
1390,749
1393,750
1394,751
1396,752
1397,753
1399,754
1400,755
1403,756
1405,757
1407,758
1408,759
1411,760
1413,761
1415,762
1416,763
1417,764
1418,765
1419,766
1420,767
1421,768
1422,769
1424,770
1425,771
1426,772
1427,773
1428,774
1429,775
1430,776
1432,777
1433,778
1434,779
1435,780
1436,781
1437,782
1440,783
1441,784
1442,785
1445,786
1448,787
1451,788
1452,789
1453,790
1455,791
1456,792
1457,793
1458,794
1462,795
1463,796
1464,797
1465,798
1466,799
1467,800
1468,801
1469,802
1470,803
1473,804
1475,805
1476,806
1477,807
1479,808
1481,809
1482,810
1483,811
1484,812
1486,813
1487,814
1488,815
1490,816
1493,817
1495,818
1496,819
1497,820
1499,821
1500,822
1503,823
1504,824
1505,825
1511,826
1512,827
1515,828
1516,829
1520,830
1521,831
1522,832
1529,833
1531,834
1533,835
1535,836
1536,837
1538,838
1541,839
1542,840
1545,841
1546,842
1548,843
1549,844
1550,845
1554,846
1555,847
1556,848
1558,849
1559,850
1560,851
1561,852
1562,853
1564,854
1565,855
1566,856
1568,857
1570,858
1572,859
1573,860
1578,861
1579,862
1581,863
1584,864
1588,865
1591,866
1593,867
1594,868
1595,869
1596,870
1597,871
1599,872
1602,873
1604,874
1605,875
1613,876
1614,877
1615,878
1616,879
1617,880
1618,881
1619,882
1620,883
1622,884
1624,885
1626,886
1629,887
1633,888
1634,889
1636,890
1637,891
1638,892
1639,893
1641,894
1643,895
1644,896
1645,897
1646,898
1648,899
1649,900
1651,901
1652,902
1654,903
1656,904
1662,905
1664,906
1665,907
1666,908
1667,909
1668,910
1669,911
1673,912
1674,913
1676,914
1677,915
1678,916
1681,917
1683,918
1685,919
1687,920
1688,921
1689,922
1691,923
1692,924
1693,925
1695,926
1696,927
1697,928
1698,929
1699,930
1701,931
1702,932
1703,933
1705,934
1706,935
1708,936
1711,937
1712,938
1713,939
1714,940
1715,941
1716,942
1717,943
1718,944
1719,945
1720,946
1724,947
1726,948
1727,949
1731,950
1732,951
1733,952
1735,953
1736,954
1739,955
1740,956
1741,957
1744,958
1745,959
1746,960
1748,961
1749,962
1750,963
1751,964
1752,965
1755,966
1756,967
1761,968
1763,969
1767,970
1770,971
1773,972
1776,973
1783,974
1787,975
1788,976
1789,977
1790,978
1794,979
1796,980
1800,981
1801,982
1803,983
1804,984
1805,985
1806,986
1810,987
1812,988
1813,989
1814,990
1816,991
1820,992
1822,993
1823,994
1827,995
1828,996
1829,997
1830,998
1832,999
1833,1000
1835,1001
1836,1002
1838,1003
1840,1004
1842,1005
1846,1006
1847,1007
1848,1008
1849,1009
1852,1010
1854,1011
1857,1012
1858,1013
1860,1014
1863,1015
1864,1016
1865,1017
1868,1018
1870,1019
1872,1020
1874,1021
1875,1022
1876,1023
1877,1024
