323,5728695304366889189524770445979576579562897292486831549561335583192617642267490219878464768629079204802510177605895634642589324222625621492531652385031597802681878418125958525506638339034597564364982482918450
44,6611223273532088302136941789522494586501548514259955561371539932444254610143838636268051224237261374227938321687309443424709580314712525550964180227029688132904618433145898964737015412415894254810901662888720
175,6376545583096823792818149450098703026061939056950527314893498965537616166465367385401744136109547740696931214580214716812805778994973118665250697792842512014300824337677162283810118989900451291343187853950171
176,6376545583096823792818149450098703026061939056950527314893498965537616166465367385401744136109547740696931214580214716812805778994973118665250697792842512014300824337677162283810118989900451291343187853950171
45,6376545583096823792818149450098703026061939056950527314893498965537616166465367385401744136109547740696931214580214716812805778994973118665250697792842512014300824337677162283810118989900451291343187853950171
46,6376545583096823792818149450098703026061939056950527314893498965537616166465367385401744136109547740696931214580214716812805778994973118665250697792842512014300824337677162283810118989900451291343187853950171
248,5238664893456254145353128367571228947496367238775215341734603574245583771396885781618421525387088021265279647643066526133333468484298001414019717076856902024087574885676291165911884331354147622575676337293273
367,5954379029328305886079270087883308375649384671346345236482633233519695093257763002470451117545305018702904042875823051933724427773601578357408191637289524993727624753067247427782078450528409528383337768612282
14,6805477797332427957103688081414162174212414856253763109254063930227150852159370350678934278308185390575472555167428033328555130639674566369144885871610926282539753695959190099204479475136217911272152143847960
165,5883241008899909710849611109306620689980751237947036925143345583525760128982540674918468392248401418205331762050248902478016595550577948270043518357625893272317253583772748253983444485756867199076137750450189
370,4609444919427934203462410566990930521116139733673441094288745506932550542071829197301157534496050510906167150221223657070049194195782815804513641419310304082325888243097457288386422839956383541674301992540377
278,4536985198221618638069125387609441449474943237502508739502709286818100568106246900452622852205456927050315036778285355552370087093116377579429923914407284188359835797306126732802986316757478607514768095898642
15,6800658555417799529815828494412887539421231633795318657046039862237750379122199116992302545206072381079993999533154958339795425260780786430635224169804735985539899095192714984812936728470498318314925629769936
153,5300815644936633056862159135587497917391396357794137812830377211524119333431610285241123639258497664066745472119935232444323773984605464706996060188634602922268123041461483329902227803381794977968419292601314
366,5954379029328305886079270087883308375649384671346345236482633233519695093257763002470451117545305018702904042875823051933724427773601578357408191637289524993727624753067247427782078450528409528383337768612282
164,5883241008899909710849611109306620689980751237947036925143345583525760128982540674918468392248401418205331762050248902478016595550577948270043518357625893272317253583772748253983444485756867199076137750450189
3,6805478788673409070928739337251982852193950080652248118814464620943311716768992996932714788871123802680762146371639270974570548366614491512374664478551033298788606848256043926229497945686322057309694478899104
329,5912889703964425406554864807661024410795127999445078803114229559665554781090551221433304715932838993826540902284151815240522174329912330789385789025893678462178183909578509050290906273014991986852613229644344
372,5718238878430748836428850210351983680551874996507492685207610422520004647491295947638234931897230667915365189300419523423696109767017603739426739412912033557160101713079007399606607668328786945869114324401538
327,5575222350581739999133693222871851725407010077679227574409634748759405910356352997952576141598029474925999255215501923782123638816229195219558811532255041007023905892918552296239303358069708058846831052565933
350,6641983749809539493076324947795325063418281976541097945322957972862158241692759371977996629484352096342515439153903340197089215664217731839194827937050368650085847250377693059822962571267682736961491919325371
163,5883241008899909710849611109306620689980751237947036925143345583525760128982540674918468392248401418205331762050248902478016595550577948270043518357625893272317253583772748253983444485756867199076137750450189
322,5728695304366889189524770445979576579562897292486831549561335583192617642267490219878464768629079204802510177605895634642589324222625621492531652385031597802681878418125958525506638339034597564364982482918450
152,5300815644936633056862159135587497917391396357794137812830377211524119333431610285241123639258497664066745472119935232444323773984605464706996060188634602922268123041461483329902227803381794977968419292601314
69,7105234791422339582268193499750499884026234360184475656703454096935650185672044540190957607771117423351741996964979163279924614289225693793892594172255905919711291568622619102030281291301382406009310496735198
302,7051509685313374012837945645186924516939461668250248223873529509608786238678217291492585989761291949945925074236441486865040562669047608607588829300879488349556794284904797654091902537790502181861158351796038
378,5575222350581739999133693222871851725407010077679227574409634748759405910356352997952576141598029474925999255215501923782123638816229195219558811532255041007023905892918552296239303358069708058846831052565933
151,3402739394336704535464369668625991426096975040326124059407232310471655858384496498466357394435561901340381073185819635487285274183307245756187332239275516649394303424128021963114748972843161028654847239449553
277,4536985198221618638069125387609441449474943237502508739502709286818100568106246900452622852205456927050315036778285355552370087093116377579429923914407284188359835797306126732802986316757478607514768095898642
373,5287576642545060071679419253561193350790382034311333498042555073774842400387667201373203288085464622797294369071513990869428915242547261899014984426282097266522636921779016078395204877776120254315970585715026
119,4949850767111157978550673230586655128536518001134545747457363909700064012789748005863765513017754661063286805220834166901674613714856652336957939944584888890990569587472428651167470612204104146499722625050191
118,7071215381587368540786676043695221612195025715906493924939091299571520018271068579805379304311078087233266864601191667002392305306938074767082771349406984129986527982103469501667815160291577352142460892928840
328,5575222350581739999133693222871851725407010077679227574409634748759405910356352997952576141598029474925999255215501923782123638816229195219558811532255041007023905892918552296239303358069708058846831052565933
117,5656972305269894832629340834956177289756020572725195139951273039657216014616854863844303443448862469786613491680953333601913844245550459813666217079525587303989222385682775601334252128233261881713968714343076
208,2828486152634947416314670417478088644878010286362597569975636519828608007308427431922151721724431234893306745840476666800956922122775229906833108539762793651994611192841387800667126064116630940856984357171539
340,4491672428570035037504393897183006961429934564971249728891527699165540074023239187513123332556104474900897248982781702532946875324921907638212984749119424683540726006356606536619717635580555228116208861212722
127,6737508642855052556256590845774510442144901847456874593337291548748310111034858781269684998834156712351345873474172553799420312987382861457319477123679137025311089009534909804929576453370832842174313291819080
349,7464906932432335633007422549910487145096999275959595219699301415314794643268824142293403268683642812585950868965461982645758125372626441418743999551332576961026461528675394200930134444974071572691298514100626
334,5902078818267012026737335348420126044725806413363505137787133600375033739781629818434698362889658949149079677106162770405979812685559403756113433695811356131244290323966964182917940739061317657251292641088736
333,6837380926079817211302268272486703396075797593623295569458318706445394277779811592940743458648129493003305418286920805060479345843380292875934688215912609288654587697710362878571603479131143952662699671643748
145,5833267533148636346510348003358842444737671497701926958983826817951410042944851140228041247603820402297796125461405089406774755742812421296321140981615171398961663012790894793910998239159704620551166696199238
147,3888845022099090897673565335572561629825114331801284639322551211967606695296567426818694165069213601531864083640936726271183170495208280864214093987743447599307775341860596529273998826106469747034111130799494
348,7950468033286209517092386927667052213628032970251163225507074428994443527752501737580160488969069543367228154696459407955914218776844707431550729391600131511460679135155861296344357911126555885280354739973749
60,5883241008899909710849611109306620689980751237947036925143345583525760128982540674918468392248401418205331762050248902478016595550577948270043518357625893272317253583772748253983444485756867199076137750450189
365,5991337845144953546680903970437290556168713306987552239560786307608589116380897119189049730835294907854273261353049650879997289102484715075656487249267430989882514416298114254152735766631821117316649658729242
377,5575222350581739999133693222871851725407010077679227574409634748759405910356352997952576141598029474925999255215501923782123638816229195219558811532255041007023905892918552296239303358069708058846831052565933
126,6599259931171678362263051083863726936422498082580246932083720658510174769560525414317333840985382139945476548599702513960152475744341923345339303598109506491709647065871923799719547455793290627238575707522738
332,5902078818267012026737335348420126044725806413363505137787133600375033739781629818434698362889658949149079677106162770405979812685559403756113433695811356131244290323966964182917940739061317657251292641088736
71,6549894530246008800177205275513841943512168989163356101671555084609831937822978087540918093525989693730309333937095297496513890286733859982673606526226353456741121326204186690075440666683414831298582193193616
80,6727964402509302099168570208850301099894824103551082824082180454260443858120085044129663396362882545369856968686216633478998253884794152785493395784917480109286014763642359005371088826654147545866491112945908
339,4491672428570035037504393897183006961429934564971249728891527699165540074023239187513123332556104474900897248982781702532946875324921907638212984749119424683540726006356606536619717635580555228116208861212722
331,5902078818267012026737335348420126044725806413363505137787133600375033739781629818434698362889658949149079677106162770405979812685559403756113433695811356131244290323966964182917940739061317657251292641088736
125,6420742114229881629388276177945535248142733666338813068943673646254623382424837059217451826397725178174632299782205022813342800937001491200741528507578035524387562478136416824531829121259024613147159457671090
128,5401702909187125279228102756662524360879078456960628100185905284629184214191949365522291993126516688066063046115656844183637573911766524375329229032460888752590662956479564507835270294959256116041991698100760
326,5401702909187125279228102756662524360879078456960628100185905284629184214191949365522291993126516688066063046115656844183637573911766524375329229032460888752590662956479564507835270294959256116041991698100760
330,5902078818267012026737335348420126044725806413363505137787133600375033739781629818434698362889658949149079677106162770405979812685559403756113433695811356131244290323966964182917940739061317657251292641088736
362,3656770049175208315932694450297149386269609642972670040340061015150884814247087353119676757170418119381169547117925281945609228567862629058743615500968439138546609743477233054315294468524800448586453859163301
121,6803036472269502885765325043016122146237156228748192143740038324359734790771513258683055373768935758985587778790986666292039380054968750937621428827090628668616104879217667384231423291045909038823853548919502
48,7294140787744712608969194235075481003911794301101983740943569982476035491548566815771875123056112535211245356585357591573204615074357286610544294049677098759116844899455913148130242547296153679939027326501176
66,7313540098350416631865388900594298772539219285945340080680122030301769628494174706239353514340836238762339094235850563891218457135725258117487231001936878277093219486954466108630588937049600897172907718326600
347,7943750882959207727789319048071444409960308232862098023439589078552688897914155398063564585033681451780432588540130729405456941141351746107777105484812372897542655257594871215388070692774842757247770293830825
146,3888845022099090897673565335572561629825114331801284639322551211967606695296567426818694165069213601531864083640936726271183170495208280864214093987743447599307775341860596529273998826106469747034111130799494
260,4648257758850838677031337400891550556681849240353368220670653760654328607377304253819612403189975053900008064249390499001020312617183462808783067346400601101588513159066492580432670185928711512901318772363121
364,4648257758850838677031337400891550556681849240353368220670653760654328607377304253819612403189975053900008064249390499001020312617183462808783067346400601101588513159066492580432670185928711512901318772363121
17,6656154336387709472717277817730896339071888206863380257263248518267730364023184200237062242096523843159321629321259720001079527662256129922847790493053262017596103008184341646582330567346568441720096112493230
122,6225548984655863846858505730667900588905959869058654649622126571096347228088002004559540845085443508514143462492292833316622100246491800189135997139599339478460994141672101606265164712204975056266413435457912
28,3347292085559196622281327232653333474256609634205108877645604871580973971438044538461415221099580474463081221445723949089938840380978996342490502312806523102374415642194394526785871230948582812948116282050374
16,6694584171118393244562654465306666948513219268410217755291209743161947942876089076922830442199160948926162442891447898179877680761957992684981004625613046204748831284388789053571742461897165625896232564100746
247,5852947062971384143554248077239436234282789843044236946194332694120236116830123294137065487282546255272548699461615590395995578341789245351591745130512204819831791859357226203181176758825326325789584661628548
47,3647070393872356304484597117537740501955897150550991870471784991238017745774283407885937561528056267605622678292678795786602307537178643305272147024838549379558422449727956574065121273648076839969513663250589
182,6362973878670919509951850290172228109795395028620879433589071686840796918159388073332912341389374764758745949361694920308540196128694654277283320341207681896250864699525371044113615839130687252712768518862740
73,5480305246111386468174993009066019637247558218248165975575953510769893687134229057062645537934446253183980886264264679838910382336451950711379689013387713828325820968341211341347855105348838868571210690788689
70,6572607531047293832082404449664874250651219534988593092644981703562392366782247520807634450005872154070303567482110017413016739676258047564082098880647788030047776820000269149868771355332483111862362322360144
13,5666301126207952276292471015786921997575987754655913078972794075254955771481575480323043805767970966079955917732604455579590763915836158202321680879933799552933710934081289335716728719916641878644894896792465
19,4681559946019422995372129829561255049892743099206421269777782973247172488042260762150888238392342906462288243028204377931237985237214458290078534124286249110839879436744626096541575685142452026962837662493207
12,6687942780027747136245899756516078642703918713152030385396832818924532125774658231644126054846204152088983204326006254187482836053163511842969334463266070158342684909635180137916536693060645752804053803561720
273,4645543396246971097661563516854332868359330752696738297540351928656371426331030121282323878314944418785207277226471068293558178355827701666670374304862637676995273662757839623067793703288366699827945134599181
249,6306254728405284454795057289533508528972899944436836716907444243755450729060220103923914247999655535975824306270395873034341926922779539504776985552764535846337521292186451167943184722646057330246245082842646
358,5885438493054016916345840199920777565294945362411692094808945870346478017363163485900953908174961608970717337307430328312811262505267398623054251991772667756259848190394542430121537984674947558819863789025126
59,6730821015489043083270744817803494245398175493591947319626299020317122455645395124776562625356514219875823418624870107668759806602189556915836238279087548821675139835515121866219336502254550494840245927923170
2,4555916637666884478646638918869481322686610689447762245046657162542219503435718236864988977603678140969665295864722350765133165044067156855495788007446937656181647570074074237648938724718237775754905860131298
0,6833874956500326717969958378304221984029916034171643367569985743813329255153577355297483466405517211454497943797083526147699747566100735283243682011170406484272471355111111356473408087077356663632358790196944
120,6225548984655863846858505730667900588905959869058654649622126571096347228088002004559540845085443508514143462492292833316622100246491800189135997139599339478460994141672101606265164712204975056266413435457912
225,5043820757483045953010613034892619843130496059272648331503532434690875605858051521544381734028162923284371789128172802683598935955672591805163607587542674673857392749623769730090061335896276480808901874708267
214,7644305516280923563560571926128244886966534186097998919994910957854152002610875006570376435753946166527060833037174307229695444665427421273162592789027370850244280054618939206434091460879544943295145176854692
213,8456877500648770013242018922005258552516019910694928803484121585044026643256626604473497539587869164952197440948839897858810324529277545271623404617888861071030585062391222355302272345260585559617973872456502
72,6560157055784112160503629233674212475335556897510551324822226214208488188990192719062296130408693885853820837520802049979063683516449737008426299255140860960219368314226945961310157814713562026217582817365459
181,5819793181711206868858399655645330588227495453006901920965614347720241083682367140243517385417111065328121295147891695404152618410391452082881085677933855392912376249565888150103916926034165170164117547740310
79,6111257030197354485112664281946563871955528927528508717339405345532807962659687303368728364244423434116171331601311346459326515930034567822507088262013428622947773812775975153708450212534329059389238178529550
68,7037569648660340750235316932464218544192272020203681434149597810188812134616436865237238805335958648918593305048586030261112519102709961321753672942025416273552399110168466363920581287105684925632231978804801
234,4889980893230226677214581953331582275796435824716627281380932757568487971226049331747285172989179036425048489715992234321466552025449945500865879197667863225969085430747231654341848994718071213675628013385601
4,7042666545911768852477154677183872656672232318274265964451751858132323791801001972313856799554660936712151138592483544954978553401103136997251860264087968993195898298985560341540801170807575626309136447137536
313,6429976081865955277537017116027191069941174847099929380970705658590482391449345777682724698766082949265201687271884924330223152326736639942991315273463241211579703016248086252968622869416005779412014996666358
212,7644305516280923563560571926128244886966534186097998919994910957854152002610875006570376435753946166527060833037174307229695444665427421273162592789027370850244280054618939206434091460879544943295145176854692
1,4555916637666884478646638918869481322686610689447762245046657162542219503435718236864988977603678140969665295864722350765133165044067156855495788007446937656181647570074074237648938724718237775754905860131298
357,5885438493054016916345840199920777565294945362411692094808945870346478017363163485900953908174961608970717337307430328312811262505267398623054251991772667756259848190394542430121537984674947558819863789025126
149,7037813193695637341788327742474838325814250409114867748771967637601024811115813506933194881886279957019857434948643854461110289576581741739012578595126727134435068057765650981431006217191721938675953858424894
293,5683112039175900209597742879293904145720346432035495804555972724637126275433375036656749544062103835063157760193428672994085204563125767461675872048470889896505827483459196958445286328461971664031489228815604
74,6381087239938013882571132754901460399123178122328424305661681412313493038561951647552675171110544346816741048986883965474911776646335153755412318935148954399998531477983056436660812450534362200260665003636021
284,5560853205100382597136456706381037474839349470828909958609537578666319204077658564655714855629181359623144746069325882418489120658987423164540371095587104378949438863679635744279968356496991355659019798237754
305,3391948054421437538007093923138160343161219807064296997573784987266662559817233357847018319017123066415970297433462728347061156635518461871888614944485879774371390367211854694735487289952789498017569998877825
180,5819793181711206868858399655645330588227495453006901920965614347720241083682367140243517385417111065328121295147891695404152618410391452082881085677933855392912376249565888150103916926034165170164117547740310
58,5049011293949870263901072283498682883921622330078685336356183325778064982028836843199874944353383072333673820410726139839870647900897381837611057932077647719079888024565494555846809366645976009833595867698746
57,6732612080155218986166772158095618645144156913361397012899217141397568736234976124011468576028509034729435931509017225845361392500699985217303996724611521027322206131373428178583950482164676772247068771434026
250,4522597405895250050676125230850880457548293076085729330098379983022216746422977810462691092022830755221293729911283637796081542180691282495851486592647839699161853822949139592980649719937052664023426665170434
18,5350354224022197708996719805212862914163134970521624308317466255139625700619726585315300843876963321671186563460805003349986268842530809474375467570612856126674147927708144110333229354448516602243243042849380
207,2675177112011098854498359902606431457081567485260812154158733127569812850309863292657650421938481660835593281730402501674993134421265404737187733785306428063337073963854072055166614677224258301121621521424691
27,5380331396668487129252631740150185371910900383619229720289452048767809577641128774515960092234057277763263230411699500136717696732201698141616423705046567917968412306611907446821807425442355755476145515461382
296,4765436730681296255722003074439743681237935665683790034261342976465673422362202479581527134745292820731357863259065597561965518725189024660248141153914094196348712539058756652843526135294671755674417297356929
272,3391948054421437538007093923138160343161219807064296997573784987266662559817233357847018319017123066415970297433462728347061156635518461871888614944485879774371390367211854694735487289952789498017569998877825
295,4522597405895250050676125230850880457548293076085729330098379983022216746422977810462691092022830755221293729911283637796081542180691282495851486592647839699161853822949139592980649719937052664023426665170434
25,6783896108842875076014187846276320686322439614128593995147569974533325119634466715694036638034246132831940594866925456694122313271036923743777229888971759548742780734423709389470974579905578996035139997755648
316,5380331396668487129252631740150185371910900383619229720289452048767809577641128774515960092234057277763263230411699500136717696732201698141616423705046567917968412306611907446821807425442355755476145515461382
312,6390295641770582596503980698258378870418315435345658614114415488978402468816909361970261003742152942858124722288037011237320888238286098582945829879535613415733659841138726884788404934347802206240341523892470
356,5885438493054016916345840199920777565294945362411692094808945870346478017363163485900953908174961608970717337307430328312811262505267398623054251991772667756259848190394542430121537984674947558819863789025126
67,6506111723986511195671109840112241683136584804282565206949201362013558486743670246171500028022287167602527768000139604653784007476799346206500355807474047613885713803002206490757514192006409811422600818531553
270,6219766650832828717453657060999111009348050233044683206789905427547157297728940424733620323289188441238883002270049523812624815391898386351956140072146125122807173526990091949746751032157584903393613941138808
197,4522597405895250050676125230850880457548293076085729330098379983022216746422977810462691092022830755221293729911283637796081542180691282495851486592647839699161853822949139592980649719937052664023426665170434
87,6660833166612831606829884029208766203074579670132147068359594328243709669195253216462302668598343726694843568475016929978783029454972209224156078617970519171314837822486202057928953746715196102435294454457307
230,6776729934551661515497533634589676339626582269758537419831860669789386821354944794860685786591552883314165078407452182393951835147217483201204484653078746784584983765259035287920509568871235425445427053889536
196,3391948054421437538007093923138160343161219807064296997573784987266662559817233357847018319017123066415970297433462728347061156635518461871888614944485879774371390367211854694735487289952789498017569998877825
98,6197999706591305137533884018032198187525928357758176217741227775198009703289426156094397296527341707984823269118298264782755398774587165341547969908337824925886880240950663478053382623881843560672023668615209
94,6728524865648535613099042642356192737414616715977384494333318970540503141982588263434277617204331775195818382994513793248394701617355774386423583955114027160793494277090553548801733757224126440268264470372056
224,7353080844993363378002009896476321385491499701453859266924321984122709089633144738290739809374132371628245574566421969040403321408362308321658916869857446846234062399055940326359521567230082145793921634230844
211,8505725950424755475094216853221258251325302357357437206063810295147349973954016075644423347059807175829430015984942169592682760980483967463973017352159425000508591099448493134275338461552635563242698539056186
9,7059467932048932469841039256451986124328297662923703519238105679156365421360934293267222420261354071159201627812947053411393450383599961432571702517505471832350647207603889882304155498787278794715925860084378
11,5598888359900877476080824237875713133087960215422247618706083814503324299700051336039521229862453228850401291024061456153863770993889624584453419238021581108416030543961705768723985395589910768222975682135892
338,4485683243765690408732695094904128491609744477318256329555545980360335427988392175622851744802887850130545588663009195498929801078237182924282389303409351440528996184727035699201155838149417626845509646914706
315,5380331396668487129252631740150185371910900383619229720289452048767809577641128774515960092234057277763263230411699500136717696732201698141616423705046567917968412306611907446821807425442355755476145515461382
112,6691805466239063160360273383675552997240932722337823280440298054841704666007059057286099910470123240798237881155321681291379298269624200130423025893013409038163683918346757630595400084940734462015886824527328
134,6568389088784472368562951556265231535641908420736209851371073289498447040969791099951757312285220944559083564933164746067874853363082806285796781407853378512691733332715636431440463707989607317553338858183038
355,6154787531901918505664834411314975960998658313368375221046101502686232528262367019771556597203859628332034060646762753020716554391466807137561121132465561695631787792561461607637518611917991435747381588736136
209,7644305516280923563560571926128244886966534186097998919994910957854152002610875006570376435753946166527060833037174307229695444665427421273162592789027370850244280054618939206434091460879544943295145176854692
26,5380331396668487129252631740150185371910900383619229720289452048767809577641128774515960092234057277763263230411699500136717696732201698141616423705046567917968412306611907446821807425442355755476145515461382
64,6888509972431501053468024058747685323074535048649356560343892832557572619284355253456188394973712495229212748895925509337000261495823197568028380546532089555237599698923758722645455165920222477862195538637754
300,5941012258927607142104263067348384151917077784129251912008619308617842115607548999688436406200623565537164170616415708520965692311440141420245723579347400620218087887833865073349767741869152953544012365339774
210,7644305516280923563560571926128244886966534186097998919994910957854152002610875006570376435753946166527060833037174307229695444665427421273162592789027370850244280054618939206434091460879544943295145176854692
285,3364262432824267806549521321178096368707308357988692247166659485270251570991294131717138808602165887597909191497256896624197350808677887193211791977557013580396747138545276774400866878612063220134132235186029
168,6735274364872355397637109257734649896738820468286022260905070934657431932808479296116712700651933425361930797241413371716218322203744037028802758656081669086255671451664433908783013168249514365060282629631152
290,5489917239774460614357563933035105134523658776336344994384871908147031860842888989253969202501946403337175885836900178000177287506738050238722197446643074702741221205516492860608888585097708958446044348378669
294,4522597405895250050676125230850880457548293076085729330098379983022216746422977810462691092022830755221293729911283637796081542180691282495851486592647839699161853822949139592980649719937052664023426665170434
336,5538700655779618150727785780181904141263691684968193144476766326144934077026089768599740352047460238233167707127175665324739413839352237600821150652209628749360869435552336133079760651812100025057706090554194
337,4485683243765690408732695094904128491609744477318256329555545980360335427988392175622851744802887850130545588663009195498929801078237182924282389303409351440528996184727035699201155838149417626845509646914706
10,5598888359900877476080824237875713133087960215422247618706083814503324299700051336039521229862453228850401291024061456153863770993889624584453419238021581108416030543961705768723985395589910768222975682135892
135,4674739548239126744355359336139540244101173339301186809948388363266683499620560950876341621015924422455538592583971044659699289629037501690565546025289890930072716100462031799646212693119756206918044427127649
342,5563917592636724343553335335049986841353821531377745803739683340035239325881910246367336134486020042604387740129518293793195700958602023517521852548545677074266129380956015400627716573045020665024814104636882
7,6888659876597849187256510414823793232152350467420066233201512706710296308234746019311939976030310528938765773493689316124908963091602505307408007917247028758615207804993161924586696709484311299554531748598032
345,4592339981621000702312016039165123548716356699099571040229261888371715079522903502304125596649141663486141832597283672891333507663882131712018920364354726370158399799282505815096970110613481651908130359091838
314,5380331396668487129252631740150185371910900383619229720289452048767809577641128774515960092234057277763263230411699500136717696732201698141616423705046567917968412306611907446821807425442355755476145515461382
321,5056615501239024817511761020112316534187486015950472180655625722635551788289693062974844261139376830519645629289460155771652643718860254338829298897446178463979802845091109207127194971887482784395034018212012
50,6800276018907654064929609647737253270114205331795462587778255282165052404941311360552376764980541254836764811803067106037739762242605169628080781275875895175696976239950112381998641513917649261772631955526472
188,6108600599538333911649455238486422325740874852749570070785009354529119476709972213266706349581777005908450560540510328069429640379081972794202386855075106600354849807353332460866880964812153422329186742773954
24,5380331396668487129252631740150185371910900383619229720289452048767809577641128774515960092234057277763263230411699500136717696732201698141616423705046567917968412306611907446821807425442355755476145515461382
354,6437312419697655147714033258212342612833296581487444604209868910787284720906376906921320850745772103959799383785112822609866673918956886039365617505783987722932648604560411080806788615597402551289957178782280
97,6197139310396492284718861811212639002525662408239224516530755973491590497743506301726246973798753847397347701515024734256982072717930158964763209802633752834048987870729946645240428417597906167988170599612713
307,5538700655779618150727785780181904141263691684968193144476766326144934077026089768599740352047460238233167707127175665324739413839352237600821150652209628749360869435552336133079760651812100025057706090554194
343,3444329938298924593628255207411896616076175233710033116600756353355148154117373009655969988015155264469382886746844658062454481545801252653704003958623514379307603902496580962293348354742155649777265874299017
63,5510926867456442466123908425955061427728240267599703264679433476580976883215725154995374383713513264297843287590828943887596765634690422813241029593309933771006803429469912965862866046597351875356092045787310
116,5047518642336167123932972977777849040148571715742796789630111534971965124336653496749256921675873313811814137945938996738212863909188965652084398468328929329735946095296676383529717286664743349980871532786919
51,6735258157269722227580856632866865437709913735781212512445778688967256728897120840141310169203575899300989938347769298913509544687533643125176382404084325606397265551733356667291597872408009011327508203936224
115,6719558254805224040570178645377665285174459391408762133628888761953347039552372306714407348296341456645276675088217389125832366261688576357984829065147066106149253277719992199535673401842955377268469723274796
299,5941012258927607142104263067348384151917077784129251912008619308617842115607548999688436406200623565537164170616415708520965692311440141420245723579347400620218087887833865073349767741869152953544012365339774
237,5811145159122019524827577349897858916762536552727584434462013270291611268031423048073082858122023766584994480782123826238910494093708249320985565729429655702220675715113078846772393910774644845061985296716562
235,6695963262770516261476854259188219160837639469074492166644497807948346147865740718089293810973286814326219342649937887296044607133326182759849338242372576876766720782095155866490890373214952736462233699851992
222,7353080844993363378002009896476321385491499701453859266924321984122709089633144738290739809374132371628245574566421969040403321408362308321658916869857446846234062399055940326359521567230082145793921634230844
223,7353080844993363378002009896476321385491499701453859266924321984122709089633144738290739809374132371628245574566421969040403321408362308321658916869857446846234062399055940326359521567230082145793921634230844
341,5563917592636724343553335335049986841353821531377745803739683340035239325881910246367336134486020042604387740129518293793195700958602023517521852548545677074266129380956015400627716573045020665024814104636882
170,3283352808672740247894530771592574429170922925022322902749612773449496368300258414808472499038537457221546932700267315278013197319285614955290743971728979654298839674394242272406675672850107618774560580374669
353,6637632816766592522314445074865008745323982002292219495816761969691347759857607818745547589571873235468165286006109443075656080813315272600016251427002205765281315871014029776646775797609670960872751565123942
304,4638857485395588500710811356602195342091877202874705576857933598355866727014788018406412240466570470856408369941036077398107477142009300801494373907088012625901706273013349024350207967227058483671164702853056
303,6626939264850840715301159080860279060131253146963865109797047997651238181449697169152017486380814958366297671344337253425867824488584715430706248438697160894145294675733355749071725667467226405244521004075790
85,6662695803197574505325227405520442563493642697352047564637408782296640495439862627093833101864783759766291355614239698060827898198044282083222551801485507442284465716643980605759587740346763063039420945523263
344,4592339981621000702312016039165123548716356699099571040229261888371715079522903502304125596649141663486141832597283672891333507663882131712018920364354726370158399799282505815096970110613481651908130359091838
167,5949476623715637477365787946915832649507131233974721748663263357253866472468727045144594188692626207498658627569904592525669426148672988257061390666075753127921498347389261228781360902351491848339125001373332
324,3283352808672740247894530771592574429170922925022322902749612773449496368300258414808472499038537457221546932700267315278013197319285614955290743971728979654298839674394242272406675672850107618774560580374669
171,6566705617345480495789061543185148858341845850044645805499225546898992736600516829616944998077074914443093865400534630556026394638571229910581487943457959308597679348788484544813351345700215237549121160749336
61,6252766402949065656497387939974042924059344042069633971178006550856407780677117259213733133941451533014835429779620921816196793795779074859028701344474928030801621858584779289840068910619529680664328488435386
5,5157382923484633121676170495754321388092897307618726835968328296293687447699558527685923315387772168491192364811412900696691101997152140216921868361325156451555830182045145038777870816889047877708816097495447
99,6732811175690618635339125018358681191566035798000884133463938802562654648999933375344133274329835279574382435897726019625384183005811216164592697991786721459391110580061222222351967438462739099750970316512872
109,6385470432365508654378942564211875666321154746956458185159113798076263732403976146576465025665920204576385861342234984082466144722714505927522918478875083472311435431964139576932023387359073794303616860919012
43,6181899520987790824875191177997684970485367438332972269849027650725353733754832312388649922659790032327138528165751008705053099776412628426866976462838424770084863877092425440768945602126180748919998770882215
258,5452028985314928289912260252881776039802026952484792286136017096703858676775225104109091225081669606916966292416061661495145348583533723770697645859348480153932365292391240038041885170232323809714097929196249
130,6713553416636855966916918441130890469332671704871156436005318217936524809888115307017164011018991578602169359938582235624206112565758858912969396084596380133887978585105144197125914248557508336444537704658256
133,6183716084111680358224079284338206175973515838859580297696100829975833750589223184917503341102291594557946906480243120257567039819122817243125943236395122571770905867309175682329726067331844606004006472148121
169,6821129333996095649546023141309133687255895417971606749767559680310104851632077192810794997065076577708734062681181873434173336484188471310340210171579669397104566379987817369962280395897466526733082908500400
335,3410564666998047824773011570654566843627947708985803374883779840155052425816038596405397498532538288854367031340590936717086668242094235655170105085789834698552283189993908684981140197948733263366541454250201
62,5510926867456442466123908425955061427728240267599703264679433476580976883215725154995374383713513264297843287590828943887596765634690422813241029593309933771006803429469912965862866046597351875356092045787310
320,5808963911864329193950855371004056438118107417806640162249272995146585057556957367954043735676743782613907406034206621440556017562674703860874735406786015091764541384944853069692054109069844601844237844887119
288,4647202398973526833905648952125066308929666536473688380805865708516401982216724595876063094374000996293966774947922995344048824746005716455725209454033030567985836157437220397599616222792188367622935015689573
266,5391372136409517256175323907342911257783465098390458666644661069043758991940550282573448962909877567229112355822750430433994378550991122855267639862599318497619680053789843662664980410763567010715542812816290
291,4647202398973526833905648952125066308929666536473688380805865708516401982216724595876063094374000996293966774947922995344048824746005716455725209454033030567985836157437220397599616222792188367622935015689573
289,5870946010851777059032424667957131972197600212854189558934645779102876927423390856340768417659280468231769194119485152107144535228012888877645630686077664692576690242890404981789981472614061310088013760256536
236,5811145159122019524827577349897858916762536552727584434462013270291611268031423048073082858122023766584994480782123826238910494093708249320985565729429655702220675715113078846772393910774644845061985296716562
311,4598390645428105493585140772334053539999267180706366626562399011097091790142383730846322925889425341893428344220286765524411791815676599090729005207405618786380578367439403853582972427863948763014693714616291
113,6364565603237455032899561140129334545338000178537599084936769836632455097935939945159546698925492632714728583314903226240942557116029293075798154624053175116740667745791814139956466930993383951351279395355408
269,6904152026372844286460918405083841110715964630960894107391606121707702477847442352224910586685526674957364069412706451541886004482524141903043897607956677911404957526324435562249180738555923135613851636067860
292,5683614524767339281234312087329208646528986604133819013734094384471311697738895228967682943668121704544595705176646482779495822176261322348277258067219649480051053462900705287088827025750076170809918184538762
221,7353080844993363378002009896476321385491499701453859266924321984122709089633144738290739809374132371628245574566421969040403321408362308321658916869857446846234062399055940326359521567230082145793921634230844
8,5598888359900877476080824237875713133087960215422247618706083814503324299700051336039521229862453228850401291024061456153863770993889624584453419238021581108416030543961705768723985395589910768222975682135892
298,6265580624617238886209721619721336255228462081124436695800064068946132777505348588745049321503745518048695704878120129651564768138430932994273399689383006829873707891207211621299992582873881024640241069384472
159,6625909967140791140187824784974759596521533400210963547065992326212102343276149530794623514596424812405052893551706411011131050390230678099155633038032923504525258900464212064511496859714632614034872161795062
162,4533517345938436043286406431824835513409470221196975058518836854776701603294207573701584509987027503224509874535378070691826508161736779752053854183917263450464650826633408254665761009278432841181754637017677
192,5467190378252261259727389218114121612819325767793703359683740243420870085900592078818999980976436927729179185312451838194372192929843258180482545966069070443345403019835842797291029134511358174249628371903360
6,6852211940742834112191661153369699088066888295634774877470287771754157174328742072119813309490467616087237912258272970536946481805403550252871457610806568288992905118194256305938089848587568911726200892785532
243,6134611525583361858846111114110687098101299756225972941529290887390889325543032563512608293877290636121677787303729753952886990898250458669407392630240438837439446426675326833516791181678725135842101738841327
41,6833752191965912752527156377400498710162059862579278635995911627061641344755294879462446750926856455944068528411415839502348254796555690193850370151602281849972719258453870582207664720066613899292125146309552
268,5598694459814136174654115929362748009868797519517196662631533872493975328105982728419938410251101762181583003012836629045101445556352546512643020898679279860907862937285797746330449184060414525255424667326644
271,4731404328990298529935662860427179614155860477811337621193548998689936428778130799748890690264259037219689961978896939426375445284384812238650752538320238661847822421242422507579205664792035825687047089171398
352,6453212510865596503317929248132196070408355426136276182383443502733396021425837769779219411679260192930819288424282780809154307949542803467651457267588720446508994998406227478012760748023701698152739136485356
363,5574479130154654305814580417725288541563179117599389341923684748285415859813507042503178069305584717640819449865157740680893900053384537803549649703585518330535210910559292479945192716273918293183606950387729
96,6593755068824129530793629711066312063117006825553491533895429316347518654239249169994541054092489207580225755136520008809554968397539567213263094778907734918447436405911009170986912695546671151723065001360596
361,4666251213043155635671060910026794950817343972344682552342507579551258877603090183867256528155188413600306450403583615215912202522191958695048338272821981071329533345780153156955518505148957046791638101431855
177,5925314289355208479818133211768423568773486198981723139314660941822945507525478501681374552827257207480680469352841849920217208940302571430107712419444726855412470519972078802451376683801286891581286946966988
132,6183716084111680358224079284338206175973515838859580297696100829975833750589223184917503341102291594557946906480243120257567039819122817243125943236395122571770905867309175682329726067331844606004006472148121
245,6428428802042723980812103664129302704838022631012038723219990296346575831772701482692932732154293870124661127932832501403969669133047383219676093415227556987120245063724974369706446275404375595260867183397022
244,6380817451712706832721582778213764634667848469676557599986490738837656936805030925648909940106541244420030049184199686462558857501708511089868183693042199520912211603508222139418549697669010228743444219020672
246,5343497813699544425904321566407120344915958948589214265680332718307355983127844983183084479171449726132466463711493404410313172895729481225836714261976680317408361488159564809769794862766390993289506229243882
257,6199927848665680117162433574272400529395577293705738132066181612584189145609571273843505287126346725338161441901652890236296166214058283299243829999740737511766707489242988264972739704067636833894971130457832
166,5463783963153231823880799898767464492521868419403787079879488507456811046767257416859781500240793248048910083961491624384965387348488196299208055215572094288258331580980698927185241618501458479280222235313691
204,4672786939683160029954891779069087962314270186088962486799705665308874160441205319064300929756700898888396178380278140377038957165423245120383198965174231055182871856582728199360936195179158710945457264371811
88,6548747137252519348586949655409410763358414610550962434170733536828291667431344196791699563754117529242728141663259788035804941275111632600763419887499530435917166338188396788422147408807908293293965966775384
84,6910336477982746910884387734269257053287219974240250303041607685097660265614256369487046480537198864640064131807678823907827297730374629123739114508581296036926832738122128673541566996175959467859681161054435
265,5391372136409517256175323907342911257783465098390458666644661069043758991940550282573448962909877567229112355822750430433994378550991122855267639862599318497619680053789843662664980410763567010715542812816290
194,5836780167514003384323593989701689168401283055959410003383145439083428202103115351005691997080309653673699720289732322995451869961623161345239071046163734492961679886490090704942264655519390084762222101536405
114,6362346480471757232255213661231892993925343812547970097314403984048725669286334853073215034961864519628765972622566668493914845197926511545651497644654393544908967882660633980901325119840117127704409026609856
346,4747200802664545890787851767296710070100149307149287354621689511173011922262184321913138467103779297206981170438303371520658506485285650709962620280339711421576175133263330899537634334568491937642514930546029
111,5384063721379066368517740450573142087531039547747779897034687171428586532779027843158126028043008678539751548784329630582311644432138985386506424757465362533559502662489836922954231467168077928803025021871437
319,5808963911864329193950855371004056438118107417806640162249272995146585057556957367954043735676743782613907406034206621440556017562674703860874735406786015091764541384944853069692054109069844601844237844887119
239,6572905575993715542016749580423885423495685293470418401460098027588647186168444910647948410057971295493965848904468220939631525680002011546549308143118215192324153240520687123875162439140332381159992024165059
238,6570426693493721098836349188921938674286398999925997371493419111440606462514553951912710552122257827198079262515274397921589057470873048040555615116790150144427702046913193514205285879072225259579175670434499
136,6093814506221174281034605366959509397673233105794673975524415086705262118823044555545177671103736237138138953475186702725881005811802216233476314696026217748005760750570874010211308627620736918836701162221348
137,3046907253110587140517302683479754698836616552897336987762207543352631059411522277772588835551868118569069476737593351362940502905901108116738157348013108874002880375285437005105654313810368459418350581110675
256,6172815304484850685993178654826327934559806651253020786111278310795055754420072505098572578038744706935556397286933222197157121776763789301210382455372627854586665245165442428505375772351834041882947183157406
191,5467190378252261259727389218114121612819325767793703359683740243420870085900592078818999980976436927729179185312451838194372192929843258180482545966069070443345403019835842797291029134511358174249628371903360
37,5301551411880672572240927264688223248105002517571092087837638398120990545159757735321613989104651966693038137075469802740694259590867772344564998750957728715316235740586684599257380533973781124195616803260636
36,2650775705940336286120463632344111624052501258785546043918819199060495272579878867660806994552325983346519068537734901370347129795433886172282499375478864357658117870293342299628690266986890562097808401630319
242,6134611525583361858846111114110687098101299756225972941529290887390889325543032563512608293877290636121677787303729753952886990898250458669407392630240438837439446426675326833516791181678725135842101738841327
95,6538580882480274967761260725240026409521083369273453348980457067932752546217933270758377575903446534520576001077195230614391367564919960375784423298095861922063067492337570962045490654782215700941397884507116
140,3269290441240137483880630362620013204760541684636726674490228533966376273108966635379188787951723267260288000538597615307195683782459980187892211649047930961031533746168785481022745327391107850470698942253559
351,6455493894227111727252257464227197518019327052040377194444671144438297937988812378528180548229439518650502504940640523255450163244694966458289593175820373506377603813110368298776861967870978614679374178146876
93,6148199155410589775788193904261998693820058755839805131011300395476459972762493633023601235736934824933558868081204152683827883447606629580506259980561652181650776621746791559760723683971086379375671031827881
178,4654002090430395869478624224546552803648379182094963913234496081150496170076579400027830728237926416218790445551622504293183913260231274161268874089383204728155253128664680032667523130865580505413033471744979
179,4654002090430395869478624224546552803648379182094963913234496081150496170076579400027830728237926416218790445551622504293183913260231274161268874089383204728155253128664680032667523130865580505413033471744979
131,6428583823836846083510029896758672955103138401883112102842813136547096045647865506040094931892546597754705951566908935520034907266088226775954228210214984946144673512362449926165765679204846913560666361014953
86,6931415993910742574974678212516767884022025042649686669495460104180829453809425958828887363030019589397797834421994407560188725950161482750242686365959452988110046723440076614389548129587592946952907144614647
259,5843169766614671982805033443458041258542002505155533603180347029993006135041575910963692034382631464242537554455794838794362114996517803842483885363417597304190529724606468121285177734146990804797140359518235
110,5383399247179636261577994424673644484586640751787226849652552338136516786751684457900904586859172650974252648890432144293755336274190899046580626782019293309759643558565069876893626355831083370519364936027501
65,6561437938488994560142989262496343127324028501215834185832852593389751493681402335447319668285900264477652931249333975936156059779751123210147084549332010132893227417791098941422887560390398256365816283904796
105,6825597855312181878746919619157080108950108209076892405038265046253269747150207015226342207661334361089818480428331048788325575984950143358208025898681350152251652557170808007828127906123217455516748489044200
318,5808963911864329193950855371004056438118107417806640162249272995146585057556957367954043735676743782613907406034206621440556017562674703860874735406786015091764541384944853069692054109069844601844237844887119
54,4544975875031631372549064445295439795786530551801073764545879432484119857195833528875746455493200139201425880991293264327278889702439840559722179066142926269569330049704010474195216751114876493649801589163730
227,4544975875031631372549064445295439795786530551801073764545879432484119857195833528875746455493200139201425880991293264327278889702439840559722179066142926269569330049704010474195216751114876493649801589163730
22,6817463812547447058823596667943159693679795827701610646818819148726179785793750293313619683239800208802138821486939896490918334553659760839583268599214389404353995074556015711292825126672314740474702383745592
148,6176552889969068556708705169962923939804995432588887217471442681807210979454203885993347957171651665835219733713317882267311700662240666104236942459752800937917739295020375686402251065380597320448723748947992
150,4837428788783942645251765755876429284778936790557534757777219223703060535242891377355838007134029497803096353437854804148015761655986893311543202494308510789890504083400679851366292792582086755935556746755666
38,3423175940202174724749097610184017673296794561593901326177170602325967107938916187750755248018166832642335347779653914857166587171671880682641936681742118132689280591234963821532530703292218535120125160101655
174,5972349512693155902753744766704030834262492639376593803117616795547431975553002710543870858244461282482372308892162149325269364852704132254822102295805397593202574648537596454588670588722594039996814109113536
39,6846351880404349449498195220368035346593589123187802652354341204651934215877832375501510496036333665284670695559307829714333174343343761365283873363484236265378561182469927643065061406584437070240250320203308
325,5509462491947859562996416991683129613235824914669677454002185040591164468542488684460166836212068077648953392292658038654728400120364440015842193145590081142435630047006060025488642191345798551714354770716768
263,4743536425265239092423254495239480118581908390246396250069997025170608245003244925777703041666123939500830435514226726213041151682666661948367216688905474604470024024456425014452664912323758703661031929299081
264,6473223740555326275295822432730119277843819736966076650648006990149946058098350810315429012660401177108868052884055256213376599257561687852191726641766034404995005160446060655081813443889328175714225892468970
301,5459199591847967472283116520658101215945519728341368909982810006018702561610194330219302948079840045970356489321090511935790666704913438400415819291779016246878378690279642558069620307085736748624766028279633
161,5230981553005887742253545882874810207780157947534971221367888678588501849954854892732597511523493272951357547540820850798261355571234745867754447135289150135151520184577009524614339626090499432132793811943474
160,4533517345938436043286406431824835513409470221196975058518836854776701603294207573701584509987027503224509874535378070691826508161736779752053854183917263450464650826633408254665761009278432841181754637017677
241,6227779440819878763880918917766605645638076051126571755607808054705212962454659198092600334724403416569968604112509141058273057485102935648920398759976031889737498028632832570379422488313420645476058513557619
129,6401010568607043482309556888111143442357174850553838340562938431042555284715088553841055833767104412863804799329688490420453755326110420086354308725514317777519293244075783813832901763447453452226958441935837
92,6148199155410589775788193904261998693820058755839805131011300395476459972762493633023601235736934824933558868081204152683827883447606629580506259980561652181650776621746791559760723683971086379375671031827881
203,6283886031605264132582576004230988304060973068984898216840932231498514375902991253978253609339810523772450766347907980086834380221785530542380363404055196054728466357638998277088821767184191195877090253925936
253,4673224134748005085896386340504933382370376826555923566326619388340302598810641005975987389501144849809605195320718955688651014760169753215581987877692757668722056782979292407853469239355639555013961220380321
83,7402501889675545831120468937385988467139364514226402675725104779681938138544515050111899978299744782491001310379136944227304135162194064374165904421504191966695868816419366577508187318350478342323704481300626
107,6706642011373565294488449895052781532840972009992982365823290023041983129887002377232208916673273588407486435830486486652497009244302891091230764777519653950741535523227435161822299842346935656487819943052814
233,5655545858388451338412779836490293495855881662351321949636851803530567133081966724175641229155733093300402808602333655118569445422923926830047608046002349722667913242909234781146291430946985488304836444961525
200,6778679419987735731540320671996916218879064911596557995269696239322262236918525630248994295403635228772209669278950956963993441312068786953698123548478513553725632325831332667825803076052465229202632672490560
252,4519119613325157154360213781331277479252709941064371996846464159548174824612350420165996196935756819181473112852633971309328960874712524635798749032319009035817088217220888445217202050701643486135088448327042
195,3258476948428824935354927765467170670932576646009333889255691995406831086181943917389712661557806258763876787280936770861415994001795060245542950919236977584178380105231662250288617978324757352628563222489187
193,6516953896857649870709855530934341341865153292018667778511383990813662172363887834779425323115612517527753574561873541722831988003590120491085901838473955168356760210463324500577235956649514705257126444978372
309,5877598153185489951143180783163041204929259846705101793227394900940315615601567152000461345486149033160677024813285069789947023764818179002901355634975607075550034146452640228963110141383881697806088976677934
184,6819059926331997796487583489253672944094792013474328331853362493526973511760216395479956822404953772621341642803399697209026413555845784983343841965828207096550262085372751678318713990504325484773916354477193
360,5427292052309486727557020923554406376969499797704767112325889761867457843810141494340357519192717180543444697657236404060399195808312977113334054153890987364742410942529294545451879091806472949334304023076094
101,6719504445716507376975359238686407895295571178110664043832053990883519235193508516802347404714792699720455339956578405027160909096006543092699305142912651023014413547893412294368993161284204603937709742856104
158,3359752222858253688487679619343203947647785589055332021916026995441759617596754258401173702357396349860227669978289202513580454548003271546349652571456325511507206773946706147184496580642102301968854871428053
53,4544975875031631372549064445295439795786530551801073764545879432484119857195833528875746455493200139201425880991293264327278889702439840559722179066142926269569330049704010474195216751114876493649801589163730
317,5808963911864329193950855371004056438118107417806640162249272995146585057556957367954043735676743782613907406034206621440556017562674703860874735406786015091764541384944853069692054109069844601844237844887119
226,4544975875031631372549064445295439795786530551801073764545879432484119857195833528875746455493200139201425880991293264327278889702439840559722179066142926269569330049704010474195216751114876493649801589163730
281,4734179491768965044865773290680024441793439287310714600032257215982720468426160685187214704705975406845782927780372435440762301407631324348334593283260376140953260392133460604247116930084983080485279476736337
49,5990376877265835079528428877338153007904063644986875079947844877358450371190751370214091577379589352705843108991039099618168199474471306067411544685714348978433670939614154480388473464808247521957768285680850
52,4714123583010823598275825890061403841314871412948294509736118355797977875369891301079762301262444770855505420698797777790455511206517743430923288915529762778415527587419196569737283188757555581296100341878786
173,5462514798194959667152815335400028202069353023820055307729527556903139002030185405985247736199202392514364916669660502431648809316497681940386069172992741701099915837077069927977442611636518939021476319311160
189,5977461480222472310635278878471439630015796172787782339920889332806817960584647339508773312534237707650569242608280676425846930936628628943994250256235517018057640635020521458371525187065751603846260353281008
190,4738231661151959758430403989032238731110082332087876245059241544298087407780513134976466650179578670698621960604124926435122567205864157089751539837259861050899349283857730424318891916576510417683011255649577
240,6169468118347033785385386383436139555295134608820048041865314279594331628512165786352078264839057326191571376982238951684069560030564601584082452220403046419792520633516685538024790995740098540724121103149239
297,5770857986732111635671748301820841115879094141363564913908403206559505424464239582847401701243032444414137761770664393435384272935987832084675178973640335439209833690174047088048332915478287591442250410914481
157,4742865750973077497953353284880353896128241793211588577248720912602015334906747091815328611528169405408496524066969933286166271096368266216245101046374279709503736402727421491116537551429119850161334131377709
156,3192245593378947327166720675785453807351051180071241085074002666811656403258795356638657360405902025240123689923018070088850300426629820622528884807706691821091025082460235402897860426408515272035084063895774
154,6384491186757894654333441351570907614702102360142482170148005333623312806517590713277314720811804050480247379846036140177700600853259641245057769615413383642182050164920470805795720852817030544070168127791546
155,4742865750973077497953353284880353896128241793211588577248720912602015334906747091815328611528169405408496524066969933286166271096368266216245101046374279709503736402727421491116537551429119850161334131377709
106,6972883160515005577592202018912635815596694637260968776310443955408744497797638366201544163172867734962101836225066005258302127157841943355614469846561339512622105989073986935872258423357221877621382789659856
283,4648588773676670385061468012608423877064463091507312517540295970272496331865092244134362775448578489974734557483377336838868084771894628903742979897707559675081403992715991290581505615571481251747588526439906
251,4519119613325157154360213781331277479252709941064371996846464159548174824612350420165996196935756819181473112852633971309328960874712524635798749032319009035817088217220888445217202050701643486135088448327042
103,6375260601338113586671256569821431930327028827290509397025573074421235783316832839114861782200402235191505618062408214085756004091670200908305659547845742200007279302396444044138742203155441622292373090885342
371,3486441580257502788796101009456317907798347318630484388155221977704372248898819183100772081586433867481050918112533002629151063578920971677807234923280669756311052994536993467936129211678610938810691394829929
56,3118757626839963874649528749367861783802108623549687306810474289401127740749541027665190459744766944974769272525932438504636568598436162995757368153457284018470459670812695363523557487304533160324997623035579
55,6237515253679927749299057498735723567604217247099374613620948578802255481499082055330380919489533889949538545051864877009273137196872325991514736306914568036940919341625390727047114974609066320649995246071156
143,5262269254798247348721211073591683009321109932271008663880250889831886832903685612666690851668095696109055548276608843880982734249292074167910288259570053373176998849577790453319550817909405700156782794917983
144,6635035147354311874474570484093861185665747305906923967501185904570639919748125337710175421668468486398374386957463324893413012749107397863886885196849197731397085505989387962881172770407511534980291350113971
308,5877598153185489951143180783163041204929259846705101793227394900940315615601567152000461345486149033160677024813285069789947023764818179002901355634975607075550034146452640228963110141383881697806088976677934
102,4701034792597340035184005751770333915907057638832936326098377304972832976147477281409843295075192562080604187749868645969224635307362779427136995947858918265557750336260436425171456170892969929327960662705043
310,3168874503656828045159153999340725721059093296238938888627390320493567864584591980824907404437196109121844240421232844660800420991218487992794370934544294542501378669054645020628177290015709139989065129546975
100,6337749007313656090318307998681451442118186592477877777254780640987135729169183961649814808874392218243688480842465689321600841982436975985588741869088589085002757338109290041256354580031418279978130259093948
359,5427292052309486727557020923554406376969499797704767112325889761867457843810141494340357519192717180543444697657236404060399195808312977113334054153890987364742410942529294545451879091806472949334304023076094
172,5462514798194959667152815335400028202069353023820055307729527556903139002030185405985247736199202392514364916669660502431648809316497681940386069172992741701099915837077069927977442611636518939021476319311160
20,6796808474469802597444825159438546846720127800464995563167590820755256253614679920688056599981954059386730192452986854788775544168424946743943863741852413671500836859584515991468642195092904436026394092246208
287,4531205649646535064963216772959031231146751866976663708778393880503504169076453280458704399987969372924486794968657903192517029445616631162629242494568275781000557906389677327645761463395269624017596061497474
255,4448608971372946193557988099279341238087846789197951165402809829084906824598076043417970552892754735188542824960646603762944351127240161081897685465965851633515763974118607175117376191678643951284268643078642
124,6672913457059419290336982148919011857131770183796926748104214743627360236897114065126955829339132102782814237440969905644416526690860241622846528198948777450273645961177910762676064287517965926926402964617960
123,4815791330249906068371220415741297560452987557770173363152214266407149469404633911305612091930580684016556200332933756918616093757763942160391769411504955315299036659227160480473681764433229993026518476781301
282,4648588773676670385061468012608423877064463091507312517540295970272496331865092244134362775448578489974734557483377336838868084771894628903742979897707559675081403992715991290581505615571481251747588526439906
104,6059205820697230010979918753480259794111815293689390953046870981501406769198910871387060426936930976311788995295111706712103198352854790097475652745890360609553314349146045632936754103617319311714061480699988
185,6211032531174878146369323408236806612550385822435869525657425089981423620491088759066115993561559045052995743684784000334204307649140456120974736210485902916320948208153513033943219837947372205690527839648544
142,5262269254798247348721211073591683009321109932271008663880250889831886832903685612666690851668095696109055548276608843880982734249292074167910288259570053373176998849577790453319550817909405700156782794917983
262,6293206566103422509406907178270202133098505493235254161003644187718392634520726324775969513368577530669949845681266480408507473279315202277865427810490572626175860646052612734753544432349520185488774867363266
82,6837194931744466990073787956507370197768855154589114872286144118963427674957583942338030500364381210265547038859924677643791708452081487422707877948775952962285152715841783782399933047099353757889679119538417
78,5814344369749649443135524407517596741322623982894126247111478832906788213666561639992804069200759099034486913676278515727925395974345269670506771658202306782433363898532073923524397764049373424957950673789486
21,5445653377857605826305090389202945000956791074647216331097902370330777866658471843210260530993446762540277722274126205083132478397857093550982773494447702202906203949121738238864161175274832268699144337097567
232,6520372053923101957789674671824526950140441249406651945826437790309952144197296976046434748093056886161632252858955091518672980187887522774439967651850009262908253367705795274069548719924858672544747296259090
23,6783401764707924350324778475437196198209727980043147288296725305057919582610988579991604747400885615540234732622324935015912961970069481282257900267902691246172257881620752910778464058057602329117609119421060
206,6661372314972437880530576111328802192527648217439196490517842415972221558373542224584348365701610424572844266532822793327796009215052358338555906294829309498886619380046622964235359413626936467112318796638810
220,5442436736185148045724119872014696663023350131577696097810667201818345050772071830044771187960040959039937036781496158985530936618111549278231744647237187646100534423871122335223477736160065087566906289483686
219,6233539863014916837051329334432778848024439708498267702693394117471247851850934658171002545860129581388549419847993327561181115621168377793714896443327262900034567903904920439552133063278571457329373012996794
75,6418493952439931185371843732048594670015146253145523880893775433560239591818038609658078881507959908936010468438591295158344489138808031892515755823589661897848200148314088861373768505360985927830978973707707
32,6767449842396961991396400121192341635878105528633354384173297476330763889048842085820102064007222953285948478478044011109067506016484133457840979698601479429224080501099290461477191619713937434622825628384640
108,4768950550841615027663007336330351820988271366833671576271484528460241329032816027111911481175015656280571291797132558505511164779531114262416070950020056878934015339438936203419218913539028831579184085261857
81,6326303449868941611845279809669532323835799370593429388225969210769104154421709875991659533892427108068759399690828694482687026894582100895661705053713997677363425750670568044809358724410962926526671879082794
42,6294414309323536542337137515609953259243686168212096860705889059277695379950347442928460084441868286994404988863447882185253609201493232869743985196346118156429007284774330734146716689954226527541071519232287
40,6442703629392039442195393697412071570331118592068160754744814616557281164593578296230314056423023535971046741111001019278024704402867034570516083692915696038131186641253910388196891992838057621682960196897800
286,4531205649646535064963216772959031231146751866976663708778393880503504169076453280458704399987969372924486794968657903192517029445616631162629242494568275781000557906389677327645761463395269624017596061497474
202,5283003752229573260074566763561052410984310605939593994910284157440849061027088395494068228606240918814746007661686377825287823396633305219163671135123998077597301602098592522610745698267349584944903369212680
198,6412295230207922129319546120375193122091059903235704337464164659510763664685588130500989881314307147257405669921296920660045570642759718865237038114551585922022988043530512395865208211862786436169477439545858
201,6412537796313250506992835654868458524764240731182006086326574699774439917079934894707474818480152753599743248520960845820330865818460377969496962002923142302331798040105869004823711096790390335401522861968258
199,5283003752229573260074566763561052410984310605939593994910284157440849061027088395494068228606240918814746007661686377825287823396633305219163671135123998077597301602098592522610745698267349584944903369212680
187,5355966962113006270185879564739370203339690027954781954054262170729520107387259079902349615376517204133094316318885358368140858580989060421336360305681094169636990213343458990097151316294892896766094741411294
90,6617219356177733128972765867168584234176461547414506229040005965580035526379225830271771161943227945139583459309793305557544462975461396791179677384923424213503056272778604467162970942880114930909895662411572
89,4652745554045928179819316070444939392644822105740816239308907650218088675747948885256106216559771081221774054948874431659698054791780073061452413747746453867807448196027398127687873224797269407276541400211842
91,6612462969650592180265684273176885393227782834810206505046727578880502245118321806017436917516589168245903010548872778777866714265815225137223691273812559126915178176499154562785551917411964558829831046370536
254,4448608971372946193557988099279341238087846789197951165402809829084906824598076043417970552892754735188542824960646603762944351127240161081897685465965851633515763974118607175117376191678643951284268643078642
231,6394095947926299760424527287434009533284140800798869047902992359231096257297176654499346689192433705651417800569034720223895224273193217194120918305218488542008189841723580570982131154067926132303958101804050
261,6276024569534709595205258420002070702371980527754533767422592789039122487924218046974613124222127863621992353019706147677860303976341169006168529952095342699871243444733423406914621678055271264536510466738201
141,5262269254798247348721211073591683009321109932271008663880250889831886832903685612666690851668095696109055548276608843880982734249292074167910288259570053373176998849577790453319550817909405700156782794917983
279,5944177009672294987324356249607206984299928349867125884928355453473882400363488303325153473401547388214248954576973204447103881123390403505080154549499652828051211984674941645018724719597565611175666310988104
280,2972088504836147493662178124803603492149964174933562942464177726736941200181744151662576736700773694107124477288486602223551940561695201752540077274749826414025605992337470822509362359798782805587833155494053
77,3876229579833099628757016271678397827548415988596084164740985888604525475777707759995202712800506066022991275784185677151950263982896846447004514438801537854955575932354715949016265176032915616638633782526326
376,5283157353254002456972525881398705187177100310382811009721047433357279166985912798808276290039208267764669590698445663673769248687800146268509856716588762706013525715209390626807354017704122025640804562851476
369,4553812068103600482415387220049940873741899352633343540280177267412154054204496732422568954503723788522510811709885283245058264341541433728445084006250438030495260304635127927875136379385313907843637730430978
217,5417466081019800573907960658335274487727431988477598349643659162955838443795004733399263066564774851862987000137622147308776211027006188401081220628125521105244361396893514259023869140992873442089844886202374
31,6830718102155400723623080830074911310612849028950015310420265901118231081306745098633853431755585682783766217564827924867587396512312150592667626009375657045742890456952691891812704569077970861765456595646464
306,4770697146456848143287281596537204164342887023822012153752049832900811891436450813384152010705269025842004661059757763966707150863781012101908124265968184119374703253835955305895199057721391303452395917010269
276,5915083811552818682229357450175973850486446048786500491307350606451119965461285038132221777187722141164410395531795492361487699444601754426903448759966065309839575388124026881566061296161457467154783944153343
183,6197956673214509981850651148429992282839753431230741379287619984528831149711107519573345223048797868116042068434921297175605982790931739371246368344779616804918167264557400374924392006709588264204863570512442
186,5426481053552788275248987819827946829912442350128180743469118762825875373692214389499869762795888428835775228693021810818304816156617451137272664268108736232154091592386753492813549963680335716550671691482402
205,5053454859634263219712850843077022352952008992540080096254914936254788768421307894512264277428807908296640478059382808731431455266591444256835515120215338240534676771069851903902686451716986285395552190553566
267,5948455381032887673146422245073830625280157987385362065022754317506816633671643265621566952535020714329306172124814317002666427086653489340512520173379808724825203832029125386968859360656812039977837022146466
228,5085756772799539049952492645341009001514912459111714130961089818659826480719455459178890966702145458846832072024251022707697707466448917977227219407205351055992639903839474536811155328183927248867540805407691
138,3388111780891153749580206815244821804820096938180280973625454332261733378827922338366177186003405302153429411426177110399482452962828354672196538546508010865813021926058196162843846598310252168617472491393849
229,3388111780891153749580206815244821804820096938180280973625454332261733378827922338366177186003405302153429411426177110399482452962828354672196538546508010865813021926058196162843846598310252168617472491393849
139,6776223561782307499160413630489643609640193876360561947250908664523466757655844676732354372006810604306858822852354220798964905925656709344393077093016021731626043852116392325687693196620504337234944982787696
216,5417466081019800573907960658335274487727431988477598349643659162955838443795004733399263066564774851862987000137622147308776211027006188401081220628125521105244361396893514259023869140992873442089844886202374
76,3876229579833099628757016271678397827548415988596084164740985888604525475777707759995202712800506066022991275784185677151950263982896846447004514438801537854955575932354715949016265176032915616638633782526326
375,5283157353254002456972525881398705187177100310382811009721047433357279166985912798808276290039208267764669590698445663673769248687800146268509856716588762706013525715209390626807354017704122025640804562851476
368,4553812068103600482415387220049940873741899352633343540280177267412154054204496732422568954503723788522510811709885283245058264341541433728445084006250438030495260304635127927875136379385313907843637730430978
33,5868662526356287127602749639274134958231197229062699332595907751224764784425817302732891366656279700190838181279634584849156796509651271067271657740677171186239748044993147384179521169896412268401197336055934
275,5950703008533838820608606191242271318750156690578204769398857968281211753180543374171488049541928764154723215293986054610801797570739205697769371446818463132788421229159887030516338587478175754427498502664363
218,6146244814157441067886484760322430608573615748268781629703881599443875182087681342363139813828802195212640005325837410822382192756692823107095567237630691391374643551683493083652881709474831293972371255097871
29,7015575014531939838523493544508116392270167762726392762798832460650105947650458588469523185235589115222988309232714869167549687872892835184763150431567706442460618970234483030423972051114130656935526394460284
215,5417466081019800573907960658335274487727431988477598349643659162955838443795004733399263066564774851862987000137622147308776211027006188401081220628125521105244361396893514259023869140992873442089844886202374
374,5283157353254002456972525881398705187177100310382811009721047433357279166985912798808276290039208267764669590698445663673769248687800146268509856716588762706013525715209390626807354017704122025640804562851476
30,5868662526356287127602749639274134958231197229062699332595907751224764784425817302732891366656279700190838181279634584849156796509651271067271657740677171186239748044993147384179521169896412268401197336055934
274,5950703008533838820608606191242271318750156690578204769398857968281211753180543374171488049541928764154723215293986054610801797570739205697769371446818463132788421229159887030516338587478175754427498502664363
34,6359760647620271220715930541150982027902632686438206738950274172750779315882401253400531600498357523745678756602644494313364056452955040131023604666131204697187002087940271386168795886233258566811037349207496
35,6043631955806484789232124353926651512629031302296975796045478344794844586938189382602611222125941445781352394059955342803494295916747877627225235298742634248900462911116080332094890547549379517685159939470223
