29,236455412409906839592414171601059377219470110090830194537831471217644922985920037343365992007225343787267002029240492146570704923357624524171454568970394081169431023699590255
106,235550291321328335268132344555578238789429706519802452526944250092291750341050648184318512786548968660700357070718813668146961212642272563801477796361235765162578901803969868
108,235549741826652001720942791378973544490360213671802271832942381650979961142667888465265148945195009076610341372413897827430113562529324873619745809783948384546361447978461017
102,235550291321328335268132344555578238789429706519802452526944250092291750341050648184318512786548968660700357070718813668146961212642272563801477796361235765162578901803969868
104,235549741826652001720942791378973544490360213671802271832942381650979961142667888465265148945195009076610341372413897827430113562529324873619745809783948384546361447978461017
26,236455412409906839592414171601059377219470110090830194537831471217644922985920037343365992007225343787267002029240492146570704923357624524171454568970394081169431023699590255
100,235549741826652001720942791378973544490360213671802271832942381650979961142667888465265148945195009076610341372413897827430113562529324873619745809783948384546361447978461017
98,235550291321328335268132344555578238789429706519802452526944250092291750341050648184318512786548968660700357070718813668146961212642272563801477796361235765162578901803969868
25,236455412409906839592414171601059377219470110090830194537831471217644922985920037343365992007225343787267002029240492146570704923357624524171454568970394081169431023699590255
22,236455412409906839592414171601059377219470110090830194537831471217644922985920037343365992007225343787267002029240492146570704923357624524171454568970394081169431023699590255
96,235549741826652001720942791378973544490360213671802271832942381650979961142667888465265148945195009076610341372413897827430113562529324873619745809783948384546361447978461017
94,235550291321328335268132344555578238789429706519802452526944250092291750341050648184318512786548968660700357070718813668146961212642272563801477796361235765162578901803969868
28,235549741826652001720942791378973544490360213671802271832942381650979961142667888465265148945195009076610341372413897827430113562529324873619745809783948384546361447978461017
101,229084577203918392240654316451437986657046035375160773203028029959922949636006921675261377662597166323617810274585785054828822038668970623610033917543609420020081389639289405
105,229084577203918392240654316451437986657046035375160773203028029959922949636006921675261377662597166323617810274585785054828822038668970623610033917543609420020081389639289405
31,235549741826652001720942791378973544490360213671802271832942381650979961142667888465265148945195009076610341372413897827430113562529324873619745809783948384546361447978461017
107,229084577203918392240654316451437986657046035375160773203028029959922949636006921675261377662597166323617810274585785054828822038668970623610033917543609420020081389639289405
99,229084577203918392240654316451437986657046035375160773203028029959922949636006921675261377662597166323617810274585785054828822038668970623610033917543609420020081389639289405
27,235549741826652001720942791378973544490360213671802271832942381650979961142667888465265148945195009076610341372413897827430113562529324873619745809783948384546361447978461017
111,229084577203918392240654316451437986657046035375160773203028029959922949636006921675261377662597166323617810274585785054828822038668970623610033917543609420020081389639289405
103,229084577203918392240654316451437986657046035375160773203028029959922949636006921675261377662597166323617810274585785054828822038668970623610033917543609420020081389639289405
24,235549741826652001720942791378973544490360213671802271832942381650979961142667888465265148945195009076610341372413897827430113562529324873619745809783948384546361447978461017
93,229084577203918392240654316451437986657046035375160773203028029959922949636006921675261377662597166323617810274585785054828822038668970623610033917543609420020081389639289405
97,229084577203918392240654316451437986657046035375160773203028029959922949636006921675261377662597166323617810274585785054828822038668970623610033917543609420020081389639289405
114,235550291321328335268132344555578238789429706519802452526944250092291750341050648184318512786548968660700357070718813668146961212642272563801477796361235765162578901803969868
30,236455412409906839592414171601059377219470110090830194537831471217644922985920037343365992007225343787267002029240492146570704923357624524171454568970394081169431023699590255
34,236455412409906839592414171601059377219470110090830194537831471217644922985920037343365992007225343787267002029240492146570704923357624524171454568970394081169431023699590255
33,236455412409906839592414171601059377219470110090830194537831471217644922985920037343365992007225343787267002029240492146570704923357624524171454568970394081169431023699590255
110,235550291321328335268132344555578238789429706519802452526944250092291750341050648184318512786548968660700357070718813668146961212642272563801477796361235765162578901803969868
112,235549741826652001720942791378973544490360213671802271832942381650979961142667888465265148945195009076610341372413897827430113562529324873619745809783948384546361447978461017
116,235549741826652001720942791378973544490360213671802271832942381650979961142667888465265148945195009076610341372413897827430113562529324873619745809783948384546361447978461017
132,235549741826652001720942791378973544490360213671802271832942381650979961142667888465265148945195009076610341372413897827430113562529324873619745809783948384546361447978461017
119,229084577203918392240654316451437986657046035375160773203028029959922949636006921675261377662597166323617810274585785054828822038668970623610033917543609420020081389639289405
35,235549741826652001720942791378973544490360213671802271832942381650979961142667888465265148945195009076610341372413897827430113562529324873619745809783948384546361447978461017
115,229084577203918392240654316451437986657046035375160773203028029959922949636006921675261377662597166323617810274585785054828822038668970623610033917543609420020081389639289405
120,235549741826652001720942791378973544490360213671802271832942381650979961142667888465265148945195009076610341372413897827430113562529324873619745809783948384546361447978461017
118,235550291321328335268132344555578238789429706519802452526944250092291750341050648184318512786548968660700357070718813668146961212642272563801477796361235765162578901803969868
122,235550291321328335268132344555578238789429706519802452526944250092291750341050648184318512786548968660700357070718813668146961212642272563801477796361235765162578901803969868
37,236455412409906839592414171601059377219470110090830194537831471217644922985920037343365992007225343787267002029240492146570704923357624524171454568970394081169431023699590255
124,235549741826652001720942791378973544490360213671802271832942381650979961142667888465265148945195009076610341372413897827430113562529324873619745809783948384546361447978461017
32,235549741826652001720942791378973544490360213671802271832942381650979961142667888465265148945195009076610341372413897827430113562529324873619745809783948384546361447978461017
109,229084577203918392240654316451437986657046035375160773203028029959922949636006921675261377662597166323617810274585785054828822038668970623610033917543609420020081389639289405
41,236455412409906839592414171601059377219470110090830194537831471217644922985920037343365992007225343787267002029240492146570704923357624524171454568970394081169431023699590255
128,235549741826652001720942791378973544490360213671802271832942381650979961142667888465265148945195009076610341372413897827430113562529324873619745809783948384546361447978461017
42,236455412409906839592414171601059377219470110090830194537831471217644922985920037343365992007225343787267002029240492146570704923357624524171454568970394081169431023699590255
38,236455412409906839592414171601059377219470110090830194537831471217644922985920037343365992007225343787267002029240492146570704923357624524171454568970394081169431023699590255
126,235550291321328335268132344555578238789429706519802452526944250092291750341050648184318512786548968660700357070718813668146961212642272563801477796361235765162578901803969868
130,235550291321328335268132344555578238789429706519802452526944250092291750341050648184318512786548968660700357070718813668146961212642272563801477796361235765162578901803969868
113,229084577203918392240654316451437986657046035375160773203028029959922949636006921675261377662597166323617810274585785054828822038668970623610033917543609420020081389639289405
121,229084577203918392240654316451437986657046035375160773203028029959922949636006921675261377662597166323617810274585785054828822038668970623610033917543609420020081389639289405
117,229084577203918392240654316451437986657046035375160773203028029959922949636006921675261377662597166323617810274585785054828822038668970623610033917543609420020081389639289405
36,235549741826652001720942791378973544490360213671802271832942381650979961142667888465265148945195009076610341372413897827430113562529324873619745809783948384546361447978461017
127,229084577203918392240654316451437986657046035375160773203028029959922949636006921675261377662597166323617810274585785054828822038668970623610033917543609420020081389639289405
39,235549741826652001720942791378973544490360213671802271832942381650979961142667888465265148945195009076610341372413897827430113562529324873619745809783948384546361447978461017
123,229084577203918392240654316451437986657046035375160773203028029959922949636006921675261377662597166323617810274585785054828822038668970623610033917543609420020081389639289405
135,229084577203918392240654316451437986657046035375160773203028029959922949636006921675261377662597166323617810274585785054828822038668970623610033917543609420020081389639289405
43,235549741826652001720942791378973544490360213671802271832942381650979961142667888465265148945195009076610341372413897827430113562529324873619745809783948384546361447978461017
131,229084577203918392240654316451437986657046035375160773203028029959922949636006921675261377662597166323617810274585785054828822038668970623610033917543609420020081389639289405
129,229084577203918392240654316451437986657046035375160773203028029959922949636006921675261377662597166323617810274585785054828822038668970623610033917543609420020081389639289405
125,229084577203918392240654316451437986657046035375160773203028029959922949636006921675261377662597166323617810274585785054828822038668970623610033917543609420020081389639289405
40,235549741826652001720942791378973544490360213671802271832942381650979961142667888465265148945195009076610341372413897827430113562529324873619745809783948384546361447978461017
88,235549741826652001720942791378973544490360213671802271832942381650979961142667888465265148945195009076610341372413897827430113562529324873619745809783948384546361447978461017
18,236455412409906839592414171601059377219470110090830194537831471217644922985920037343365992007225343787267002029240492146570704923357624524171454568970394081169431023699590255
86,235550291321328335268132344555578238789429706519802452526944250092291750341050648184318512786548968660700357070718813668146961212642272563801477796361235765162578901803969868
21,236455412409906839592414171601059377219470110090830194537831471217644922985920037343365992007225343787267002029240492146570704923357624524171454568970394081169431023699590255
90,235550291321328335268132344555578238789429706519802452526944250092291750341050648184318512786548968660700357070718813668146961212642272563801477796361235765162578901803969868
92,235549741826652001720942791378973544490360213671802271832942381650979961142667888465265148945195009076610341372413897827430113562529324873619745809783948384546361447978461017
89,229084577203918392240654316451437986657046035375160773203028029959922949636006921675261377662597166323617810274585785054828822038668970623610033917543609420020081389639289405
85,229084577203918392240654316451437986657046035375160773203028029959922949636006921675261377662597166323617810274585785054828822038668970623610033917543609420020081389639289405
20,235549741826652001720942791378973544490360213671802271832942381650979961142667888465265148945195009076610341372413897827430113562529324873619745809783948384546361447978461017
95,229084577203918392240654316451437986657046035375160773203028029959922949636006921675261377662597166323617810274585785054828822038668970623610033917543609420020081389639289405
23,235549741826652001720942791378973544490360213671802271832942381650979961142667888465265148945195009076610341372413897827430113562529324873619745809783948384546361447978461017
91,229084577203918392240654316451437986657046035375160773203028029959922949636006921675261377662597166323617810274585785054828822038668970623610033917543609420020081389639289405
80,235549741826652001720942791378973544490360213671802271832942381650979961142667888465265148945195009076610341372413897827430113562529324873619745809783948384546361447978461017
14,236455412409906839592414171601059377219470110090830194537831471217644922985920037343365992007225343787267002029240492146570704923357624524171454568970394081169431023699590255
78,235550291321328335268132344555578238789429706519802452526944250092291750341050648184318512786548968660700357070718813668146961212642272563801477796361235765162578901803969868
84,235549741826652001720942791378973544490360213671802271832942381650979961142667888465265148945195009076610341372413897827430113562529324873619745809783948384546361447978461017
17,236455412409906839592414171601059377219470110090830194537831471217644922985920037343365992007225343787267002029240492146570704923357624524171454568970394081169431023699590255
82,235550291321328335268132344555578238789429706519802452526944250092291750341050648184318512786548968660700357070718813668146961212642272563801477796361235765162578901803969868
81,229084577203918392240654316451437986657046035375160773203028029959922949636006921675261377662597166323617810274585785054828822038668970623610033917543609420020081389639289405
16,235549741826652001720942791378973544490360213671802271832942381650979961142667888465265148945195009076610341372413897827430113562529324873619745809783948384546361447978461017
77,229084577203918392240654316451437986657046035375160773203028029959922949636006921675261377662597166323617810274585785054828822038668970623610033917543609420020081389639289405
87,229084577203918392240654316451437986657046035375160773203028029959922949636006921675261377662597166323617810274585785054828822038668970623610033917543609420020081389639289405
19,235549741826652001720942791378973544490360213671802271832942381650979961142667888465265148945195009076610341372413897827430113562529324873619745809783948384546361447978461017
83,229084577203918392240654316451437986657046035375160773203028029959922949636006921675261377662597166323617810274585785054828822038668970623610033917543609420020081389639289405
10,236455412409906839592414171601059377219470110090830194537831471217644922985920037343365992007225343787267002029240492146570704923357624524171454568970394081169431023699590255
70,235550291321328335268132344555578238789429706519802452526944250092291750341050648184318512786548968660700357070718813668146961212642272563801477796361235765162578901803969868
72,235549741826652001720942791378973544490360213671802271832942381650979961142667888465265148945195009076610341372413897827430113562529324873619745809783948384546361447978461017
13,236455412409906839592414171601059377219470110090830194537831471217644922985920037343365992007225343787267002029240492146570704923357624524171454568970394081169431023699590255
76,235549741826652001720942791378973544490360213671802271832942381650979961142667888465265148945195009076610341372413897827430113562529324873619745809783948384546361447978461017
74,235550291321328335268132344555578238789429706519802452526944250092291750341050648184318512786548968660700357070718813668146961212642272563801477796361235765162578901803969868
73,229084577203918392240654316451437986657046035375160773203028029959922949636006921675261377662597166323617810274585785054828822038668970623610033917543609420020081389639289405
69,229084577203918392240654316451437986657046035375160773203028029959922949636006921675261377662597166323617810274585785054828822038668970623610033917543609420020081389639289405
12,235549741826652001720942791378973544490360213671802271832942381650979961142667888465265148945195009076610341372413897827430113562529324873619745809783948384546361447978461017
75,229084577203918392240654316451437986657046035375160773203028029959922949636006921675261377662597166323617810274585785054828822038668970623610033917543609420020081389639289405
15,235549741826652001720942791378973544490360213671802271832942381650979961142667888465265148945195009076610341372413897827430113562529324873619745809783948384546361447978461017
79,229084577203918392240654316451437986657046035375160773203028029959922949636006921675261377662597166323617810274585785054828822038668970623610033917543609420020081389639289405
66,235550291321328335268132344555578238789429706519802452526944250092291750341050648184318512786548968660700357070718813668146961212642272563801477796361235765162578901803969868
9,236455412409906839592414171601059377219470110090830194537831471217644922985920037343365992007225343787267002029240492146570704923357624524171454568970394081169431023699590255
68,235549741826652001720942791378973544490360213671802271832942381650979961142667888465265148945195009076610341372413897827430113562529324873619745809783948384546361447978461017
64,235549741826652001720942791378973544490360213671802271832942381650979961142667888465265148945195009076610341372413897827430113562529324873619745809783948384546361447978461017
6,236455412409906839592414171601059377219470110090830194537831471217644922985920037343365992007225343787267002029240492146570704923357624524171454568970394081169431023699590255
62,235550291321328335268132344555578238789429706519802452526944250092291750341050648184318512786548968660700357070718813668146961212642272563801477796361235765162578901803969868
65,229084577203918392240654316451437986657046035375160773203028029959922949636006921675261377662597166323617810274585785054828822038668970623610033917543609420020081389639289405
61,229084577203918392240654316451437986657046035375160773203028029959922949636006921675261377662597166323617810274585785054828822038668970623610033917543609420020081389639289405
8,235549741826652001720942791378973544490360213671802271832942381650979961142667888465265148945195009076610341372413897827430113562529324873619745809783948384546361447978461017
67,229084577203918392240654316451437986657046035375160773203028029959922949636006921675261377662597166323617810274585785054828822038668970623610033917543609420020081389639289405
11,235549741826652001720942791378973544490360213671802271832942381650979961142667888465265148945195009076610341372413897827430113562529324873619745809783948384546361447978461017
71,229084577203918392240654316451437986657046035375160773203028029959922949636006921675261377662597166323617810274585785054828822038668970623610033917543609420020081389639289405
5,236455412409906839592414171601059377219470110090830194537831471217644922985920037343365992007225343787267002029240492146570704923357624524171454568970394081169431023699590255
60,235549741826652001720942791378973544490360213671802271832942381650979961142667888465265148945195009076610341372413897827430113562529324873619745809783948384546361447978461017
58,235550291321328335268132344555578238789429706519802452526944250092291750341050648184318512786548968660700357070718813668146961212642272563801477796361235765162578901803969868
54,235550291321328335268132344555578238789429706519802452526944250092291750341050648184318512786548968660700357070718813668146961212642272563801477796361235765162578901803969868
56,235549741826652001720942791378973544490360213671802271832942381650979961142667888465265148945195009076610341372413897827430113562529324873619745809783948384546361447978461017
63,229084577203918392240654316451437986657046035375160773203028029959922949636006921675261377662597166323617810274585785054828822038668970623610033917543609420020081389639289405
7,235549741826652001720942791378973544490360213671802271832942381650979961142667888465265148945195009076610341372413897827430113562529324873619745809783948384546361447978461017
59,229084577203918392240654316451437986657046035375160773203028029959922949636006921675261377662597166323617810274585785054828822038668970623610033917543609420020081389639289405
57,229084577203918392240654316451437986657046035375160773203028029959922949636006921675261377662597166323617810274585785054828822038668970623610033917543609420020081389639289405
53,229084577203918392240654316451437986657046035375160773203028029959922949636006921675261377662597166323617810274585785054828822038668970623610033917543609420020081389639289405
4,235549741826652001720942791378973544490360213671802271832942381650979961142667888465265148945195009076610341372413897827430113562529324873619745809783948384546361447978461017
52,235549741826652001720942791378973544490360213671802271832942381650979961142667888465265148945195009076610341372413897827430113562529324873619745809783948384546361447978461017
2,236455412409906839592414171601059377219470110090830194537831471217644922985920037343365992007225343787267002029240492146570704923357624524171454568970394081169431023699590255
142,235550291321328335268132344555578238789429706519802452526944250092291750341050648184318512786548968660700357070718813668146961212642272563801477796361235765162578901803969868
48,235549741826652001720942791378973544490360213671802271832942381650979961142667888465265148945195009076610341372413897827430113562529324873619745809783948384546361447978461017
50,235550291321328335268132344555578238789429706519802452526944250092291750341050648184318512786548968660700357070718813668146961212642272563801477796361235765162578901803969868
46,236455412409906839592414171601059377219470110090830194537831471217644922985920037343365992007225343787267002029240492146570704923357624524171454568970394081169431023699590255
1,236455412409906839592414171601059377219470110090830194537831471217644922985920037343365992007225343787267002029240492146570704923357624524171454568970394081169431023699590255
138,235550291321328335268132344555578238789429706519802452526944250092291750341050648184318512786548968660700357070718813668146961212642272563801477796361235765162578901803969868
140,235549741826652001720942791378973544490360213671802271832942381650979961142667888465265148945195009076610341372413897827430113562529324873619745809783948384546361447978461017
45,236455412409906839592414171601059377219470110090830194537831471217644922985920037343365992007225343787267002029240492146570704923357624524171454568970394081169431023699590255
136,235549741826652001720942791378973544490360213671802271832942381650979961142667888465265148945195009076610341372413897827430113562529324873619745809783948384546361447978461017
134,235550291321328335268132344555578238789429706519802452526944250092291750341050648184318512786548968660700357070718813668146961212642272563801477796361235765162578901803969868
55,229084577203918392240654316451437986657046035375160773203028029959922949636006921675261377662597166323617810274585785054828822038668970623610033917543609420020081389639289405
3,235549741826652001720942791378973544490360213671802271832942381650979961142667888465265148945195009076610341372413897827430113562529324873619745809783948384546361447978461017
51,229084577203918392240654316451437986657046035375160773203028029959922949636006921675261377662597166323617810274585785054828822038668970623610033917543609420020081389639289405
49,229084577203918392240654316451437986657046035375160773203028029959922949636006921675261377662597166323617810274585785054828822038668970623610033917543609420020081389639289405
0,235549741826652001720942791378973544490360213671802271832942381650979961142667888465265148945195009076610341372413897827430113562529324873619745809783948384546361447978461017
141,229084577203918392240654316451437986657046035375160773203028029959922949636006921675261377662597166323617810274585785054828822038668970623610033917543609420020081389639289405
143,229084577203918392240654316451437986657046035375160773203028029959922949636006921675261377662597166323617810274585785054828822038668970623610033917543609420020081389639289405
47,235549741826652001720942791378973544490360213671802271832942381650979961142667888465265148945195009076610341372413897827430113562529324873619745809783948384546361447978461017
139,229084577203918392240654316451437986657046035375160773203028029959922949636006921675261377662597166323617810274585785054828822038668970623610033917543609420020081389639289405
137,229084577203918392240654316451437986657046035375160773203028029959922949636006921675261377662597166323617810274585785054828822038668970623610033917543609420020081389639289405
133,229084577203918392240654316451437986657046035375160773203028029959922949636006921675261377662597166323617810274585785054828822038668970623610033917543609420020081389639289405
44,235549741826652001720942791378973544490360213671802271832942381650979961142667888465265148945195009076610341372413897827430113562529324873619745809783948384546361447978461017
