42,428415451651874378354826307886783631808428113192986680910479067271561174497
44,428418098603657899935432364973041316227153945377413914415194946547244933784
40,428418058404502113170564994830259670354986585489747224625055282344211914376
6,430092980276219283410171936764673363669764893990221333240211804477902152320
16,429884885714290808848228644009538625190884395097167447113102246621512940526
37,428415119459775424723253336693472996476529269771825625401239929078521527887
41,428418967051700565258080764458955418242953398869900899566268314859726154944
38,416650897573298264242341672037168637584781687301083909369161164654696752972
36,428415711374866537206775697886055687627371140412318699495533611906548497900
43,416656679335326280085527476372152729612005904888003511569754214174269366830
5,428418967051700565258080764458955418242953398869900899566268314859726154944
39,416656643428467385026640683315496037240357078702471935008958804716621308582
3,430093157328692345818413778761475331613241413125181393469934257549298294264
35,428418088984840843522073225557798968704726280079532371633514055625633142238
31,428422410489120337536304537224419808981426884944857179527998324419427998266
33,428421662198066180871054521966024675520313502670929444838559021224323132671
45,428416059083969262980182228488932195159140835456953968155216818343216250048
49,428418127358388952007642834487452043617776269511306664657591607224079526538
53,428421150105939281832614601754013208185105945556381022625656041961384845658
9,430092981789778831610689563451700432179053290776158165210545284043184373064
46,428416818569169259685248102779218397412705166732573881225161743150704385931
17,429884900695832035618253131495033924261489589179722905228757471940341830022
7,429884316791520408059821297229418801517137545635219642857097437957555568367
27,428424505016030218381643869992942185458711008305418158978925560067087414025
32,428419715900634566670954450448598674283150340182611617744549560757545482541
54,428425062787374993226189922179483571036447392944939057264346457764176121068
50,428419518086175428131862749857476499787432725765247484710436365140247997681
30,416660883006044850553521419146386054147051372734111505919408185747621894103
2,428419715900634566670954450448598674283150340182611617744549560757545482541
34,416656858187007557304069832497668228571033787318978130888249143181154442383
14,429690438082487754393272527565811377820406368101325853065706481661243146381
29,403041202435402937963201950927982367663343039425959617063331387437477182209
28,426810978068035549015260770928689112211232624861373276264583282449346059481
4,430043004331553930341123361069785531600760540765314415039029223121375730811
22,403041202435402937963201950927982367663343039425959617063331387437477182209
12,430044763550195431519420160546811133280150039755208310685459892242814466162
59,416695314198764435920881671883830579897711380325249935967227167155846575964
58,428456110122990727657037957295872144921096429694177429344582369160782987230
18,429891345906300925716718601932423467303156690234544732917519833051730001234
51,428422224788691800282578818088949886370958104821149233049612437422220914539
8,428419518086175428131862749857476499787432725765247484710436365140247997681
52,416659883538840001261324840504694515176367230653025388884990277381762239499
23,416697609528435342785877022063915245264535587602633414012455686150248304552
13,429891865383495230076241499430164457500203897799782224055832496633310354994
24,428458030177586958619056361250980268156383111596717038368735438691390413846
15,429891854684603470660910886648118678609002228531684925205062457984665863834
57,416695314198764435920881671883830579897711380325249935967227167155846575964
48,416656833806750898883937656352177396742802706667254416824468801577406930429
11,416695314198764435920881671883830579897711380325249935967227167155846575964
19,416697609528435342785877022063915245264535587602633414012455686150248304552
26,428421096011308347476942467428837403347217862284994918159479676822736379063
25,428422491116795165081507056390197967363570946679338996970694679216406244674
0,416697609528435342785877022063915245264535587602633414012455686150248304552
60,403042772981625015626414814353488150867669954794925814067815291924068963186
10,429689857489891163959514784263933327934601402287713824787189617962774217067
55,426811316992015368811336021281771714457533755432654458229450259497445799063
47,416657453319471293434806574749529666798458252378484686604974301484446328531
56,403042772981625015626414814353488150867669954794925814067815291924068963186
21,416663963052850003228750576772748630654471291520707899215636505019838446331
20,416661358626335154466236901932627439671866350315824027599980120156444067251
1,428421096011308347476942467428837403347217862284994918159479676822736379063
