102,6892053330032902264024644224022956972036856868909224981917272268232294125305975284764492290456694825000995153213849134
26,7162316807108610587202414522315116538513115143572219574102396923175206957980971516037013405110539929669042478199662761
104,6900206669728085588128724073973921338405801049704773742122731883531649833624339407524876830541530995793484570871277472
29,7160813921845136630138759574083149574417381311871941432015305919233481336250866777839522392614921728635596515759074312
108,6896567846604639960227750661324731899789070217612445067408543008055732022946044173755645600201306784724926481926108069
106,6894468948236810378838684495015565133679892071297865767483825955501672703092647791834304544582019939935825859072953616
98,7171349264649241875223908112326645358141242194350769901587363968483959411668028291987810999031678118489747624151986912
25,7448394226794892938187951230676977564596601167080743119770460618304153580622460273373642619132253982026908157729033322
100,7173519892183408726255210257441746925668779214194772436538212646391203537261722571189471011106084708590915497530849957
94,7168853237469670374522514441290537528054254893118149785009618758774799745471047899808766462154617253406811578841839855
96,7177324261697676946076761625510199511928109723999097942972815050894749890739923440763595661685015575772970262386263155
22,7449972398223375499240245523225605527211383633129232651535425972639326730442553340972221712931552604964619889935048334
105,6034161730540981717175882842131707622984595862639032391026311902218355062634779669272718436270349190736065537440512728
28,6475686097968816485426703525887973668129495005484436253621142833370763206479099327042121204782381340628939550973282629
101,5977337563893898020088607253250103646206669573174796386843184892834269627523989753508976230181597919696244744556022923
111,6030376915985893214578795007719729889674390987661920622117282251595882061610770751857586569081757358327444275240245331
99,6204878026710353841124658218146018845155481119555237082897563909854814797995163204522145148480585632763516817479024301
27,6721022485812274760127974037999731426760338410850848885170094927693747050846122641017788114430536350603607214007860250
97,6249408976639996104205557612654322113404646818627469160060226985158620088240584164232786338920417148701303989479025405
103,6272552080533220527288203986123185863317335814863795468801806330230884187732152069710032821904897970554682171549455233
31,6461527940218719902792279448843451256802083908765927038341031504051480007817868185488639089195297845690621871597549964
107,5965302578326100054633896932911759757212278924086036993224348559077100579925227727274658258071448959991787706281765391
24,6688692387715064385824091810216121672050310237304696077364504547078908382845509622380469446505379243161974781639534463
93,6177575155837825536039161306151258394174524119042104352494742065981004243772491625859822488055675054083428632114486219
112,6635362564271200972921774979379435743839972976457421272532144630646492191953115029502125965388078679152088524414053555
30,6887407436553868784234108226729017480479087705592481735512979983187796930624123682194028456637996666275637259493897490
110,6627511687275475003152364408003252724412844779834867145988090866269553680791127903374238144419528212192512944019171395
114,6631742874421413987398302379430265746784290280703086846870063757235837352803793305327033027567746518826210813951760300
33,6887945531914236751284644052936108454982286084279506589923289574416947438576510608524935620969960248082453542443127902
116,6634449007582156742792077325346668658167990418368954649718867810921150398243138402759241003989264695785063386841148603
113,5789250268249300443580621996102685335243416655598056812945201576484010982329252543045541304347050616984286434939185308
109,5730127297963842988575162942664399818806410861910258030330449036385314915372687110719511920146325698870079758385704883
32,6205248277222352276071106755239828540143076052344306987629007420442759290975424724748613916379965711040899670931742575
120,6523275922050152450743400288257171078057710215715979355633454248674143920184276350301918603383487919264059044019119200
34,6771115625380981813100316846786473424007640542244389352277077036632814703688042915934499477739723665922653055895372963
118,6515863005804655155264939811430338961276864417470108379603068514185251064639830398663850612416647583224369975472761684
119,5788974452509766184308383774430665810442739841198965165948633583529678957456173595040406473743497769567387085440903309
124,6520234498743343970036508931074665779625387768598945773795095028421657827039745964843452137769321611229559246364005568
37,6770051547390915598845922069788993814708165590160389477703396829530900141455207565001408747092280510380295763299702163
122,6518135635752500730365638317655552900457488711473698878218643085995413974363550800070020295666811994773569955868220735
18,7750783486103375869549266689800642172230078900519723333443903576381622956592785854634622465687253360585969649632988632
86,7458304137924683839744529338187709227210371606706242635990483270312686347870031233437976851658862045397382888526658081
88,7467091795042393963640835309955857841522842483274866004560937841778836730956127377325939315893462121897098390938992169
92,7463147971040097089930042362367494074320529601911479314282845321222039921449474757473232422902573784856192583758717269
21,7749168829605914142443837340062885898641190035324907888956779731932247881509468161988266719462314792856981934627701568
90,7460905344223213093614988338161316234954017131257213823092506211247941624530499042120777232275864282960597389220790220
115,5727892743157545801515058979275424316698227921632016076404552403083822195777812644979959655635526208138932689585680269
35,6204217157462667677560009834591818491385355114841927773546903783042563478447954543849793511409411958821772850436127514
38,6871756853758264411831748659844014173934578931756733735913584777301319583581699701730796473589476246496903286810487328
126,6615677287621364432216299698295458307435789034122031301606427973387742528843603254612384241729014386335763153738795827
128,6626827693993642992025747066333284306516807427653558337884636439785904938603779725694262374416836496141223573680386623
125,5606722641994096238048976104091443114753005036555358292422972669235012225385912661798853926380710841496343783172987194
40,6061723572050269436254999529331132068786650513776894977252488391830271690143204522158092989914216418564821161402643398
127,5701155773837588641098041402057199585080789296044323821849493101458821288005358663021528540188060475369190985740844740
129,5675537098057050593086762951482712232254927061336961456909002190187526346758239202748214958778660295345780040817624744
130,6660492832357191854964144216965791576936399855280439241450784795224794285241945470350165852599442933812576290152472048
41,6908004931817361421679746858267092208313066610506587242560942470139848666542404235847106448767221482053636169738553871
132,6672925960793733524516090386368122995128284574147219090669328460757513927396234222472459369970933011866408058834978011
123,5639514274492456601089376377593936537303292920570335113882780604584057901726407371467872867883638166982602161516494854
39,6108708941335980532634725473041904359310850620298888394076871218918135694621230464985473227348683914416468206823390643
91,6423391991766555286362747226922155779991691339449848180749724950301764251000074166866033629931086768404842123339244595
23,6955823350106852014555623641410561627133804462050731991269345742298505970239074201116055044167904342120035355997427677
95,6499041477561842267467015260485418720224864473644993995817437369572950999907521381425724579761366531995860195583582840
117,5649506685674356055499664819133501805992880750061068640372247618031726041106408555615895587964066337819728125121999053
36,6119283685493838783567907611288361849490754705486155735588079714181954382076548934445304458144929879557707377502761040
121,5721512177911389995247528361329585273284968707672091634706516110370627105388752655466651653132204036129977891665346795
89,6509212530086877649489946055728727116331971951472257165291155504173828098094251585366627902857674367804543353827004489
85,6456304064330170690498375882274064433462942712792047314919735778034516760905428799415313651867786841452072535138614756
20,6993465479939555607027759328416281065880132338747404680075482024268474350671740263591027147882516291453009912880595405
131,5621929885172232287561820979025662882204480292301607075504708476416957261312107079809724785742193054681523864277597835
43,6082108179100946504398341782482541259792433261325887446647108220149048501111079045557114088207705295698442485658997144
135,5702325279252040733161128657044068657791034033010676102255283865240301189606768947919692678160083667975614828853156616
84,7762609243572408118172022717238655409933557749649236433933084694788975268287480466373872008681327583600500256549025505
82,7760284372424411891099725705037039889269815385338204992994602886476291953241925315187744511732162402227131799533979872
17,8060118576169401340017362439982648508077980625016278416077499508361637016570390515876103904318328045821282799434842270
80,7766708255317165640652904045821576473094519993258523254290805297429266486164577213493745100573354117889063625312193585
78,7757578648106443757244912710443431325175955619841163687598814490856721641839674506104640409647511486517065197623461717
14,8061795618855565199683860768523721188098734152622848600571169867288038344762222490544075405481962212281748878987224156
87,6773618710185573410209310099943001564810176236771875575629270673081381196839105260193541135557253389731082674799158086
19,7247022090320519692578203238265484072325446894979119064423568917490217410327824134815598823580707824218897127127989262
83,6691605921649075324505758272704313396343608392229141827257791238322284148642003304631230501296618859437059637282855555
16,7237984771278785921428654472834498801272333449350982913265175626606319143213856802316069890907193157825700161565798651
77,6684907844589010096147373554606158105959914319554358607561255160936727261168641460456450343163155546976456275680022199
81,6762616933700108615012229672829352553339905689795887039924839908790332319085780396239953121143181271064049388833957157
72,8078197666844713190262846851648364360797584983310950610885950385687083853101854953964355215993638194448163128562727571
70,8068712834517721418388479837926168924889033902733195760875199715603157432485203162037726802926093813680159330822822641
13,8383391389323918989512815394442750353244928426506588654183558226107707505456832581961774783116662905567514855875722804
76,8073937783048510817301592460435171344698580050812862009459146834926925635789105245664133108493507682290108451249802853
74,8071527794819858920975847404902120250450444782943997202171261566290943033012491779704531472377465629556588621689044220
15,7525087317503043959051257023408829022330215392586427110177013150435014983143329228747028064399091452423986779612549145
75,6949095799987457354087975163133515680313822883358510911220053101151876785036615033099117057002078427467892119953248131
79,7030922559727175454420385695794125227435655503272443360868171436379098532158821726787688486370766583492582935855092536
73,7061928708572270416579187545698732524422749823203129333417636449579804260394569529880727360799884125706611632794265942
69,6987015496955485153238842222439861738620158798118041466952527967964968551894619858768366181417502652631434815767453649
12,7567070877278561591397567074431742432662022021132220663733410909624228857380560112357206289013699635347722564939434744
68,8397673569166637436569653615321832165079657449761354018951074930883807943784909271259848184583515505800451466136903735
10,8763307871905303616909360007008574188442364161748147475369876640344420712677657434846680463896553615644674011833032140
64,8443483693006776301428480954600380948726982677828607768337714664884954205805315214698205801392135729382581410706993723
6,8761507945257049615734835314212374660295015246415228023327255208279947822954959263785331123180031436565040128014952804
66,8436381482880518139747453105751005910072519609903809492037614830645356722212031738108480806899676730018165417660827006
62,8436377355637556762358285636760769219708607805224463254830547653395041307130713209949620974025637914839548146420888336
9,8762143603502391185806353729959059125685101565930412364483927374211511361002923007698443842630509828125103319192977062
67,7227704872368118976335299569642380239040868324885608286583526116187138440180279335701893312131455888074214910094659893
11,7826791642783373979530342237566100741824540883328835008327440681563486605789943974956438150525877902390477064359143282
71,7312818338494074327587276789300125500088583441420735738580612260538637336957768045514488935887414921138486828904631072
65,7435603530633895151922538249718876302321906540129948745986223108674935082491710482598392109796112400548916772133019431
8,7936322452792393498398853720672822467654610399435813491427138398617034535145559373810947328056033781079445201426399642
61,7343975217724568214730104087652674196488701909421198488975538951761497642863745196969987910941249260328576812082500016
56,8750872375274560150626159699254784251444909334953598106700637517289027102520211991561786224397972154063896137151450595
2,9083099684314738794561502635335550709118354608602782831704047000739942998401333444459325216639165233335819437791660666
54,8740681911476067766368419476573828965008493776592323671659805119309163201227387098408665726318652347649339779165548758
58,8743988459079847566256928613501418180397423624542759593407450548067629652997459343812613205597789747529856479622209771
5,9082233859885028390479735760353117290369549889989287518740950787199083171309892610534724468432009172228568198298905349
60,8746733961691911559497704691292290435128587262278745434340268143699174824464664114352702980926296956227211631181377096
57,7695358865374564517980236382166387074658467252403839261358032652584814377495978790957601754902735818005386961560845920
4,8211715952045281652602428554799695766926922517759391879928563412953895472348698663143607169134813602057285553362091597
53,7596792890978640040892793180699154229857163799974689292570758950055438883948478089611126757063216191412359601108821889
63,7616833135182139926268838505142807584623265446413180916632442694561286527250461747188606535252143422893243656561790667
59,7528238789759455015933128476310588107003047710362870368168078862916425121345640645662181349586185056489813736753137040
7,8152228599911231878918720380541116924605330569870240109095548182219350133852560040195137191455320576530956653269161727
48,9217697592102106432049715767174754206981476652168960503101712630106384182339317896796891573771528085054085320862117625
42,9636746646932288111149169144361687654760792754051912464997800051718563024757556570204992144684336325857673856262649700
136,9282757106041631892322916055390161097219020922805447311060234334784589010332171297674494734861714660103008719647272246
134,9270359928375707765845421754512886118833700445352526736380886298334565537984992227651361204986868475059875447238612202
52,9277973408506253237708241497862176469722389801019855083767538544941551477851780510967425938602505930102650903006941716
50,9274268577029644026699522884205910365178247118639779213075303619269275465147278202931596474988850308706268511574415869
138,9275611413470342445076096751007403948430493543864808354873457276238089199021179751354961716150854548207682051964424414
142,9279420553673821166646109765266997824482834533621904654212065880924341850634850867485661895518634207580016892468673460
1,9638270134661921255168071075473429776643445074858239077914118940316842518438301378648342333113357011624064886902214771
140,9281109010283243048859044070631053228682525533629460357406773689343379360653308512451699701435333330710109496459989022
46,9636523691958642353309993943163650412991387788463735567420338170833837786626147636787942320464603089921085182463269377
45,9635269248729866870746127547674996972028358959567750001669975167997803548779998985680343385768178425202483727670902761
49,8113282996275331897579699561774075834294053799045010132489290623014205271337516992345616134370789312627831041735072516
0,8728306369642138605845218777930408223207082149504474230840742679624748279177153301031472856715148772552651770756078919
141,8076656235112088308205947877588271857239522503294032001107554201501192709352746572041633173931065210615035738087419102
3,8691016254859971595975211585434634160542106459801437776056480632769363874229305645297096371743367101725272279338304604
51,8021660658626050114455766137988924483902505556832097702070068784561749383674139063007649192791716044612366269709877809
55,8090407165981143288540304440685393377194086001093770378575502579211656302345943573325511649079066923294054861037920779
44,8702751161560614036787540696238428834386255611149375731467575892230051160242734364202847996299739616853117320820910893
137,8054314507772202169111895629052288605840753833396048630170897447857170466854631040680777115679706258427682815362281655
133,8093461107105229757839153170011216872762307207106941136396622375448410795169862938384907100204733191539068289770821743
47,8742651238942624887813449450990654172572062167651971836595644185855848675507297169313388405441892998260410206508451794
143,8089112278415689396475223706706221150420745793493030237079912197287080975644677540469040844511707338247537400839398380
139,8127434279511525641628360517096137197128014840970294657281702414396955555680637177538033982838050530607795111175820127
