79,55279884048259826419277366573148005956227957587895878135252880
64,53604736046464304311332064773700010889096250602362885836219712
113,27587692606314922825499479726485961384582572406813821980542345
80,55279884048259826342547816723215962585598076973064638222662153
31,26802368023398703718437511065768730160595373375949516671637777
47,26802368023398703681235305077922890950593007017243460956442273
43,26802368023398703681235305077922890950593007017243460956442273
151,26802368023232152155666032386850005444548125301181442918109857
154,26802368023398703718437511065768730160595373375949516671637777
83,55279884047916313821061191797878136229380508433686726018601545
221,26802368023398703681235305077922890950593007017243460956442273
114,27587692606314922825499479726485961384582572406813821980542345
205,27636676821120122869548843908874220026312854304945330715978449
203,27636676821120122869548843908874220026312854304945330715978449
190,27636676821120122869548843908874220026312854304945330715978449
16,53604736046797407436875022131537460321190746751899033343275552
128,26802368023232152155666032386850005444548125301181442918109857
105,27587692606314922825499479726485961384582572406813821980542345
32,26802368023398703718437511065768730160595373375949516671637777
55,26802368023398703681235305077922890950593007017243460956442273
48,55273353642240245739097687817748440052625708609890661431956896
200,27584433575711578213840812067836650612274455714576814022753801
25,53503403842550153284280684616798814449576966748977494839325728
248,26751701921275076642140342308399407224788483374488747419662865
196,27584433575711578213840812067836650612274455714576814022753801
87,27587692606314922787207228005536888700563123479941520776527313
249,26751701921275076642140342308399407224788483374488747419662865
78,55175385212629845574414456011073777401126246959883041553054624
11,26802368023398703718437511065768730160595373375949516671637777
237,26751701921275076642140342308399407224788483374488747419662865
21,53503403842550072504415357005641793150659209279737618504102944
130,27587692606314881135089168456034049593308654784864709541178065
253,26751701921275036252207678502820896575329604639868809252051473
69,55175385212629762270178336912068099186617309569729419082356128
214,26802368023398663214806556681803511909752577375929166845331617
10,26751701921275036252207678502820896575329604639868809252051473
13,26751701921275036252207678502820896575329604639868809252051473
73,55175385212629762270178336912068099186617309569729419082356128
81,55279884048259742880538523156219743313864690837853906618496425
127,26802368023398663214806556681803511909752577375929166845331617
44,53604736046797326429613113363607023819505154751858333690663232
120,27587692606314881135089168456034049593308654784864709541178065
106,27587692606314881135089168456034049593308654784864709541178065
35,53497083298349727445024605222471079975320156537361093862310432
56,55273353642583634228101365622474176894099319935215057958538144
233,26748541649174863722512302611235539987660078268680546931155217
124,27587692606314881135089168456034049593308654784864709541178065
93,27587692606314922787207228005536888700563123479941520776527313
92,27584433575882947894553422541272557088926692746496739699535369
178,27636676821291817114050682811237088447049659967607528979269073
174,26748541649174863722512302611235539987660078268680546931155217
117,27587692606314881135089168456034049593308654784864709541178065
133,27587692606314881135089168456034049593308654784864709541178065
219,26802368023398663214806556681803511909752577375929166845331617
49,55168867151423156427681624135673301224548911429153628045507600
244,26751701921275076642140342308399407224788483374488747419662865
75,55175385212629845650998959452971922769165144813627643961084688
22,26802368023232152155666032386850005444548125301181442918109857
204,27636676821120122869548843908874220026312854304945330715978449
28,53497083298682080765194516443680110717918434417448222447583776
18,53604736046464304311332064773700010889096250602362885836219712
140,27587692606143491207486114621247311842261728216433451169963985
242,26748541649341040382597258221840055358959217208724111223791889
148,26802368023232152155666032386850005444548125301181442918109857
23,26802368023232152155666032386850005444548125301181442918109857
65,55175385212286982414972229242494623684523456432866902339927968
218,26802368023398663214806556681803511909752577375929166845331617
76,55279884048258486874796086459534841499759606950331790497766304
5,26802368023232152155666032386850005444548125301181442918109857
7,53604736046797407362470610155845781901186014034486921912884544
192,27584433575711578213840812067836650612274455714576814022753801
170,27639942024118527695384201120318452063172043292974242840147345
206,26748541649341040382597258221840055358959217208724111223791889
202,26751701921275076679272222765077295888080070212667948587192593
234,26748541649341040382597258221840055358959217208724111223791889
236,26748541649174863722512302611235539987660078268680546931155217
134,27587692606314881135089168456034049593308654784864709541178065
97,27587692606314922787207228005536888700563123479941520776527313
243,26748541649341040382597258221840055358959217208724111223791889
30,53503403842550153358544445530154591776160140425335897174385184
220,26751701921275076642140342308399407224788483374488747419662865
211,27584433575882947894553422541272557088926692746496739699535369
57,55279884048237055390768402240636904126344086585948485680294688
212,27584433575882947894553422541272557088926692746496739699535369
17,26802368023232152155666032386850005444548125301181442918109857
175,27639942024118527695384201120318452063172043292974242840147345
122,27636676821291817114050682811237088447049659967607528979269073
145,27587692606143491207486114621247311842261728216433451169963985
46,55168867151765895789106845082545114177853385492993479399070736
110,27587692606314922825499479726485961384582572406813821980542345
52,26802368023398703681235305077922890950593007017243460956442273
98,27584433575882947894553422541272557088926692746496739699535369
45,53503403842550072504415357005641793150659209279737618504102944
91,27639942024129243437398043229767420749879803475165895248883153
241,26751701921275076679272222765077295888080070212667948587192593
153,26751701921108839958774414178179211483405312209874861740571153
181,27639942024118527695384201120318452063172043292974242840147345
77,55168867151765895789106845082545114177853385492993479399070736
207,27584433575882947894553422541272557088926692746496739699535369
94,26751701921108839958774414178179211483405312209874861740571153
152,26751701921108839958774414178179211483405312209874861740571153
1,53497083298682080765194516443680110717918434417448222447583776
144,27587692606143491207486114621247311842261728216433451169963985
125,26751701921275036252207678502820896575329604639868809252051473
99,27584433575882947894553422541272557088926692746496739699535369
119,27587692606314881135089168456034049593308654784864709541178065
72,55273353642583634228101365622474176894099319935215057958538144
103,26751701921275036252207678502820896575329604639868809252051473
209,27584433575882947894553422541272557088926692746496739699535369
102,27639942024129243437398043229767420749879803475165895248883153
250,26748541649341040382597258221840055358959217208724111223791889
8,26802368023221406858824462903403590861428247639163393830086177
70,26748541649341040382597258221840055358959217208724111223791889
215,26751701921275036252207678502820896575329604639868809252051473
216,26751701921275036252207678502820896575329604639868809252051473
129,27587692606132431067353346031953223485912440150329807070854545
235,26748541649174863722512302611235539987660078268680546931155217
100,27639942024129243437398043229767420749879803475165895248883153
240,26751701921275076679272222765077295888080070212667948587192593
251,26802368023221406858824462903403590861428247639163393830086177
165,27636676821291817114050682811237088447049659967607528979269073
176,27636676821291817114050682811237088447049659967607528979269073
50,55175385212264862134706692063906446971824880300659614141709088
191,27587692606132431067353346031953223485912440150329807070854545
54,26748541649341040382597258221840055358959217208724111223791889
85,53604736046442813717648925806807181722856495278326787660172352
198,27587692606132431067353346031953223485912440150329807070854545
247,26751701921098114974403244637045550046945396509410722008101393
246,26751701921098114974403244637045550046945396509410722008101393
89,53503403842196229948806489274091100093890793018821444016202784
4,26802368023221406858824462903403590861428247639163393830086177
226,26751701921098114974403244637045550046945396509410722008101393
82,55279884047894151646325454738269906151695760755774499774552705
197,27587692606132431067353346031953223485912440150329807070854545
67,26748541649341040382597258221840055358959217208724111223791889
86,26802368023221406858824462903403590861428247639163393830086177
90,27584433575882947894553422541272557088926692746496739699535369
135,27587692606132431067353346031953223485912440150329807070854545
138,27587692606132431067353346031953223485912440150329807070854545
222,26751701921275076679272222765077295888080070212667948587192593
12,26751701921275036252207678502820896575329604639868809252051473
161,26802368023221406858824462903403590861428247639163393830086177
160,26802368023221406858824462903403590861428247639163393830086177
157,26802368023221406858824462903403590861428247639163393830086177
112,26802368023221406858824462903403590861428247639163393830086177
71,26748541649341040382597258221840055358959217208724111223791889
210,26802368023398663214806556681803511909752577375929166845331617
155,26751701921098114974403244637045550046945396509410722008101393
228,26751701921098114974403244637045550046945396509410722008101393
118,27636676821291817114050682811237088447049659967607528979269073
66,55175385212264862134706692063906446971824880300659614141709088
143,27587692606132431067353346031953223485912440150329807070854545
58,53503403842196229948806489274091100093890793018821444016202784
104,26751701921098114974403244637045550046945396509410722008101393
126,27587692606132431067353346031953223485912440150329807070854545
225,26751701921098114974403244637045550046945396509410722008101393
232,26751701921098114974403244637045550046945396509410722008101393
177,26751701921098114974403244637045550046945396509410722008101393
188,26751701921098114974403244637045550046945396509410722008101393
141,27587692606132431067353346031953223485912440150329807070854545
187,26751701921098114974403244637045550046945396509410722008101393
142,27587692606132431067353346031953223485912440150329807070854545
101,27639942024129243437398043229767420749879803475165895248883153
223,26748541649174863722512302611235539987660078268680546931155217
111,27636676821291817114050682811237088447049659967607528979269073
217,26751701921275036252207678502820896575329604639868809252051473
136,26751701921108839958774414178179211483405312209874861740571153
88,26802368023232152155666032386850005444548125301181442918109857
239,26748541649341040382597258221840055358959217208724111223791889
131,27587692606143491207486114621247311842261728216433451169963985
213,26751701921098114974403244637045550046945396509410722008101393
199,27587692606132431067353346031953223485912440150329807070854545
231,26751701921098114974403244637045550046945396509410722008101393
245,26751701921098114974403244637045550046945396509410722008101393
184,26751701921098114974403244637045550046945396509410722008101393
42,53503403842196229948806489274091100093890793018821444016202784
63,53503403842217679917548828356358422966810624419749723481142304
9,26802368023221406858824462903403590861428247639163393830086177
149,26751701921108839958774414178179211483405312209874861740571153
139,27587692606132431067353346031953223485912440150329807070854545
68,55175385212264862134706692063906446971824880300659614141709088
156,26802368023232152155666032386850005444548125301181442918109857
159,26802368023232152155666032386850005444548125301181442918109857
158,26802368023232152155666032386850005444548125301181442918109857
132,26802368023232152155666032386850005444548125301181442918109857
137,26802368023221406858824462903403590861428247639163393830086177
84,55279884048258487119650137633878615859167599227318187269385721
194,27587692606314254441564529934487626818185720597376184194930001
186,26802368023398054361042490974001753143838835989002757463944609
20,26751701921274428549395907815260729035816456336849633158720017
60,55175385212628508883129059868975253636371441194752368389860000
172,27639737950458611112903089319823833742979081811814647277353041
164,27587692606314254441564529934487626818185720597376184194930001
29,26751701921274428549395907815260729035816456336849633158720017
14,53604736046796108722084981948003506287677671978005514927889216
201,27584433575711578213840812067836650612274455714576814022753801
6,26802368023398054361042490974001753143838835989002757463944609
183,26802368023398054361042490974001753143838835989002757463944609
146,26751701921274428549395907815260729035816456336849633158720017
34,26751701921274428549395907815260729035816456336849633158720017
0,26751701921274428549395907815260729035816456336849633158720017
19,53503403842548857098791815630521458071632912673699266317440032
171,27639737950458611112903089319823833742979081811814647277353041
26,26751701921274428549395907815260729035816456336849633158720017
167,27587692606314254441564529934487626818185720597376184194930001
37,26802368023398054361042490974001753143838835989002757463944609
51,55175385212628508883129059868975253636371441194752368389860000
33,26751701921274428549395907815260729035816456336849633158720017
62,53604736046464304311332064773700010889096250602362885836219712
166,27587692606314254441564529934487626818185720597376184194930001
173,26802368023398054361042490974001753143838835989002757463944609
169,27639737950458611112903089319823833742979081811814647277353041
36,26751701921274428549395907815260729035816456336849633158720017
53,53604736046796108722084981948003506287677671978005514927889216
150,26802368023232152155666032386850005444548125301181442918109857
189,27587692606314254441564529934487626818185720597376184194930001
193,27587692606314254441564529934487626818185720597376184194930001
96,27587692606314922787207228005536888700563123479941520776527313
179,27636676821291817114050682811237088447049659967607528979269073
121,27636676821291817114050682811237088447049659967607528979269073
59,55279475900917222225806178639647667485958163623629294554706080
208,26751701921275036252207678502820896575329604639868809252051473
238,26751701921275076679272222765077295888080070212667948587192593
180,27639942024118527695384201120318452063172043292974242840147345
168,27587692606314254441564529934487626818185720597376184194930001
185,26802368023398054361042490974001753143838835989002757463944609
3,27636472771728491962151417365976246757303596982303505558836617
2,27636472771728491962151417365976246757303596982303505558836617
74,55168459824093171100249332208829709972991679420250476125012752
39,53496688314272165915393291838865173307143446710545916242436640
224,26748344157136082957696645919432586653571723355272958121218321
147,26748344157136082957696645919432586653571723355272958121218321
107,27584229912046585550124666104414854986495839710125238062506377
252,27636472771728491962151417365976246757303596982303505558836617
109,27584229912046585550124666104414854986495839710125238062506377
254,27636472771728491962151417365976246757303596982303505558836617
24,55272945543456983924302834731952493514607193964607011117673232
116,27584229912046585550124666104414854986495839710125238062506377
229,26748344157136082957696645919432586653571723355272958121218321
230,26748344157136082957696645919432586653571723355272958121218321
227,26748344157136082957696645919432586653571723355272958121218321
95,26802368023398054361042490974001753143838835989002757463944609
27,26802368023398703718437511065768730160595373375949516671637777
15,53503403842548857098791815630521458071632912673699266317440032
108,26802368023232152155666032386850005444548125301181442918109857
182,26802368023398054361042490974001753143838835989002757463944609
123,26802368023232152155666032386850005444548125301181442918109857
61,53604736046442813717648925806807181722856495278326787660172352
115,27584229912046585550124666104414854986495839710125238062506377
41,26802368023398054361042490974001753143838835989002757463944609
38,26751701921274428549395907815260729035816456336849633158720017
163,27639737950458611112903089319823833742979081811814647277353041
40,26802368023398054361042490974001753143838835989002757463944609
195,27587692606314254441564529934487626818185720597376184194930001
162,26751701921274428549395907815260729035816456336849633158720017
