1,0
2,1
3,2
5,3
6,4
7,5
8,6
9,7
10,8
11,9
12,10
13,11
15,12
16,13
17,14
18,15
19,16
20,17
23,18
24,19
25,20
26,21
27,22
28,23
29,24
30,25
31,26
33,27
34,28
35,29
36,30
37,31
38,32
39,33
40,34
41,35
42,36
43,37
44,38
45,39
46,40
47,41
48,42
49,43
50,44
51,45
52,46
53,47
54,48
55,49
57,50
58,51
59,52
60,53
61,54
62,55
63,56
64,57
65,58
66,59
67,60
68,61
69,62
70,63
71,64
72,65
73,66
74,67
75,68
76,69
77,70
78,71
79,72
80,73
81,74
82,75
83,76
84,77
85,78
86,79
87,80
88,81
89,82
90,83
91,84
93,85
94,86
95,87
96,88
97,89
98,90
99,91
100,92
101,93
102,94
103,95
104,96
105,97
106,98
108,99
109,100
110,101
111,102
112,103
113,104
114,105
115,106
116,107
117,108
118,109
119,110
120,111
121,112
122,113
123,114
124,115
125,116
126,117
127,118
128,119
129,120
130,121
131,122
132,123
133,124
134,125
135,126
136,127
137,128
138,129
140,130
141,131
142,132
143,133
145,134
146,135
147,136
148,137
149,138
150,139
151,140
153,141
154,142
155,143
156,144
157,145
158,146
159,147
160,148
161,149
162,150
163,151
164,152
165,153
166,154
167,155
168,156
169,157
170,158
171,159
172,160
173,161
174,162
175,163
176,164
177,165
180,166
181,167
182,168
183,169
185,170
187,171
189,172
190,173
192,174
193,175
194,176
195,177
196,178
198,179
199,180
200,181
201,182
202,183
203,184
204,185
205,186
206,187
207,188
208,189
210,190
211,191
213,192
214,193
217,194
218,195
220,196
221,197
222,198
223,199
224,200
225,201
226,202
227,203
228,204
229,205
230,206
231,207
232,208
233,209
234,210
235,211
236,212
237,213
238,214
239,215
240,216
242,217
243,218
244,219
245,220
246,221
248,222
249,223
250,224
251,225
252,226
253,227
254,228
255,229
256,230
257,231
258,232
259,233
260,234
261,235
262,236
263,237
266,238
267,239
268,240
270,241
271,242
272,243
273,244
274,245
275,246
276,247
277,248
278,249
279,250
280,251
281,252
282,253
283,254
284,255
285,256
286,257
287,258
289,259
290,260
291,261
292,262
293,263
294,264
295,265
296,266
297,267
298,268
299,269
300,270
301,271
302,272
303,273
304,274
305,275
306,276
307,277
308,278
309,279
310,280
311,281
312,282
313,283
314,284
315,285
316,286
317,287
318,288
319,289
321,290
322,291
323,292
324,293
327,294
328,295
329,296
331,297
332,298
333,299
335,300
337,301
338,302
339,303
340,304
341,305
342,306
343,307
344,308
345,309
346,310
347,311
348,312
349,313
350,314
351,315
352,316
353,317
354,318
355,319
356,320
357,321
358,322
360,323
361,324
362,325
363,326
364,327
365,328
366,329
367,330
368,331
369,332
370,333
371,334
372,335
373,336
374,337
375,338
376,339
377,340
378,341
379,342
381,343
382,344
383,345
384,346
385,347
386,348
388,349
389,350
390,351
391,352
392,353
393,354
394,355
395,356
397,357
398,358
399,359
400,360
401,361
402,362
403,363
405,364
406,365
407,366
408,367
409,368
411,369
412,370
413,371
414,372
415,373
416,374
417,375
419,376
420,377
423,378
424,379
425,380
426,381
427,382
428,383
429,384
430,385
431,386
432,387
433,388
435,389
436,390
437,391
438,392
439,393
441,394
442,395
443,396
445,397
446,398
447,399
448,400
450,401
451,402
452,403
453,404
454,405
455,406
456,407
457,408
458,409
459,410
460,411
461,412
462,413
465,414
466,415
468,416
469,417
470,418
471,419
473,420
474,421
475,422
477,423
478,424
479,425
480,426
483,427
484,428
485,429
486,430
488,431
489,432
490,433
491,434
492,435
493,436
494,437
495,438
496,439
497,440
498,441
500,442
501,443
502,444
503,445
505,446
506,447
507,448
508,449
509,450
510,451
511,452
512,453
513,454
514,455
515,456
516,457
525,458
527,459
528,460
529,461
530,462
531,463
532,464
534,465
535,466
537,467
538,468
539,469
540,470
541,471
542,472
544,473
548,474
549,475
551,476
552,477
554,478
555,479
556,480
557,481
558,482
559,483
561,484
562,485
563,486
566,487
569,488
570,489
571,490
573,491
574,492
575,493
576,494
579,495
580,496
581,497
582,498
583,499
584,500
585,501
586,502
587,503
588,504
589,505
590,506
591,507
592,508
594,509
596,510
597,511
600,512
601,513
602,514
603,515
604,516
605,517
606,518
607,519
611,520
612,521
613,522
614,523
615,524
616,525
617,526
618,527
619,528
620,529
621,530
622,531
623,532
624,533
625,534
626,535
629,536
630,537
631,538
635,539
637,540
638,541
639,542
640,543
641,544
642,545
643,546
644,547
645,548
646,549
647,550
648,551
649,552
650,553
651,554
652,555
653,556
654,557
656,558
657,559
658,560
659,561
660,562
662,563
663,564
664,565
665,566
666,567
667,568
669,569
670,570
671,571
673,572
674,573
677,574
678,575
679,576
680,577
681,578
682,579
683,580
684,581
685,582
686,583
687,584
689,585
690,586
691,587
692,588
693,589
694,590
695,591
696,592
697,593
698,594
699,595
700,596
701,597
702,598
703,599
704,600
705,601
706,602
707,603
708,604
710,605
711,606
712,607
713,608
714,609
715,610
716,611
717,612
718,613
719,614
720,615
722,616
723,617
724,618
725,619
726,620
727,621
728,622
729,623
730,624
731,625
732,626
733,627
734,628
735,629
736,630
737,631
738,632
739,633
740,634
741,635
742,636
743,637
744,638
745,639
746,640
747,641
748,642
749,643
750,644
751,645
752,646
753,647
754,648
755,649
756,650
757,651
758,652
759,653
761,654
762,655
764,656
765,657
766,658
767,659
768,660
769,661
771,662
772,663
775,664
780,665
781,666
782,667
783,668
784,669
787,670
788,671
793,672
795,673
799,674
800,675
801,676
802,677
803,678
804,679
806,680
807,681
808,682
809,683
810,684
813,685
814,686
815,687
816,688
817,689
820,690
821,691
822,692
823,693
825,694
826,695
827,696
828,697
831,698
834,699
835,700
836,701
837,702
838,703
839,704
840,705
841,706
842,707
844,708
845,709
846,710
847,711
848,712
849,713
851,714
852,715
853,716
855,717
856,718
859,719
860,720
861,721
862,722
863,723
864,724
865,725
866,726
867,727
868,728
869,729
870,730
871,731
872,732
873,733
874,734
875,735
876,736
877,737
878,738
879,739
881,740
882,741
883,742
884,743
885,744
886,745
887,746
888,747
889,748
890,749
892,750
893,751
894,752
895,753
896,754
897,755
898,756
899,757
900,758
901,759
902,760
903,761
904,762
905,763
906,764
907,765
908,766
909,767
910,768
911,769
912,770
913,771
914,772
915,773
916,774
917,775
918,776
919,777
920,778
921,779
922,780
923,781
925,782
926,783
927,784
928,785
929,786
930,787
931,788
932,789
934,790
935,791
936,792
937,793
938,794
940,795
941,796
942,797
945,798
946,799
948,800
949,801
950,802
951,803
952,804
957,805
958,806
963,807
964,808
965,809
966,810
967,811
968,812
969,813
970,814
971,815
972,816
973,817
974,818
975,819
976,820
977,821
978,822
979,823
981,824
982,825
983,826
984,827
985,828
986,829
987,830
989,831
990,832
991,833
992,834
993,835
994,836
995,837
996,838
997,839
998,840
1000,841
1001,842
1002,843
1003,844
1004,845
1005,846
1013,847
1014,848
1015,849
1016,850
1018,851
1019,852
1020,853
1021,854
1022,855
1025,856
1027,857
1028,858
1029,859
1030,860
1031,861
1032,862
1033,863
1035,864
1036,865
1037,866
1039,867
1041,868
1043,869
1044,870
1045,871
1046,872
1047,873
1049,874
1050,875
1051,876
1052,877
1053,878
1054,879
1056,880
1057,881
1060,882
1062,883
1063,884
1064,885
1065,886
1066,887
1067,888
1068,889
1069,890
1070,891
1071,892
1073,893
1074,894
1077,895
1078,896
1079,897
1081,898
1082,899
1083,900
1084,901
1085,902
1086,903
1087,904
1088,905
1089,906
1090,907
1091,908
1092,909
1093,910
1094,911
1095,912
1096,913
1097,914
1098,915
1099,916
1100,917
1101,918
1102,919
1103,920
1104,921
1105,922
1106,923
1107,924
1108,925
1109,926
1110,927
1111,928
1113,929
1114,930
1115,931
1116,932
1117,933
1118,934
1119,935
1122,936
1123,937
1124,938
1126,939
1127,940
1128,941
1129,942
1130,943
1131,944
1132,945
1133,946
1134,947
1135,948
1136,949
1137,950
1138,951
1139,952
1140,953
1141,954
1142,955
1143,956
1144,957
1145,958
1146,959
1147,960
1148,961
1149,962
1150,963
1154,964
1155,965
1157,966
1158,967
1161,968
1163,969
1164,970
1167,971
1168,972
1169,973
1170,974
1171,975
1172,976
1173,977
1174,978
1175,979
1176,980
1177,981
1179,982
1180,983
1181,984
1182,985
1183,986
1185,987
1187,988
1190,989
1191,990
1192,991
1193,992
1194,993
1195,994
1198,995
1199,996
1200,997
1201,998
1202,999
1204,1000
1205,1001
1206,1002
1207,1003
1208,1004
1212,1005
1217,1006
1218,1007
1220,1008
1221,1009
1222,1010
1225,1011
1226,1012
1227,1013
1229,1014
1232,1015
1233,1016
1234,1017
1235,1018
1236,1019
1238,1020
1239,1021
1240,1022
1241,1023
1242,1024
1243,1025
1244,1026
1245,1027
1246,1028
1247,1029
1249,1030
1250,1031
1253,1032
1254,1033
1255,1034
1256,1035
1257,1036
1258,1037
1259,1038
1260,1039
1261,1040
1262,1041
1263,1042
1265,1043
1266,1044
1267,1045
1268,1046
1269,1047
1270,1048
1271,1049
1272,1050
1274,1051
1275,1052
1276,1053
1277,1054
1278,1055
1281,1056
1283,1057
1286,1058
1287,1059
1288,1060
1289,1061
1290,1062
1291,1063
1293,1064
1294,1065
1297,1066
1298,1067
1301,1068
1302,1069
1305,1070
1307,1071
1310,1072
1312,1073
1313,1074
1314,1075
1315,1076
1316,1077
1317,1078
1318,1079
1319,1080
1320,1081
1322,1082
1323,1083
1325,1084
1326,1085
1327,1086
1328,1087
1330,1088
1331,1089
1332,1090
1333,1091
1335,1092
1336,1093
1339,1094
1340,1095
1342,1096
1343,1097
1344,1098
1347,1099
1350,1100
1351,1101
1353,1102
1354,1103
1359,1104
1365,1105
1367,1106
1369,1107
1370,1108
1373,1109
1374,1110
1375,1111
1376,1112
1377,1113
1378,1114
1379,1115
1380,1116
1381,1117
1382,1118
1383,1119
1384,1120
1385,1121
1386,1122
1387,1123
1388,1124
1389,1125
1390,1126
1391,1127
1392,1128
1393,1129
1394,1130
1395,1131
1396,1132
1397,1133
1399,1134
1400,1135
1401,1136
1402,1137
1403,1138
1404,1139
1405,1140
1406,1141
1407,1142
1409,1143
1410,1144
1411,1145
1413,1146
1418,1147
1419,1148
1420,1149
1421,1150
1422,1151
1424,1152
1426,1153
1427,1154
1428,1155
1431,1156
1432,1157
1433,1158
1435,1159
1436,1160
1437,1161
1438,1162
1439,1163
1440,1164
1441,1165
1442,1166
1443,1167
1444,1168
1445,1169
1446,1170
1447,1171
1448,1172
1449,1173
1450,1174
1451,1175
1454,1176
1457,1177
1458,1178
1459,1179
1460,1180
1462,1181
1463,1182
1464,1183
1465,1184
1468,1185
1471,1186
1472,1187
1482,1188
1490,1189
1496,1190
1499,1191
1500,1192
1503,1193
1505,1194
1506,1195
1509,1196
1511,1197
1512,1198
1515,1199
1516,1200
1518,1201
1519,1202
1520,1203
1521,1204
1522,1205
1523,1206
1524,1207
1525,1208
1526,1209
1527,1210
1528,1211
1529,1212
1530,1213
1531,1214
1532,1215
1533,1216
1534,1217
1535,1218
1536,1219
1538,1220
1539,1221
1540,1222
1541,1223
1542,1224
1543,1225
1544,1226
1545,1227
1546,1228
1547,1229
1548,1230
1550,1231
1551,1232
1552,1233
1553,1234
1554,1235
1555,1236
1557,1237
1558,1238
1559,1239
1560,1240
1562,1241
1563,1242
1564,1243
1565,1244
1566,1245
1567,1246
1568,1247
1570,1248
1571,1249
1572,1250
1573,1251
1574,1252
1575,1253
1577,1254
1578,1255
1581,1256
1582,1257
1583,1258
1584,1259
1585,1260
1586,1261
1587,1262
1588,1263
1589,1264
1590,1265
1591,1266
1592,1267
1593,1268
1595,1269
1596,1270
1597,1271
1598,1272
1599,1273
1601,1274
1602,1275
1603,1276
1604,1277
1605,1278
1606,1279
1608,1280
1609,1281
1610,1282
1611,1283
1612,1284
1613,1285
1614,1286
1620,1287
1621,1288
1622,1289
1623,1290
1624,1291
1625,1292
1626,1293
1627,1294
1628,1295
1629,1296
1630,1297
1632,1298
1633,1299
1634,1300
1635,1301
1638,1302
1639,1303
1640,1304
1641,1305
1642,1306
1643,1307
1644,1308
1645,1309
1646,1310
1647,1311
1648,1312
1649,1313
1650,1314
1651,1315
1652,1316
1653,1317
1654,1318
1655,1319
1656,1320
1657,1321
1658,1322
1659,1323
1660,1324
1661,1325
1662,1326
1663,1327
1664,1328
1665,1329
1667,1330
1668,1331
1669,1332
1670,1333
1671,1334
1672,1335
1673,1336
1674,1337
1675,1338
1676,1339
1677,1340
1678,1341
1679,1342
1680,1343
1681,1344
1682,1345
1683,1346
1685,1347
1686,1348
1687,1349
1688,1350
1689,1351
1690,1352
1691,1353
1692,1354
1693,1355
1694,1356
1695,1357
1696,1358
1698,1359
1700,1360
1701,1361
1704,1362
1705,1363
1706,1364
1707,1365
1708,1366
1709,1367
1710,1368
1711,1369
1712,1370
1713,1371
1714,1372
1715,1373
1716,1374
1717,1375
1719,1376
1720,1377
1721,1378
1722,1379
1723,1380
1725,1381
1726,1382
1727,1383
1728,1384
1729,1385
1732,1386
1733,1387
1739,1388
1740,1389
1742,1390
1743,1391
1744,1392
1745,1393
1746,1394
1748,1395
1749,1396
1751,1397
1752,1398
1753,1399
1754,1400
1755,1401
1758,1402
1759,1403
1760,1404
1761,1405
1762,1406
1763,1407
1764,1408
1765,1409
1766,1410
1767,1411
1769,1412
1770,1413
1771,1414
1772,1415
1773,1416
1775,1417
1776,1418
1777,1419
1778,1420
1779,1421
1782,1422
1783,1423
1784,1424
1786,1425
1787,1426
1788,1427
1789,1428
1790,1429
1791,1430
1792,1431
1793,1432
1795,1433
1796,1434
1797,1435
1798,1436
1799,1437
1802,1438
1803,1439
1804,1440
1805,1441
1806,1442
1807,1443
1808,1444
1809,1445
1810,1446
1813,1447
1814,1448
1815,1449
1817,1450
1818,1451
1821,1452
1823,1453
1824,1454
1827,1455
1828,1456
1829,1457
1830,1458
1831,1459
1832,1460
1833,1461
1834,1462
1835,1463
1836,1464
1837,1465
1838,1466
1839,1467
1840,1468
1841,1469
1842,1470
1843,1471
1844,1472
1845,1473
1846,1474
1847,1475
1848,1476
1849,1477
1850,1478
1851,1479
1852,1480
1853,1481
1854,1482
1855,1483
1856,1484
1857,1485
1858,1486
1859,1487
1860,1488
1863,1489
1864,1490
1865,1491
1866,1492
1868,1493
1869,1494
1870,1495
1871,1496
1872,1497
1874,1498
1875,1499
1877,1500
1878,1501
1879,1502
1880,1503
1881,1504
1882,1505
1883,1506
1884,1507
1885,1508
1886,1509
1887,1510
1888,1511
1889,1512
1890,1513
1891,1514
1892,1515
1893,1516
1894,1517
1895,1518
1896,1519
1898,1520
1899,1521
1900,1522
1901,1523
1902,1524
1903,1525
1904,1526
1905,1527
1906,1528
1907,1529
1908,1530
1909,1531
1910,1532
1911,1533
1912,1534
1913,1535
1914,1536
1916,1537
1917,1538
1918,1539
1919,1540
1920,1541
1921,1542
1923,1543
1924,1544
1926,1545
1927,1546
1928,1547
1929,1548
1930,1549
1931,1550
1933,1551
1934,1552
1937,1553
1938,1554
1939,1555
1940,1556
1941,1557
1942,1558
1943,1559
1944,1560
1945,1561
1946,1562
1947,1563
1948,1564
1949,1565
1950,1566
1951,1567
1952,1568
1954,1569
1955,1570
1957,1571
1958,1572
1960,1573
1961,1574
1964,1575
1965,1576
1966,1577
1967,1578
1968,1579
1969,1580
1970,1581
1971,1582
1972,1583
1974,1584
1975,1585
1976,1586
1977,1587
1980,1588
1981,1589
1982,1590
1983,1591
1984,1592
1985,1593
1986,1594
1987,1595
1988,1596
1989,1597
1990,1598
1991,1599
1992,1600
1994,1601
1995,1602
1996,1603
1997,1604
1998,1605
1999,1606
2000,1607
2001,1608
2002,1609
2003,1610
2004,1611
2005,1612
2007,1613
2008,1614
2009,1615
2010,1616
2013,1617
2014,1618
2015,1619
2016,1620
2018,1621
2019,1622
2020,1623
2021,1624
2022,1625
2023,1626
2024,1627
2025,1628
2026,1629
2027,1630
2028,1631
2029,1632
2030,1633
2031,1634
2032,1635
2033,1636
2034,1637
2035,1638
2036,1639
2037,1640
2038,1641
2039,1642
2040,1643
2041,1644
2042,1645
2043,1646
2044,1647
2045,1648
2046,1649
2047,1650
2048,1651
2049,1652
2050,1653
2051,1654
2052,1655
2053,1656
2054,1657
2055,1658
2056,1659
2057,1660
2058,1661
2059,1662
2060,1663
2061,1664
2062,1665
2063,1666
2064,1667
2065,1668
2066,1669
2069,1670
2071,1671
2073,1672
2074,1673
2077,1674
2079,1675
2080,1676
2083,1677
2084,1678
2085,1679
2086,1680
2087,1681
2088,1682
2089,1683
2090,1684
2091,1685
2092,1686
2094,1687
2097,1688
2098,1689
2099,1690
2100,1691
2101,1692
2102,1693
2103,1694
2104,1695
2105,1696
2106,1697
2107,1698
2108,1699
2109,1700
2110,1701
2111,1702
2112,1703
2113,1704
2114,1705
2115,1706
2116,1707
2117,1708
2118,1709
2119,1710
2121,1711
2122,1712
2123,1713
2124,1714
2125,1715
2126,1716
2128,1717
2129,1718
2130,1719
2131,1720
2132,1721
2134,1722
2135,1723
2136,1724
2137,1725
2138,1726
2139,1727
2140,1728
2141,1729
2143,1730
2144,1731
2145,1732
2146,1733
2147,1734
2148,1735
2149,1736
2150,1737
2151,1738
2152,1739
2153,1740
2154,1741
2155,1742
2157,1743
2158,1744
2159,1745
2160,1746
2161,1747
2163,1748
2164,1749
2165,1750
2166,1751
2168,1752
2169,1753
2172,1754
2173,1755
2174,1756
2175,1757
2176,1758
2177,1759
2178,1760
2179,1761
2180,1762
2181,1763
2182,1764
2183,1765
2185,1766
2186,1767
2187,1768
2188,1769
2189,1770
2190,1771
2191,1772
2192,1773
2193,1774
2194,1775
2195,1776
2197,1777
2198,1778
2199,1779
2200,1780
2201,1781
2204,1782
2205,1783
2206,1784
2207,1785
2208,1786
2209,1787
2210,1788
2211,1789
2212,1790
2213,1791
2214,1792
2215,1793
2216,1794
2217,1795
2218,1796
2219,1797
2220,1798
2221,1799
2222,1800
2223,1801
2225,1802
2226,1803
2227,1804
2228,1805
2229,1806
2230,1807
2231,1808
2232,1809
2233,1810
2234,1811
2235,1812
2236,1813
2237,1814
2239,1815
2240,1816
2241,1817
2242,1818
2245,1819
2246,1820
2247,1821
2248,1822
2249,1823
2250,1824
2251,1825
2252,1826
2253,1827
2254,1828
2255,1829
2256,1830
2257,1831
2258,1832
2259,1833
2260,1834
2261,1835
2262,1836
2263,1837
2265,1838
2266,1839
2267,1840
2268,1841
2269,1842
2270,1843
2271,1844
2272,1845
2273,1846
2274,1847
2275,1848
2276,1849
2277,1850
2278,1851
2279,1852
2280,1853
2281,1854
2283,1855
2284,1856
2285,1857
2286,1858
2287,1859
2288,1860
2290,1861
2291,1862
2292,1863
2294,1864
2295,1865
2298,1866
2299,1867
2300,1868
2301,1869
2302,1870
2303,1871
2304,1872
2305,1873
2307,1874
2308,1875
2309,1876
2310,1877
2311,1878
2312,1879
2313,1880
2314,1881
2315,1882
2316,1883
2317,1884
2318,1885
2319,1886
2320,1887
2321,1888
2322,1889
2324,1890
2325,1891
2326,1892
2329,1893
2330,1894
2331,1895
2332,1896
2333,1897
2334,1898
2335,1899
2336,1900
2337,1901
2338,1902
2339,1903
2340,1904
2341,1905
2342,1906
2343,1907
2344,1908
2345,1909
2346,1910
2347,1911
2348,1912
2349,1913
2350,1914
2351,1915
2352,1916
2353,1917
2354,1918
2355,1919
2356,1920
2357,1921
2358,1922
2359,1923
2360,1924
2361,1925
2362,1926
2363,1927
2364,1928
2365,1929
2366,1930
2367,1931
2368,1932
2369,1933
2370,1934
2371,1935
2372,1936
2373,1937
2374,1938
2375,1939
2376,1940
2377,1941
2378,1942
2379,1943
2380,1944
2381,1945
2382,1946
2383,1947
2384,1948
2385,1949
2386,1950
2387,1951
2388,1952
2389,1953
2390,1954
2391,1955
2392,1956
2393,1957
2394,1958
2395,1959
2396,1960
2397,1961
2398,1962
2399,1963
2400,1964
2401,1965
2402,1966
2403,1967
2404,1968
2405,1969
2406,1970
2407,1971
2408,1972
2409,1973
2410,1974
2411,1975
2413,1976
2414,1977
2415,1978
2416,1979
2417,1980
2418,1981
2419,1982
2420,1983
2422,1984
2423,1985
2424,1986
2425,1987
2426,1988
2429,1989
2430,1990
2431,1991
2432,1992
2433,1993
2434,1994
2435,1995
2437,1996
2438,1997
2439,1998
2441,1999
2442,2000
2443,2001
2444,2002
2445,2003
2446,2004
2447,2005
2448,2006
2449,2007
2450,2008
2451,2009
2452,2010
2453,2011
2454,2012
2455,2013
2456,2014
2457,2015
2458,2016
2459,2017
2460,2018
2461,2019
2462,2020
2463,2021
2464,2022
2465,2023
2466,2024
2467,2025
2468,2026
2469,2027
2470,2028
2471,2029
2472,2030
2473,2031
2474,2032
2475,2033
2476,2034
2477,2035
2479,2036
2480,2037
2481,2038
2482,2039
2483,2040
2484,2041
2485,2042
2486,2043
2487,2044
2488,2045
2489,2046
2490,2047
2492,2048
2493,2049
2494,2050
2495,2051
2496,2052
2497,2053
2498,2054
2499,2055
2500,2056
2501,2057
2502,2058
2503,2059
2504,2060
2505,2061
2506,2062
2508,2063
2509,2064
2510,2065
2511,2066
2512,2067
2513,2068
2514,2069
2515,2070
2516,2071
2517,2072
2518,2073
2519,2074
2520,2075
2521,2076
2522,2077
2523,2078
2524,2079
2525,2080
2526,2081
2527,2082
2528,2083
2529,2084
2530,2085
2531,2086
2532,2087
2533,2088
2534,2089
2535,2090
2536,2091
2538,2092
2539,2093
2540,2094
2541,2095
2542,2096
2543,2097
2544,2098
2546,2099
2547,2100
2548,2101
2549,2102
2550,2103
2551,2104
2552,2105
2553,2106
2554,2107
2555,2108
2556,2109
2558,2110
2559,2111
2560,2112
2561,2113
2562,2114
2563,2115
2564,2116
2565,2117
2566,2118
2567,2119
2568,2120
2569,2121
2570,2122
2571,2123
2572,2124
2573,2125
2574,2126
2575,2127
2576,2128
2577,2129
2578,2130
2579,2131
2580,2132
2581,2133
2583,2134
2584,2135
2585,2136
2586,2137
2587,2138
2588,2139
2589,2140
2591,2141
2594,2142
2595,2143
2596,2144
2597,2145
2599,2146
2600,2147
2601,2148
2603,2149
2607,2150
2608,2151
2609,2152
2610,2153
2611,2154
2612,2155
2613,2156
2614,2157
2615,2158
2616,2159
2617,2160
2618,2161
2619,2162
2620,2163
2621,2164
2623,2165
2627,2166
2628,2167
2629,2168
2630,2169
2631,2170
2632,2171
2634,2172
2635,2173
2636,2174
2637,2175
2638,2176
2641,2177
2643,2178
2644,2179
2645,2180
2647,2181
2648,2182
2651,2183
2652,2184
2653,2185
2654,2186
2655,2187
2656,2188
2657,2189
2658,2190
2660,2191
2661,2192
2662,2193
2663,2194
2664,2195
2665,2196
2666,2197
2668,2198
2669,2199
2670,2200
2673,2201
2674,2202
2675,2203
2676,2204
2677,2205
2678,2206
2679,2207
2680,2208
2681,2209
2682,2210
2683,2211
2684,2212
2686,2213
2687,2214
2688,2215
2689,2216
2690,2217
2691,2218
2692,2219
2693,2220
2694,2221
2695,2222
2696,2223
2697,2224
2698,2225
2699,2226
2700,2227
2701,2228
2702,2229
2703,2230
2704,2231
2705,2232
2706,2233
2707,2234
2708,2235
2709,2236
2710,2237
2711,2238
2712,2239
2713,2240
2714,2241
2715,2242
2716,2243
2717,2244
2718,2245
2719,2246
2720,2247
2721,2248
2722,2249
2723,2250
2724,2251
2725,2252
2726,2253
2727,2254
2728,2255
2729,2256
2730,2257
2731,2258
2732,2259
2733,2260
2734,2261
2735,2262
2736,2263
2737,2264
2738,2265
2739,2266
2741,2267
2742,2268
2743,2269
2744,2270
2745,2271
2746,2272
2747,2273
2748,2274
2749,2275
2750,2276
2751,2277
2752,2278
2753,2279
2754,2280
2755,2281
2756,2282
2757,2283
2758,2284
2759,2285
2760,2286
2761,2287
2762,2288
2763,2289
2764,2290
2765,2291
2766,2292
2767,2293
2768,2294
2769,2295
2770,2296
2771,2297
2772,2298
2773,2299
2774,2300
2775,2301
2776,2302
2777,2303
2778,2304
2779,2305
2780,2306
2781,2307
2783,2308
2784,2309
2785,2310
2786,2311
2787,2312
2788,2313
2789,2314
2790,2315
2791,2316
2792,2317
2793,2318
2795,2319
2796,2320
2797,2321
2798,2322
2799,2323
2800,2324
2801,2325
2802,2326
2803,2327
2804,2328
2805,2329
2806,2330
2807,2331
2808,2332
2809,2333
2810,2334
2811,2335
2812,2336
2814,2337
2815,2338
2816,2339
2818,2340
2819,2341
2820,2342
2821,2343
2822,2344
2823,2345
2824,2346
2825,2347
2827,2348
2828,2349
2829,2350
2830,2351
2831,2352
2832,2353
2833,2354
2834,2355
2835,2356
2836,2357
2837,2358
2838,2359
2839,2360
2840,2361
2841,2362
2842,2363
2843,2364
2844,2365
2845,2366
2847,2367
2848,2368
2849,2369
2850,2370
2852,2371
2853,2372
2854,2373
2855,2374
2856,2375
2857,2376
2858,2377
2859,2378
2860,2379
2861,2380
2862,2381
2863,2382
2864,2383
2865,2384
2866,2385
2867,2386
2869,2387
2870,2388
2873,2389
2874,2390
2875,2391
2876,2392
2877,2393
2878,2394
2879,2395
2880,2396
2881,2397
2882,2398
2883,2399
2884,2400
2885,2401
2886,2402
2888,2403
2889,2404
2890,2405
2891,2406
2892,2407
2893,2408
2894,2409
2895,2410
2896,2411
2897,2412
2898,2413
2899,2414
2900,2415
2901,2416
2902,2417
2903,2418
2904,2419
2905,2420
2906,2421
2907,2422
2908,2423
2909,2424
2910,2425
2911,2426
2912,2427
2913,2428
2914,2429
2915,2430
2916,2431
2917,2432
2918,2433
2919,2434
2920,2435
2921,2436
2922,2437
2923,2438
2924,2439
2925,2440
2926,2441
2927,2442
2928,2443
2929,2444
2930,2445
2931,2446
2932,2447
2933,2448
2934,2449
2935,2450
2936,2451
2937,2452
2938,2453
2939,2454
2940,2455
2941,2456
2942,2457
2943,2458
2944,2459
2945,2460
2946,2461
2947,2462
2948,2463
2949,2464
2950,2465
2951,2466
2952,2467
2953,2468
2954,2469
2955,2470
2956,2471
2957,2472
2958,2473
2959,2474
2960,2475
2961,2476
2963,2477
2965,2478
2966,2479
2968,2480
2969,2481
2971,2482
2972,2483
2975,2484
2976,2485
2977,2486
2978,2487
2979,2488
2980,2489
2981,2490
2982,2491
2983,2492
2985,2493
2986,2494
2987,2495
2988,2496
2991,2497
2992,2498
2993,2499
2995,2500
2998,2501
2999,2502
3000,2503
3001,2504
3002,2505
3003,2506
3004,2507
3005,2508
3006,2509
3007,2510
3008,2511
3009,2512
3010,2513
3011,2514
3012,2515
3013,2516
3014,2517
3015,2518
3016,2519
3017,2520
3018,2521
3019,2522
3020,2523
3021,2524
3022,2525
3023,2526
3024,2527
3025,2528
3026,2529
3027,2530
3028,2531
3029,2532
3030,2533
3031,2534
3032,2535
3033,2536
3034,2537
3035,2538
3036,2539
3037,2540
3038,2541
3039,2542
3040,2543
3041,2544
3042,2545
3043,2546
3044,2547
3045,2548
3046,2549
3047,2550
3048,2551
3049,2552
3050,2553
3051,2554
3052,2555
3053,2556
3054,2557
3055,2558
3056,2559
3057,2560
3058,2561
3059,2562
3061,2563
3062,2564
3063,2565
3064,2566
3065,2567
3066,2568
3067,2569
3068,2570
3069,2571
3070,2572
3071,2573
3073,2574
3074,2575
3075,2576
3076,2577
3077,2578
3080,2579
3081,2580
3082,2581
3083,2582
3084,2583
3085,2584
3086,2585
3087,2586
3088,2587
3089,2588
3090,2589
3091,2590
3092,2591
3093,2592
3094,2593
3095,2594
3096,2595
3098,2596
3099,2597
3100,2598
3103,2599
3104,2600
3105,2601
3106,2602
3107,2603
3108,2604
3110,2605
3111,2606
3114,2607
3115,2608
3116,2609
3117,2610
3118,2611
3119,2612
3120,2613
3121,2614
3122,2615
3123,2616
3124,2617
3125,2618
3126,2619
3127,2620
3128,2621
3129,2622
3130,2623
3131,2624
3132,2625
3133,2626
3134,2627
3135,2628
3136,2629
3137,2630
3138,2631
3139,2632
3140,2633
3141,2634
3142,2635
3143,2636
3144,2637
3145,2638
3146,2639
3147,2640
3148,2641
3149,2642
3150,2643
3151,2644
3152,2645
3153,2646
3154,2647
3156,2648
3157,2649
3158,2650
3159,2651
3160,2652
3161,2653
3162,2654
3163,2655
3164,2656
3165,2657
3166,2658
3167,2659
3168,2660
3169,2661
3170,2662
3171,2663
3172,2664
3173,2665
3174,2666
3175,2667
3176,2668
3177,2669
3178,2670
3179,2671
3180,2672
3181,2673
3182,2674
3183,2675
3184,2676
3185,2677
3186,2678
3187,2679
3188,2680
3189,2681
3190,2682
3191,2683
3192,2684
3193,2685
3194,2686
3195,2687
3196,2688
3197,2689
3198,2690
3199,2691
3200,2692
3201,2693
3202,2694
3203,2695
3204,2696
3205,2697
3206,2698
3207,2699
3209,2700
3212,2701
3213,2702
3214,2703
3215,2704
3216,2705
3218,2706
3219,2707
3220,2708
3221,2709
3223,2710
3224,2711
3225,2712
3226,2713
3228,2714
3229,2715
3231,2716
3232,2717
3233,2718
3234,2719
3235,2720
3237,2721
3238,2722
3240,2723
3241,2724
3242,2725
3243,2726
3244,2727
3246,2728
3247,2729
3248,2730
3249,2731
3250,2732
3251,2733
3252,2734
3254,2735
3256,2736
3257,2737
3259,2738
3260,2739
3263,2740
3265,2741
3269,2742
3270,2743
3271,2744
3272,2745
3273,2746
3274,2747
3275,2748
3276,2749
3277,2750
3278,2751
3280,2752
3282,2753
3283,2754
3285,2755
3287,2756
3288,2757
3291,2758
3292,2759
3294,2760
3295,2761
3297,2762
3298,2763
3301,2764
3302,2765
3303,2766
3304,2767
3305,2768
3306,2769
3307,2770
3308,2771
3309,2772
3310,2773
3311,2774
3312,2775
3314,2776
3315,2777
3316,2778
3317,2779
3318,2780
3319,2781
3320,2782
3321,2783
3322,2784
3323,2785
3324,2786
3325,2787
3326,2788
3327,2789
3328,2790
3329,2791
3330,2792
3331,2793
3332,2794
3333,2795
3334,2796
3335,2797
3336,2798
3338,2799
3339,2800
3340,2801
3341,2802
3342,2803
3343,2804
3344,2805
3345,2806
3346,2807
3347,2808
3348,2809
3349,2810
3350,2811
3351,2812
3352,2813
3354,2814
3355,2815
3356,2816
3357,2817
3358,2818
3360,2819
3361,2820
3362,2821
3363,2822
3364,2823
3367,2824
3368,2825
3369,2826
3370,2827
3371,2828
3372,2829
3373,2830
3374,2831
3376,2832
3377,2833
3378,2834
3379,2835
3380,2836
3381,2837
3382,2838
3383,2839
3386,2840
3387,2841
3389,2842
3390,2843
3391,2844
3393,2845
3394,2846
3395,2847
3397,2848
3398,2849
3401,2850
3402,2851
3403,2852
3404,2853
3405,2854
3406,2855
3407,2856
3408,2857
3409,2858
3410,2859
3415,2860
3416,2861
3417,2862
3418,2863
3420,2864
3424,2865
3425,2866
3426,2867
3429,2868
3430,2869
3431,2870
3433,2871
3434,2872
3435,2873
3436,2874
3437,2875
3438,2876
3439,2877
3440,2878
3442,2879
3443,2880
3444,2881
3445,2882
3446,2883
3447,2884
3448,2885
3449,2886
3450,2887
3451,2888
3452,2889
3453,2890
3456,2891
3461,2892
3462,2893
3463,2894
3464,2895
3465,2896
3466,2897
3467,2898
3468,2899
3469,2900
3470,2901
3471,2902
3472,2903
3473,2904
3474,2905
3475,2906
3477,2907
3478,2908
3479,2909
3480,2910
3481,2911
3482,2912
3483,2913
3484,2914
3485,2915
3486,2916
3487,2917
3488,2918
3489,2919
3490,2920
3491,2921
3492,2922
3493,2923
3494,2924
3495,2925
3496,2926
3497,2927
3498,2928
3499,2929
3500,2930
3501,2931
3502,2932
3503,2933
3504,2934
3505,2935
3506,2936
3507,2937
3508,2938
3509,2939
3510,2940
3511,2941
3512,2942
3513,2943
3514,2944
3515,2945
3516,2946
3517,2947
3518,2948
3519,2949
3520,2950
3521,2951
3522,2952
3524,2953
3525,2954
3526,2955
3527,2956
3528,2957
3529,2958
3530,2959
3531,2960
3532,2961
3533,2962
3534,2963
3535,2964
3536,2965
3537,2966
3538,2967
3539,2968
3540,2969
3541,2970
3542,2971
3543,2972
3544,2973
3545,2974
3546,2975
3547,2976
3548,2977
3549,2978
3550,2979
3551,2980
3552,2981
3553,2982
3554,2983
3555,2984
3556,2985
3557,2986
3558,2987
3559,2988
3560,2989
3561,2990
3562,2991
3563,2992
3564,2993
3565,2994
3566,2995
3567,2996
3568,2997
3569,2998
3570,2999
3571,3000
3572,3001
3574,3002
3575,3003
3576,3004
3577,3005
3578,3006
3579,3007
3580,3008
3582,3009
3583,3010
3584,3011
3585,3012
3586,3013
3587,3014
3589,3015
3590,3016
3593,3017
3594,3018
3595,3019
3596,3020
3597,3021
3598,3022
3599,3023
3600,3024
3601,3025
3602,3026
3603,3027
3604,3028
3605,3029
3607,3030
3608,3031
3609,3032
3610,3033
3611,3034
3612,3035
3613,3036
3614,3037
3616,3038
3617,3039
3618,3040
3619,3041
3620,3042
3623,3043
3624,3044
3625,3045
3627,3046
3628,3047
3629,3048
3630,3049
3631,3050
3632,3051
3633,3052
3634,3053
3636,3054
3637,3055
3638,3056
3639,3057
3640,3058
3643,3059
3644,3060
3645,3061
3646,3062
3647,3063
3648,3064
3649,3065
3650,3066
3651,3067
3652,3068
3653,3069
3654,3070
3655,3071
3656,3072
3657,3073
3658,3074
3659,3075
3660,3076
3661,3077
3662,3078
3663,3079
3664,3080
3665,3081
3666,3082
3667,3083
3668,3084
3669,3085
3670,3086
3671,3087
3672,3088
3673,3089
3674,3090
3675,3091
3676,3092
3677,3093
3678,3094
3679,3095
3680,3096
3681,3097
3682,3098
3683,3099
3684,3100
3685,3101
3686,3102
3687,3103
3688,3104
3689,3105
3690,3106
3691,3107
3692,3108
3693,3109
3694,3110
3696,3111
3697,3112
3698,3113
3699,3114
3700,3115
3701,3116
3702,3117
3703,3118
3704,3119
3705,3120
3706,3121
3707,3122
3708,3123
3709,3124
3710,3125
3711,3126
3712,3127
3713,3128
3714,3129
3715,3130
3716,3131
3717,3132
3718,3133
3719,3134
3720,3135
3722,3136
3723,3137
3724,3138
3725,3139
3726,3140
3727,3141
3728,3142
3729,3143
3730,3144
3731,3145
3732,3146
3733,3147
3734,3148
3735,3149
3736,3150
3737,3151
3738,3152
3739,3153
3740,3154
3742,3155
3743,3156
3744,3157
3745,3158
3746,3159
3747,3160
3748,3161
3749,3162
3750,3163
3751,3164
3752,3165
3753,3166
3754,3167
3755,3168
3756,3169
3757,3170
3758,3171
3759,3172
3760,3173
3761,3174
3762,3175
3763,3176
3764,3177
3765,3178
3766,3179
3767,3180
3768,3181
3769,3182
3771,3183
3772,3184
3773,3185
3774,3186
3775,3187
3776,3188
3777,3189
3778,3190
3779,3191
3780,3192
3781,3193
3782,3194
3783,3195
3784,3196
3785,3197
3786,3198
3787,3199
3788,3200
3789,3201
3790,3202
3791,3203
3792,3204
3793,3205
3794,3206
3795,3207
3796,3208
3797,3209
3798,3210
3799,3211
3800,3212
3801,3213
3802,3214
3803,3215
3804,3216
3805,3217
3806,3218
3807,3219
3808,3220
3809,3221
3810,3222
3811,3223
3812,3224
3813,3225
3814,3226
3815,3227
3816,3228
3817,3229
3819,3230
3820,3231
3821,3232
3822,3233
3823,3234
3824,3235
3825,3236
3826,3237
3827,3238
3828,3239
3829,3240
3831,3241
3832,3242
3833,3243
3834,3244
3835,3245
3838,3246
3839,3247
3840,3248
3841,3249
3842,3250
3843,3251
3844,3252
3845,3253
3846,3254
3847,3255
3848,3256
3849,3257
3850,3258
3851,3259
3852,3260
3853,3261
3854,3262
3855,3263
3856,3264
3857,3265
3858,3266
3859,3267
3860,3268
3861,3269
3862,3270
3863,3271
3864,3272
3865,3273
3866,3274
3867,3275
3868,3276
3869,3277
3870,3278
3871,3279
3872,3280
3873,3281
3874,3282
3875,3283
3876,3284
3877,3285
3878,3286
3880,3287
3881,3288
3882,3289
3883,3290
3884,3291
3885,3292
3886,3293
3887,3294
3889,3295
3890,3296
3891,3297
3892,3298
3893,3299
3894,3300
3895,3301
3897,3302
3898,3303
3899,3304
3900,3305
3901,3306
3902,3307
3903,3308
3904,3309
3905,3310
3906,3311
3907,3312
3908,3313
3909,3314
3910,3315
3911,3316
3912,3317
3913,3318
3915,3319
3916,3320
3919,3321
3920,3322
3921,3323
3922,3324
3923,3325
3924,3326
3925,3327
3926,3328
3927,3329
3928,3330
3929,3331
3930,3332
3931,3333
3932,3334
3933,3335
3934,3336
3935,3337
3936,3338
3937,3339
3938,3340
3939,3341
3940,3342
3941,3343
3942,3344
3943,3345
3944,3346
3945,3347
3946,3348
3947,3349
3948,3350
3949,3351
3950,3352
3951,3353
3952,3354
3953,3355
3954,3356
3955,3357
3956,3358
3957,3359
3958,3360
3959,3361
3960,3362
3961,3363
3962,3364
3963,3365
3964,3366
3965,3367
3966,3368
3967,3369
3968,3370
3969,3371
3970,3372
3971,3373
3972,3374
3973,3375
3974,3376
3975,3377
3976,3378
3977,3379
3978,3380
3979,3381
3980,3382
3981,3383
3982,3384
3983,3385
3984,3386
3985,3387
3986,3388
3987,3389
3988,3390
3989,3391
3990,3392
3991,3393
3992,3394
3993,3395
3994,3396
3995,3397
3996,3398
3997,3399
3998,3400
3999,3401
4000,3402
4001,3403
4002,3404
4003,3405
4004,3406
4005,3407
4006,3408
4007,3409
4008,3410
4009,3411
4010,3412
4011,3413
4012,3414
4013,3415
4014,3416
4015,3417
4016,3418
4017,3419
4018,3420
4020,3421
4021,3422
4022,3423
4023,3424
4024,3425
4025,3426
4026,3427
4028,3428
4029,3429
4030,3430
4031,3431
4032,3432
4033,3433
4034,3434
4035,3435
4036,3436
4037,3437
4038,3438
4039,3439
4040,3440
4041,3441
4042,3442
4043,3443
4044,3444
4045,3445
4046,3446
4047,3447
4048,3448
4049,3449
4050,3450
4051,3451
4052,3452
4053,3453
4054,3454
4055,3455
4056,3456
4057,3457
4058,3458
4059,3459
4060,3460
4061,3461
4062,3462
4063,3463
4064,3464
4065,3465
4066,3466
4067,3467
4068,3468
4069,3469
4070,3470
4071,3471
4072,3472
4073,3473
4074,3474
4075,3475
4076,3476
4077,3477
4078,3478
4079,3479
4080,3480
4081,3481
4082,3482
4083,3483
4085,3484
4086,3485
4087,3486
4088,3487
4089,3488
4090,3489
4091,3490
4093,3491
4094,3492
4097,3493
4098,3494
4099,3495
4100,3496
4101,3497
4102,3498
4103,3499
4104,3500
4105,3501
4106,3502
4107,3503
4108,3504
4109,3505
4110,3506
4111,3507
4112,3508
4113,3509
4114,3510
4115,3511
4116,3512
4117,3513
4118,3514
4119,3515
4120,3516
4121,3517
4122,3518
4123,3519
4124,3520
4125,3521
4126,3522
4127,3523
4128,3524
4129,3525
4130,3526
4131,3527
4132,3528
4133,3529
4134,3530
4135,3531
4136,3532
4137,3533
4138,3534
4139,3535
4140,3536
4141,3537
4142,3538
4143,3539
4144,3540
4145,3541
4146,3542
4147,3543
4148,3544
4149,3545
4150,3546
4151,3547
4152,3548
4153,3549
4154,3550
4155,3551
4156,3552
4157,3553
4158,3554
4159,3555
4160,3556
4161,3557
4162,3558
4163,3559
4164,3560
4165,3561
4167,3562
4168,3563
4169,3564
4170,3565
4171,3566
4172,3567
4173,3568
4174,3569
4175,3570
4176,3571
4177,3572
4178,3573
4179,3574
4180,3575
4181,3576
4182,3577
4183,3578
4184,3579
4185,3580
4186,3581
4187,3582
4188,3583
4189,3584
4190,3585
4191,3586
4193,3587
4194,3588
4195,3589
4196,3590
4200,3591
4201,3592
4202,3593
4203,3594
4204,3595
4205,3596
4206,3597
4207,3598
4208,3599
4209,3600
4210,3601
4211,3602
4212,3603
4213,3604
4214,3605
4215,3606
4216,3607
4217,3608
4218,3609
4219,3610
4220,3611
4221,3612
4222,3613
4223,3614
4224,3615
4225,3616
4226,3617
4227,3618
4228,3619
4230,3620
4231,3621
4232,3622
4233,3623
4234,3624
4236,3625
4237,3626
4238,3627
4239,3628
4240,3629
4243,3630
4249,3631
4250,3632
4251,3633
4252,3634
4253,3635
4254,3636
4255,3637
4256,3638
4257,3639
4258,3640
4259,3641
4260,3642
4261,3643
4262,3644
4263,3645
4264,3646
4265,3647
4266,3648
4267,3649
4268,3650
4269,3651
4270,3652
4272,3653
4273,3654
4274,3655
4278,3656
4279,3657
4280,3658
4281,3659
4282,3660
4283,3661
4284,3662
4285,3663
4286,3664
4287,3665
4288,3666
4289,3667
4290,3668
4291,3669
4292,3670
4293,3671
4294,3672
4295,3673
4296,3674
4297,3675
4298,3676
4299,3677
4300,3678
4301,3679
4302,3680
4303,3681
4304,3682
4305,3683
4307,3684
4308,3685
4309,3686
4310,3687
4311,3688
4314,3689
4315,3690
4316,3691
4317,3692
4318,3693
4319,3694
4320,3695
