260,724596675351328177790055490906748683727660700560841434407818974046779796332591911541244363393626161734613542420012115058502819494378644203033603990656597777256187483132181440455920696311200627065680807856774169345566662869191921936483150246635
258,758360074032423504158423143307408563986332229964962050708971081278189030498572623693881580392452443706499718938001493016352734902634756430631119261083945912897978310097781244629861807941972009317176141876383146982409381022003307633614266219061
3,670566742813985491311158454815114491296111759395352749236026957367674112926335034301105834727464272200055271717374777709096057138461257197652466787557149541984376199459447230522490237334357459120171023984805366030307039713431465103939945528665
0,670566742813985491290381432576369357898975101255937900243069941413743247659004951890024156451312604420090540085662697072060201423053452928743981249987737434008915325534512417995608415760961578765230174149494954032311713519605704759041661534705
1,670566742813985491289209404341439244963870363288667615791568668410836748412439351758998184313186653747266891996603502063822066318263564716140539541650053793365246713580060871971596475787670883521365719240161684602457961217532619580147480920653
259,593710944399512670135724327525283357266775151970379237994395510098840016213788775829656901158049930822076537937579320042772318290212694559224286549095428206239899580043949387698121705452243441127930472825974734007458985735597171669202811878545
2,670566742813985491290485382260024233922230231805084136725445083764306115446190549249604642198326178240179140458004870008056910933868816085116169118784222445280159519826156075243658770130228573533554399212587810063375818960523608418552726697365
257,712361551032333889974191020715477819399858650071590491534498958433655723245473350173468265204515214746133924105415666549635657736494264346280743512544240975655054681663820562539214370013398672829487528416305967352932646824260143009325727476623
256,748602450708306247576722215615900810783953693824519188824814105861237213156869694982872411271079488703677716713918630353078433180785899928381943352028759265609933576413968546764831184601409192904929878556211936979516812563727614289561854496070
254,748836346449402870941678017086133409690872574806618058603008752848618393278778410868232862092423923654710414706940683288866143633816665167165806534298629361170998922602560529823947229659440937152602207931477145538163415057436245199065021754125
252,747288980680809002831689032892814139039337094926410426278193290382108316324289481942463889869783326802574163616772978804380105363275415802534317151752251647563893681459819904012303867732333822801009779509330880665981200442258310960958299109782
255,729750098591102563758072851259267237154655368750517798635162285098343621015220114275834860787072949399320845909174171270395894084714576176997376411947264849132818478510271786252210126738410629283092286369878489490930950903032636873142666554598
253,748170471806173674968347775885358106925880590055352482276606229895138089959764358184612047054378934209704452499536448027363809499551153155631969251172664679271423400699251175721164456970377067732448743918502325293189359862307705684282133192910
248,776932922414960879074002790592041318538872871970790817310412258271305836818416643974652881799997558624962530232163794097171297138739604159346410344189806963084145931988187050885108859156407756711706603768152320197213431601419466714969770487667
250,770638058839194148960501738636631661976990815464325962315669404906321738514643261300547054210535088968599453572911789148474813719851097722446296137276116808551639194251168392893222631587138711786291966026042214895772528451603069989119908984852
246,776804799123164181539100204073114454377629832407835840243217946704751891652502479757690066764611133822172304290477849875283684670943642190826585629945092220488343248600001606954280155170544633542108196096013958655612117911046622636828143167486
244,789472567604666736927026886202179571072557041127213205931746305760039073845862986412875100562239802316767953318448269092846032780604906545858363647783231517709001266130447446274567324940958660841788213765094036335723580259456897531629107491667
249,722818891149813524847210957518012579118390878717533627586318216868033492432132396547410025622042535520520600348247935029819643226649905228542967666120827312840120079957907848642911971164162642650566546340289150780000875908376832382067585147296
251,722265507970698642434241169020131351061432044770037229246967366936825676958128332212022102124113600258447572214933387193938096042345986576002421422477311165691792248444221016845691690727991096956115754769613304351946570130266421475238515946034
247,721143818197084658287203477567881294902785874736403045112284733612979215619153463247282267435959816763746960079409233558970967609322314966128804308720300781472572724774757863799318095677946437492473170467541906086190382223750220591392240336082
242,761536219054537168202749420948327386638710013184261645874972971681443249485316697668190593727698387309821282854785847783404913221995946278004090144159885616894536208790873088477751373051541252687841305140617729906618268065385277209642498237175
240,761414684495736566662146830171491489419994263261236936988135446664262432803708701269405465321320571812164908090696390293371497022891912360249982553275671349868767859195610092324344005439288573385902906174953909838138190128836425732542524923917
245,665952678289847503388707321037047850806600166169152719205696690874975108380102253835526240260829470507464949345368485893266061701255089710870442044074888216462033231855232930803105857480110178278123064286487544895057691331874491718720686249194
241,692944942919860756668125154140749002460851464124571904918622807272044867858509427801248012903251588793904271449400211364401693681788337823740929065963171714528901376006889684454586229758649797103530782586538540471215641760096503070399668179013
239,693185755806214425407967523478336308242803823517679378526442804037642807416522039444466152306801709466227220033030455646627333160921582627874698613778328565594730289831477104247576625250759183464132842522121063801458549829218056251792770118816
243,688761436765831659814871732206050443830732218307176632336298324746636357664940142260102696161910990942838808688008846533452985702252131046799279789088759962197474442119435604648017471263590592016225621132569195174163613114402203572076145379852
236,713434434303494700406427981988685212485497075347574711238675391767835166572582067541686188580439269411968168932738795057016392352490388349950801360895989849898023870018571305558230558495574556373232228507198748953136945453737019859222287731368
238,711231031279535004287310104337920863468010420133714868547466336752608576577930615570611134306351478325382059740279334374986666611829962871716088612275159567375518441014072791547666673730092174481210188449838895849909867178417086044302117880726
234,715413142776812864171680297799322731650220982551597815887582410073492361705771857423178764863781270032574892218828503914244978301789046805995619963964365946948606638010024370202840918764834879819792237670171488976602406739935145521244310669451
237,674646023176534387581628488472698222472748497190821204678651964267480643595109455103920320501576819393857564661858635990370548271668277463628539042346217421484996954074884995590498991674887557327757928280572146738426881356632078143882680808745
232,714130299141330170512239724090535694956288865780106107769649101003831629685145341598195455751119519289143686225978654910100504189896423435880976761898577013308246895336244486349813616458057766207993503435339811440554869899579870134883666148868
235,736871107706805059230132580382649339072173757094494644240813542997858883192208392240499941690874706144900611192320921737349402512616162966911786381261584607525777658520742674986064823345438852188501887472833690471540989710180611675036675955244
230,712924101679083394775404930277184022904048634822610590561274886819826215849217369986570088455742375174903986343255266492296837698645496772156152222998932490516355075882386239820565449499543168118592216738062844645084388667415800076393417847691
228,711489093766224816555734892752262405855362931375128762551652915431107016482700265867405027212539017266603152456998268638010419147189693604580217689017384636773301462844434822920239486633541081254306523756657897096549351152603634943559580646757
233,668117736085296730959198927547777385083950678850856892965053804124892491505688969819556103226943035386913109602486767492507892779581925269765964445680105200055284351679454109741568966197085361071436975523356099771117258409167273074642566340538
229,672691893711114092559922501741494451756734765075521673060603544424822703256781950272600960622819554410129570603825217206762776539356504925576116345800119668107131060379501485181774679237045906545991328813364688980621855817578986796996198814861
231,672323913278606478862341239310804073165520691166437248387533979058036742516795230430222133183378423928034342933144318031946926201455867478788252588439704203211490457116020459014584825893895313881184282247484285583815926486912669903509211468956
226,719437884497445931634582803094120547543399692804538253290170939874801942829631809419533417039281650812916596190450360177202225401467213116772646301247474373654511518030431573254406997331830887672884277772016325778133977089931953066914012223407
224,709540767789457574979832511175587437592632237037273579326597035861090764587185050906256490825673330170385989920714081476802893912510935757038916821229896061736870658867478697206485932734540090730063543502185501201244591770980703089244859082732
227,652950748118491610884025043741957920160722040480167732683884554497274482078686641102160305851337611605928419721830533387868270685980419631388422683183588405174440405074400394583811542040696564509990351212295084770093373957777850383658197624815
222,717101555541321757644703465180154501865880291329005845909095092286993894447346627667079779753046203991370186215017358486049211400938207701767901707076660484752652844796797579914412353007745358408895380045774575231410655770982221556327499540266
220,711927990764077380134190042420698999426997928589691916118920888919718043868963522444072566742841261438665894583997126619058846151917281826533048168992478101612704172326955377830237545677267505864173326872700151801922778253002277063582133952253
223,674630336711302384357842435165918121508783237535555402237429405061316086227431936255403916293026132031163112277991565670026878467275394008735839385386353395430736125223025074791373308687339350988853880010749543461225980316288453494479074577968
225,674366869798445888109635493991520701412043586854501973792372943231095217629712640880103146339023999911721121724017668648330570464305380150041576347138703230002013282965663602847658226852343985308972443382959593254286406547022168233655382840145
218,739778402339745262752088140322019504015085751571492051092610405047042108547578382010557557626160613259455870339234197227671155312679207075103354693100278481176593203814129061645343835806618452638910589199531291632619370039004122655706397662341
221,652411619256331592098891679635074365783774056901703328022239607287419112756376540779961750492367570482307263394420086870925744645068469430150317860451806947442765980329440384765933467604589717048151619434259582276723045624748691757395558072900
216,714192917965176245473768010429106834638486374304101523930139250043878894502498558934913737249468369124050806840999117809053423003282622676390393156490160329665699023542894061142029956189019373811663899323510723784185064236680629985502914593991
219,650883573896501905175706576182412279788370555406667420903833908393019102490497491094598531661295819980005213991851464417333082695192519653230860588120966226167533764211626134070661406129334064608511667379119119615756635293137909430819121770733
214,731737734860152358144577160673498738479525487593104802612773631610357210915835638128339866749378161484384952908594112076492231158011978081892903742314540034261310473843411348878148347926288565915738280100640727017903061508101131907265971376404
217,649536546350582832016471869441617380495044433581890554731125878916381567269931306448193482159172356125104143751508345449989343858853832020245721162623985054780073894012183031745469884066497579858846286023815158660325867644143237724469928427286
212,710480743549837207796209855040519434394785892937380309142766496778595747700055678037856397800081686845071255043141096067171419478174418214712959398540123844607142590093751623152161081245547087092979773499086366961869824083034433314882034316818
210,729300629667831990453552445978292114890218605421830049173719739879949017347949240399583344437000671787851487988186780194884811471727952881336988099573570936056575046298003865443230590585541106519942565424841809193861316124428425533268668177404
208,774459013590096772342139889246343837457716612152485277021936622842000953988194787103431860109189247325036316936611157651046934413266240911681753677707057560673933021037485739627117331669215157224020430298129366075974683757316678530869004238020
213,713655045814645595741922320098276795924009973774261113653099387628621593622139282229590788170875367897840260875389941887202868991665113629984557833094885254691543022483937170667353638188864665034444387237372601016964714966453192640439991666821
211,715523921542211895074038233568173911360323901302757956238851620490809183663956256923397136670740912004199517416821402835677528171161783045842172621029867472730203593846623833182846938919999281312894124215172765554302513027338373559012232970824
215,706369137616267018147312981951599902662999632221244383490173138512083012854248534271152937659080669419221951391529964434587085405159813539549217703541526317072385470534473544323639892365206615113850031735704102530317668764230957979523251116491
206,713925116647760183223267105755266893013543322061127115468674222810487512316028844170700985828230519289331048540457843331848889455282788714080353900139944338512093908555963468115501883121737440219870049380714405523302407488332192951787786088976
209,640757261593530888148761414594507349935930370277124796059155836456044879738113423522578811313529429355433662804542426694023037245369466555303479425022090343704292672372735000103603541585138970587927016494136524873805729274465743544586445462050
204,693979342406824675619380449666477494486226615952944528315839733248559106009407190365951002370577474522316226760446281511299093576183139107668932431586099405411937158069506363231890122647874774854446581286300030604448145698516224762055574223923
207,656329221047715113434738351446020211357696912912066201106914557415728263709664693474116470459931583498926529844337795015406880915613654255982288418191860457828272874883427146283289849503057774355344187461277010966177383425683778247447534098596
202,749799708171748552479175345980598239702290228367737644343046084524807469368596680903813276100105883020163617397465274091305742557891856940010768677188315524267100438798009691013029674428557916487350038936887936818240956129842246264037898086924
205,638060015172011739621208375584951302400055929420530431937599655351811906368884564647603505238756313939731192314646170809116860077152400829960439661460974389186599122455902266994683316943902069693498497061725139941635871235086241990723366535642
203,626439043287824358946367514151084682874504021816595831307676666986809473858448560332419369322841371512997056102724462087698215823139516266526667630665911030049004532759349388211203398891661729865192403306894680861891828567199303394939493620278
201,628134452820382023719787544135010291640161877810236041518898987769609335358329727760851188287243956485985153180041530383290184790715053496434560841535261639007413383212992688814011439039386512467650772924860361873236182836812960433154159629301
200,683196349208061598302727016229265848001249295685944786282829777474688098144521841079337228846085850792147408143303413841899273699888808014316671863577333551177462667190708729660096598272199652211632197504868838723079524594386809875076302153275
198,687525325679253187678938642136665717217272605119890638040354974775505344193603918564038063508312299567856025116567419640022060931408660856126496591111015452507817148274596410136633072111810157483300788534022396205915422390727123827002811181584
196,687872800473525182901727586275831628910643444635023462060624297238106834311214738645018831737452814276186655390793728541465044421555021461560746958843550688227438212874228610535955048682969149665223965385879790265417473808196017317561602262918
199,626729561733757277749635878310469241687222013486477960723274948828480322648666173958227817137349363807062540365009156006117114995863549012046095683051221797154907308446220373045167349013462044769873578617197383677202574654581616568341644339777
194,667195073857220953174332113001491467872290780606756331177391979042526025821277971883683871851857976849241150987164882315138195938197889335981113047076728624101109943626277752424676991989866695796779391305996635099740945305637768005378786974923
197,624442632041856974473733722334285230943691479910736774467667379547974202406231914226568495769589914293843661112516927719897088129238228541989311806340192902197270614162724777324287011038523425824399809634714022601966434409862224133689306516252
195,630110291872029045941939251629044819995433283157729425620098051011755796777845119721192223005055911813975444301541004641220353069831397013421114208015007008293706329256387417649137484614984867550041438569550183512624918061471419736701873888699
193,618901178435594194958274871259024329257578626284055245269041988904235142370111517283422094027351467286272405749222702568309481621773442883992162632821351282698746662512839783915302492187786986593067185329581331645670247864198992979800205236177
192,716549274332384212483544216512433900235640968242342542085726820886642530896115281444161701720109730481276001757609177205239820850102985242012626841142613962041005546660379208506670704430529727946063224561078711030862949671974831785134963570020
188,725429872116506584522184205745555557211918805979205978646353667908913065110283213787804369122893974213004637805080753536032274444522917692374866930475224831397771646525860970319499606268074505928493860503081318733572667130387372572657006962067
190,723486861689004983179779873389926086099509245614043612698492512807219124899612997614250005197790070483671517283750198769307899694165404832707760692139912192852087064351916559040805710268459419488170521591023462064795176164741480132283287098285
191,616506644864913103317557130528047569908786603596488584415825012209732942649286129429929211633306018835955387348442070791321173040868862688174301373614324666417825061790080601838238800886757340069688214821867963805913354299477758635594340130616
186,654221384126691803987512627632584614172917145173775428110209097334411187064679290426751099242150612228330266064688027169432231178735714196038502066990083052160867577892531372010486345347434327188742873742470918680661456113016925677090359417376
189,614548635032974554622777507030604589093147757726199162600352136537619444968496376066558359271796791306427644363595214033336197049630387826000730941222674214157741572799475378796395080320759277572012426153152496989877792043892763446293189532916
184,651922628434430855866905839979838201342334686959931028023484330008216013550838920899288573931825464320164528948165013656916595501094741369970466335131712087508059485217699065604407546990537895121646975674437253816084846653895691686864304716892
187,619884529782703755503210471477413690415116150112995795163308075272733389062568685672709211646585933227602819288696431742037909058108047538507815757875189821634408307222417298314095967417407021307887405689465716600830381124727445162696124411543
185,609871653413385776939505542519170457837046989261131486873934359003237314426980759040598256109755145271415420296252643633658129801301958420456173351757859853749696679941580660276803409337439074800856241297363881871370091176881010621636596679234
183,606320149277895048034092064293209237968066780459167265600268274476369920648809842048206688884320163308471317063909117860822955751469280139270788141974768212794868234541465504194234157716864592181499155907393829932691341145284722065743319473763
178,705104837697748296151663283131058579886639110155478339283248828240577067716736606917388233799059360321160054023856860385636627717491735285098210452517977233703185867857236261641771442307258342243329111361635607867274358867960363487035792223311
180,703188288937165690230376331902807631303846856676333404252560361555165334618115219872697028818791032203665532476144000707900586143700315067512978926526272186771995514320296899986995387890259739937117021794293286233906237157565707439514804070832
182,696591408244795143069772696754190583202950333576884340384826528631054291980307436762815348440977775727771776212364961825627047697937683129545138587125508674006586080223927078237082093017148765437677946927474039672618939413197249565174381665167
181,603711417826037425383986099998990526100774989824113830387577930743467935631489873875153025727018390638797277647202636158821623136503856668198478844358998443296403429364048151813375509310675653474718029560244380968454647896739847778937602877674
176,637849992687081155589286228105311315295069949871122889807791461870820915686794380766567525782065038055169728332235975997288633319814006462954000157311307249958498401098969778711144797505485627552600868562955811138344119582182796040395648188452
179,601454397340727868205950675776776869484981031513271456958361366650290434887214173676682763785880992321051644522871178846070061302745479338163432133075034167301735335236423810060225801509975047058685288275259299882661772527747931616117131331076
174,652191018724977061290071824279294864146255607113777318333356608062081104957931632752775332843812665854488477854852173270837815499482246728434087523165913072611202390010874329151896786963034744487670435603510427432592777353900314099135888355458
177,606370920042675928436067348201231896410248227037399356942691695599301320298453715858869899815270719825217043469460214531441690183144357498596866470273519687484133461384920708325454514527613359518604150420914359342626681750850934903154633876940
172,632781741279159939973495318460442725662918736402232930668676929213284972843131707558044238716925686762997957082276842236907906229521012138224368708011981314437834666844708285069602608800097894421717463956218324184280192727035830810919600785979
175,596283584027868923426044751385484901502595899892620454513329461249197875447288165511938201963166917840159173563107856365128602344919132834935161214662860665066473554352582718847178832290557144241634134315105046795331072787036998470382541006920
173,592433859685569959403961433376202936021577438664584902155407761726278503822092065536412780435008054411900687783389038859712281359674548869396123812743979829044981127177136588822532785336822517855860303975119092346384913795996576507897207901750
171,597100568462737448748200673148379200204955459544585440281357048792408349835870428594798830327970294147305366433415609137431047221383292432090100124770181191058297225473963307152726838720578866560546814286069213814161903931114032879382380962911
168,678025667363319054469002216240752816448013684593468498380696714324194284927025869973802777505698565533098162468438639977935213559092939937914380195086707727696498511112567236573323633429608080215162334721616246128539182711340326318709933631858
166,679880132001999614359050206235005273105169374376505429575872766442228638286913514725591173001712660287742538272088040859042047008364669096256411521590503004448719797980081919344258342352047064682901926108133189919215913663166869139548690972710
170,671865889330053349000903301552216313556785647025275076660951445175296740354882982251132047679075473144908000111400254995815864227178789233249529491615206755727552433756625296478314487654066531604388418461004418018360387982094837279625768306692
169,586838074783352490874220502145543691987846257255987642283178185104301789066115083043734442600221849042931550157428697219925868784637037804269958356799447635192438589832411621921003135552036881015160273833820174256465135487822246392632781737216
164,617522343257262779837774888528093564424414927109957930441008195474732779143743578259636624297573700730557931632652393596818861161774376907051452741358953337693010782824739874724405320396648176369884950204410548236573217394217923634382428793548
162,631035530111477361710695808599381236253218585849182669237410982351795081749567269780351635967982616775173577184661228431121762588150815266380787142014573902736285956095721613898871152647574515748515216619216181401771041304379344689495069221374
160,611796170235141377670660026644201441755719968763789346441140321800115563462447749380945741994007648092203665319444197302107732128287855030687860042264854078097908449693986178954502550704985164130794098533751995560080065686906331660871644341096
163,601265378699917739634681321451540257414555834542442328698006634189782957051083213872072968868274594340051759469758903518600610781031795339130232113325021713942347872532300657860891132665128484635431716819046580708647525227138325451667122961341
167,597283942114547792393839443957651347097489956504373244472168218734632228556259650571324893419036149210850522252951097367949284978034801424100730838060154706455528434322233403832774032516470109657051016750800070239500926646514091468140092122143
165,600989296074676566254624691480876449117491064960020245659483489501691532865595570358695726851648516638684765378773522394732879399503226701250900548449554149408753556039984254927085871004691087870931692530476562019568810040439602994674422066765
158,634568672941796446551003782542236166958887059915274336548528844419816054996392786635633629691343323733865760865734331160886374047776219917288789107961079226580322602737875089753663777928802668288865602275227498530210256082957879254323468167814
161,581851980506779080587844503079211965130326226991240150031073573547684689207670102842621962069794133733578572570962114297274854158833188806911955291593156603720634875978577823063397268325964347300671440116997439387622627453914922979487363478842
156,611305353412838524528988341766663088352484778563360251137586373715984391102191669341282673934051466328585540765133509726040218094497243724408911455131112866358548642973269227838680680583856706299165200283859432041165535343776401092619032271022
154,625222788190144184237494372732606279386481058524440508289330349854706341773041206434890417123074197783668549205083661759873549856901550025594458985553513767347709926039328945181318838615139967995782556739083554323608219341621219969524414706265
155,621450206655181730593323495595312034949717743054597991557204630956104723735354145488144427110617237330532709689878723931004189845338077617983266685579371778813544419092300273669442710293724328351809928723901127027269297320910139201472919813750
159,614272085637754283661464428663841274775800885212530157072247539603316623081232601553579196586765889847119539356852577565624188330609878450591569106856005071600281574389728014634494311305386928798679835572702134207717831161149477640351087287653
157,619791737296321070668357605797264735147039560839015762131123064209916501030577511231435804961687941036226717065537010567935788976252636524901372610224411673365944453051240724015554510983191648584668068816746246170753534696053328136784535043005
152,622949873230772732754246758689885032761755936864523777411074105149951910694017259090138476505743614907305656721915201758552328212860284347293974009015803890429716029445251698941616213319250038053020623754440293307159862069727037604556241523864
150,603264070320745285493035781169540231242752299934494845959498973541102706758394168506161629903567134737026640329076387536839184110966255890728812670119534152689859418520079311298998640145248294315394506799585579323389320155936649224519551763124
153,566545646532456557814706248332108443548101197035098058711458968470773740881256904486489113236328641035992566538162317486015550166456779009227754938014800129214418742625574310942840113448067966734470934809293372235557423895504973187111848806973
151,578565664044521512405862289769685162773834612716415568293526675709530165600069788692513937033911951540662058712370966671290553303909223567650320941486157866652208466918458423190630100783800284477686150582266908418168217754444533582701976380692
148,588042186315270127644120955834486850488899350652041769459795653804002932107412106784453426253112809681179220535985881831308359607847017162779989041978828418867453265238916708330574165790457677233458389744250669126846513937778221683419663965329
146,589600447325664519425212376519191308339177765642736494959395317391993015350177259626069760532877975147831496725487737177410560594268152787153235954412496776052091544611948192245183756692410131207199660387593630265256443851217432653434138164851
144,586417698442810539707345356946622256243261792317620233193056993059489400241082159467656313301061802454426477095789815334692786616160159352138920274694154827667557531739869344267616152687018216771410451482553380717201288652233877491469451072934
142,583106878814695330247610638503509150178355861521319812032545396976318035718404548497103670043573978087180441706304675519558436661622970397105174490780484472503261567208029155720530925412508947100702248268129140333773024147612789526813536354177
147,592728214975578236959727089614582048651961390271836853686781260617979628947839512890581797657390364710190174984609786438052340249334231324529699264004013114679591705687784218042595341999024630688026248540005221138715792889119168723726114359802
145,594067411289768475950240074041273787718181581369798888072604777520905192532332273106609581201364843160124901746942778893168024880612722912066532537541375900951818970137080203355782965846493708676534694823124482704824236629710196103965208508745
149,587702083691441482576996397504090759863084196066141287803273508330707394349015905215244234453046044834799485376484259996682262719072503177826003478814463969763186212740571177574623335144865000399645407754493619048772005784955689740076906034188
140,578705497653057217655177395480284006003225001511034042080625238785679439222244392857973330784154809721137062458688443473981517787711443947885771364745247063477703230240757606074843459383850347271315635717688349356965661538303851105483522627738
143,543946394441103287197632895701239757091573635820373645489701439984052395672805621829113672060341210495618575149040819865230130978959668872431000566691393590050947512165535516520837801298508446634931817350017576743251264237474007252239395494515
138,582258095971563399219605831224401021524434568554721101943840229955914128629459248015459137346887698950189141972385599273518888972413384835776917224399826572401360802586804636979648106214695330918835770214687385289472814069207703014972688847374
141,555421463092239939869449551979326495821219248155275453152397260679402915039144439298663191538739491304656371788245121872481810913252429864999562545155977684131383810739401065913085614203869895570341960758017520942745404612460194806392213500531
136,571377928674133389727640968957297662131328606333327259520854302314835542208420444954756476767323625221934202643453781872596228300161157667591362035131765697545938745988302832184964552641751258750032149532472230236563848232852514188307932849642
139,537874997162292250743456221443240520456330025301931516139897232909361265990521782212538434211746601830244508694901710348841762765736773291627541083981256702847301532304420704615621120734407888752325767866842498336156147360902363830791973175571
132,582295381047175046883340533526839068407366946301105117282775106611539593720851110401614347270350092186734714707549568755629598590502624636269755948059797199802686079122001771627866393670286408329134314578905341500527493289658897830560541386289
134,578876270694748273118314746562596333121797740683342380250003415209311467423639354258940119638246863734813945094200145772409713446651990874209949992164073667161767450220352246648906101656503925268470990559000119735388638192753531030649313177149
130,582429470997770446705838976496623257887516344784549466234852950098914622400844922251228270185002050627857202619048052872039506033029817992276765174882011613173310626770058449531290968167468749064444975975666683887871641968154161181441140323105
133,560219852932958948296271447840215551454560765883419280132431927231753687382382007315739577678669730234913184487488955554834375115685668245082015151260864643250277187292023864160790530364654550297417829607853314176408817081782885186825593696871
137,555297688303735282319764465353244235923721919605673022304567252773520897027081179526279409607524094959794871899729588068311990305189611995429973609962717115001330860161033484876189985211114371058576641358301850507796638045083457038642066926960
135,559756792562651083892376766377375906900667099753907430199434493733978232929692396999206618272521682613092564856032557085471730705573166334746813581949070858335252738570434292839942944230447547267267617346460762059184803557424447446823174666904
128,564459462435938455361905327458025442336158502552933295965172137847597805932929572309764195823935452679968521813292109963803596206886020753735868467638139303310568621617148751431222485631834516733578130077189776488871331239758488997323500394443
131,554478542894457774973783925223246220471620335143990971536468726941323588563352485514106701715936571795580820496521815296875964924397532625629453422445116460956745126890906938845080010643587453811537070873258389714660633273421220277401897877063
126,591603004292888660382297987451127605545853675565206733697251937172482089763006997478305514174122149363318664414211039942766645485372239819575744853903222793791452033138287450192191087067661625566134152581089115055310717824972180519813782749817
129,559281809381717312694597540782644250340086469261778602951739389927895281906318154367211431083754018878354832811778640881607410644461475619689181768622863825384310801553969571422111629510282274198799111678224603527580389579771961565657145665046
127,549326241488115147642213723170558582547280860247177373051180017277045674539993650985097370681581077325873423403864211061582747923154049200752660217834087826468817341638747265326943439999369481099398357755378816372913815599600177545813854981070
124,544975227538217325870335946104316982441228842439367277480347800178623229842358035194216548934782010274930952000455766832982461224972143013071011183638592169763808982893345851571158483864228399311344417603097458444570749483066402262354499461717
123,521403726588859329980409929206181408612884302738730950459684699111115686926045320985130343548912361353976318326207873039308410408366108174885370073973844196767420492007594627651057040855252114005591000612610375259067114989591035003430214427274
125,520554751861689134875420134795692875292290751900213465489110015810649294476991715143074766207983131828607292695752391483677347442056952357989662292204971893155899305197976991300421496677182215077625149463372672786481158859897367178887408580009
120,551232665023162416247884791443744268650487148837247257171003705667130915774933851611904870734642493061491454928146021007720641249440360595501265089642211348007151371761455191885603060949401186192394822829353754481215807222733195658451413514757
122,547802074439269600411851072202644527410294253543361697237388273898485588295591167703458014145124643278809796140614374059302972715890369442781743973375320920037459444561701692410795444094052217328061047372909908211433685721140117786184219380030
118,551385036101070445597119670910712717305933236967672678942904252154370363754367959197438716960298531495546998477822661942776046479331118771252126186612205453620483048633847280415690641362453931845811579965162855356863511576987495991771820317550
121,532400478010492455285757146271894467690680134971083301629170949836933047109290564697757534455536467449210939021359335177687473244467925199640720233529284140328201709872453622149943788761030069530719562538780785162412716709095957143605566372345
116,533956051733928821876007917876021305541235290252726919477433193843642141863982155379046537799396951972636379300887185479736630921828321050140197434000251114040711315102201600707152104545221714319233109439268231448445415961614288970126884865486
119,529837250819587050265214097309622277219265752259235115349432201116620755674135541167014827220837574799250414064646958725577586724198993691801984399102165234431398185427990325404871212217123303604898315778034455251661113568368122667792974079605
117,512926125491207634151593454141362072121082141886742927813654302887636632540374704813941139340934975600815037980413706022707193310881620013411073460577129091226195906042993475649914768154477602267040716268596012458803274233620329424449622047022
110,551148938642265634596043972845590773860759476148521233957773032303955131247908363098491044482499460679990320742439292324113481243108357797539954849980385791669201842087242263107388864786694862935054932522837645506654126521595554621313077950096
114,545960574436852807493601093890089725968706735498054534093708234678200440469726647597928511032968549592943237388885859494652998314641027175563182077780919788527943033541240910044519946133679818148095648952794426250746909106431584609096270582267
112,549715229015268207377247737353257489411547953025653928976302320229264518994851055724984313541732812511193136093354670693743157866162958396725375204650126414980599807923612908287013559534056167402557521532740611806397716127165630396726793264432
108,516184333948817418790182116718032068287010406325461767200622245826085954205384878721858664226340412149236220641035994466112707109646506289078714771173210523071858265607009590540248690713634785683053187928886799901558419553830721674585954741226
113,499777716604261642417188622493424603948140715701883640460373583389987832376369263364108449020706174467391098879183033459650906637290501692374067600705160961039213738168926027392511925701562871285008162701462175183881954185110044996035226735977
115,498544966662173302470216115103741476353745088738749844129577954880881484797627235178953529416906544864027746958518978260850272409216728168016255342207285600931814844929663111086008303746125290401456266778993364252772697382117697912270477397787
111,496508605400376639913330082312202614510962372180271001349830941189658942644362051388877151552960076210738707561170031021618168905454109069457350240927628054725759601362692123289987951823443409604765120449823393599367243447311613505183550617444
106,513550019955449556014840177275094870847092806316942080027409903761118669293043132024060492530254540846768256206059243048259900696286237118074039017796950066489146240111598866765976282721407289356256052392666220343669383386810377351351742105880
109,493362578411395729276521631475330301532796884726656392417060023326342881357461637965624749189800018380334119885300281760107644986879023436316927880456576401787244725851746012416492290095533525513603018731075946370309051578583685461444990513122
107,489182744379266998605865369301009170544466678393982743355329918221567555943585021748351064252600017276538771451222706354698965001173128976162127812830231611164323899847630241533492679915928997821212034164354182890713707012699436367252517765836
102,524638160075390158342940871264134441828000216841649893909073707483966232879585297508573621474783440547849634105075980020881722208011805307723041164106025535349520444288926450345576384108904380944163790122596821442664734813475585716203259977364
104,521337387162620107013396469517140834615229361448937073278671975904213539605597255002100847604907389762114128487477428181921065752874064150514333244380679855178097422007983883907946191483003894077311141398810487442573798651697926396963520751934
100,525973789424828129183524147046218425477359983891939734097503534426189420474371130185035178807801571925166992312968412689184968136934412862172964407604310906847801070649713280578315552854260046964490629155243957831270130573803607474776857471128
105,491486354647075408358516566108255904395441431451045775044663164244410384947565773712986694072857271530367337830687584451767574271868646993314473496132565506884909164190052035960291976368201444340675088290435822557513175294463954926897570949921
103,481934820849190715489140607621030607608028065826048832477901653056305468088501423463082035745548251970020122331244382215391245335029600422664828316892242642409180518493880082682231059654445576973794636342551864489787551899348364580659555807144
98,496013186089805241870687752317721913623107792608668579918993935432414507547525767571655986191474920119224000311595105057709473693413387372559129865180757858465950962617597107994923909140740196137943833330174151122316824678992370651437673465762
101,478605695953975269470808308738395755194959460403423112464082311871733983499161301735639972771927626576122578789849301053143583467890024194162444780747128924065535901692571426512933487514110036776702911347728853874475735472669638140192179477900
96,493567358674745994585605921072801250657351626185773995595343978351747366462844084545678324073443085267275441173314378826345938017072772952568829594857131515370803139196660149550723766668482213754824720757393320694296993962292681379516405982135
99,480668289305847808712373981299879274489600432680786175565301307424938624981534686449836657216066078566553344368091811075727225806334352706463820781622355972592246798939583112757769233586310636469527687458082732314371729147441311361031218709086
97,471350001274456726357095885908439426055963869192449429463991271858075121577660328623571360376695049851092840762799855761300336880337916558661690023891503046599623311653414472278656642917005192723771386795811716954752240803795503818437596908098
94,497474303611625152284855601644872966334839473574620706201359697655375988882140494912929481025232539873059567447527050201014239945130273481397801086035569013891139927480548285401083105013110677064924548255326149512044741702045078520480185798306
90,501556351249809657636003586646673782086034088885968825802269815679518291948342128288870668809173574183172982606637776952168657217728606746911732017156880231086373927895740518727872648147313200439631400369760605834723865314109480634067022967132
92,500323434938808605515335314146230302336221255706310949863036833401284293115952462169775078336602686226502789589993508295396823525971056187649688124855666624540923512395020299014458485324869076504141031961450982899213820740175026195112718199432
95,467364801924242760342486787289378728244336279365049943458448510888086923787722428739686567543950936347384602280111351379107058312031256272740607870542626266845847917638474693843880815300714557560232917739456441599682506679607836584587815628507
93,464417666139871512169325790438264412051410597300124423922466916816582315285457045215738696621882553096604218647935451170932517255622107962346515612226983546905927902121078128449907692184771122637601646823662833020370735290427611514911978354697
88,476571366796121189991639377197384907499377267441170225422828308127842979841315126892764774658434243961896479065402333014238420525896523269606093627614595200639393706149077220084639278900068418042884675081656802743327954867214132019974325189703
91,461175486805855719786328262210515675078467974627440990791543392138292255309620832124637170599214519086862831122551345748701674641304829758132226514622181102212711051220617375547554263239114293383586054807224437393478721713388626517431553929171
86,493999363969013112077432818645965327589020628685172848049942778888983477580840954294562836571821908291743103884216236640557983966413720488417391679488808241908182707568247483239215811973508125440278041262938654933940951023335922208659438308786
84,477429408486520526753782337873150600113162732124770109091798617515766397194365191537437145772356383730255600304642940763100530352934994008759870067384027195149569121711258594288399769819493485737265722553158032272177113855747126469527215758663
85,467430550987705748396854154710618829847692027582973584212509156879657268259172599155227671945590637553419242983859774621376831900996757726400133901921223126718853818104716680941697771021602132574337869496522218179389557141880061987673959835410
89,464718966771803614882743279179503708378261870879278836902324990133644988295702674117411022120972431858063538042812036929860221415506510096986200723593891131325979822783554221949073723540633894864670606189822047970554689029788486536374993882930
87,467415696557202065774589523575670459280166251615873967531996409212875555783168196793557662219015730773597248289716725032661843451724903123762229646221623296514520850546555553983371964661646080936109216523998623408228703271492408618562104385701
80,465269844300938134964487441246632861199882838273563820064654894990305088375143540534397156825646322448123613898892214887916730815478312978211756138192052926307221413307879496925009893203679606283842486571864123447053648858824769441430345890418
82,464291178479448995816894600033295485557566112281888327666029334842262113360121851121773721191201654214212854461728589318819430649009312086210987150412488685068652150395029467569837051671374784224883404089881058783612624676710054810300274275015
83,453921838649082910369104980142494727936894271736903618481690255378741421188124096796571239220050703129290098025971184232670263323668654035389857046627946366201241350928157874472271838037534902149612925131623975026140442766181726919004513741942
78,462469679806812738225787438399661219957877367054825682569564498143164267349002402692284253053149645093096034863656145215730174525091247484856537905483045748316443324123557627568390214903196869924657138940239644732738261995186000068439631658941
81,463865167469969730402010450806451563766628874537899556943584776433653087497230514973791519417398148452759736816391206969717821548428053220620539083941742856426043949316468345753683375906795526403509078874606186168244494864991543778717534592408
76,460011390412901879765038047892051442807708200411559302043461262961967314307770292034572933315661930634918108998614808314584214327082141818873011123009725479411066773841578493742626866233681963384455396496004628803208019349880232387830224235600
74,456359129395375110079435241660005389411112744092940859588340328079945732871383134825248641532576102414910243047622569126373650561316462092092927882856908637369579494832659606226528564182550744881092181503674029182272177443450825276416132225027
72,458289103012430782132842218482405810405601119131545429384528183186791436747993562837486977442373247768803793945118003355171069796866187839420366361908402433425293442013951835743155832358655494050743243887872373248682979368095249624280745246742
77,447860763145888789653570472247053672141799537601539385613942494625235394809583138388293145857904424566647972057096345435267602130944928457302192914706389049976009440178179689570661074488971839254696217034088120483097045063739494927851035198609
79,445356019711077546334057699058843792326671891298537607393989327494870137736148127568454825834590033136792378806513069121129508190095182009528468664342121876467871078016248351063435135237730540552386937457349752822556235250819772696682128398577
75,447899940574790312447640643495915967956636512493557704139096112183782009925834731075097028698672108048367726689621055251294443334215783445461990675647161977030213551910626792206689075597178745474290662473907458204556761037040128166200015220481
70,450025734249259783906862592395186130384440455402891165720888762851475992371400713961903624662399341450022932741270326427006065025743690056203768052950719215086882717814421543753435943486177385201859982292826492541079544274493991877900289672075
73,435456268629228275987884256665282911140467072213836039460611669802946979593759127256262885423449188621747378409405957106677947710868276381934879476736221089726610644952077594970715253209089258741137316912459762668060896088877723497997136939793
68,447360180426336061825450941048555774575902630668039299091720310744919413401865009107315328899104710883331561888400681754383867600238301647486632893327106424645378251144631117769399817724711595681681500121104427688486462396117778447222679866062
66,449169019206590944791346132242384570675425655490356098354929216035579570993462068959064969063165298081704550728862568584230967330169388723183918451027539247220853922350481001872589105234282354554115186999841106532389144821391898354553927312698
64,441307175215000145788044213017147499484907279109025384876319904843346893207190643336417830469418620760824097611296160300025202168447604898154686949287904182790412687699371774738906964634678242553150066803583087174032014618163908088206725097451
69,433615212670566460551125378598449556314400470099754455656961350547984011116072348578462342381650971708801088915811835954206958819842352228375786418251375638069467514533113015863752011924753982471276789858798121709466788682073466713586736707377
67,434548059167660476609490754173630769943337932286894147223320486866579582669390773808481829623761736750032208678213116417410666292927740811228444216848035069502565233670753622959961812771335086469878212739445364467773970733440471435020453360434
71,431861500377319505728149302753021859533711676301407225502717368762073480566096274635294619214393344100933400917773550248021110303972733168060007687074323072546596274194172291454610627869012063838419039117675696120400811280805641332652330136500
62,438121968089653764591464107928248343172618821346691214927012263400698444144161942097553320742676555552382561940825665399357352612926861324086586725856617500269623371545587699987483007278556394236861869698703201966161764025880918424472809848058
65,421077756150714311336564658807869514342223911855485590942464011620774731125258509176305585279817588003844542486939068924640319532757498105381542297053582995346723398490604932967691411948964147408313645116389002803361708581094132294868647543810
60,436239063403638992636070915245148247315083258945152755853679693923557343819947411776109591457311820611073586521106657670521769897335291518565742330292179724057566660118841365579084272984932885957639557081909843371727985392627540103984745911171
63,419782084243650515456004853607125336949898640816028191218908237449571511231776664695899442500658034817207012013254045889603944216746450932185735310830656428728716733802045197749013023694008193801464330631302524027819491510521428767459761045143
58,433891969157236139072530987005365284917828701198893269608955640840400502611791044791971541071135138478374643432641498381156321018526867101737969711329698901639570490822410677830079661205644862656775834732164403001790253821841385184527797624969
61,413753335883310982269446070668212344626342952137112678195346685259899183687692762774178663452627996588066550147209055786111788958135446241070335014110988681413632572010452430347205666019582743101517132942526433180725327348726131956500415843197
59,415102693594246557385148599828298255426463286710338772174350951301191510760212345665871926542278262845395933090259925892022002694582598511981266050758748138574569490026785894533614403944419336251869305454696434066508598991208925563955603992490
57,415914369785737431133377283910223925936082900606328093319791503506249672325804736789018167400132452907786981554215238505907150286063807603348999575268227650119947269888430457999612629681334972662715782532217891740821101405846436059974665520325
55,406773164670441240964448454622871661675123653715556709954354754907072204589692190852072592524230365609237484403094011560366649554725861788963189935307025058503988110283458345246258178025479119184402005969649740042260819403493569140277050356223
54,439885796605853811385657365830253450772414158599330784208900015199465744833925058925155400355898077448051222782873308372918241266661395666273000419278708971443824072908928208494234031662142757598729944322964216241701630629360298477464173034848
56,437686901958156440720896863611430454291077386789878576200380428943018903626674749353358758793466546695045888255697766725832037786509398907468455532594724150059901421913840512581367798055417654612266602090179404786702150267403697900473052452621
52,439793666292764109160332920352842090157302219758486719216621818001620751319228095939233863242486569222588326342040687250069063331490828511638712422154687076666377069018605743389279114121303687064696739217647046415591005892066721993883179706927
50,430033043767958141296389213191595755996376122060768825588371090092151577413676455939506870041803674171224049867892422929544736814208265577490804864493914257771633424974205051626405366557330282035851381330953494444645034395248969624097387010688
53,414096584371810719636026530635534893802098974230894734480993947659859715333569890217749833591849215737916566566565614717512427083912633258151672666710271528204290641839188045355764837221819522622290134788168518468041255764169665852324968413253
48,430455603221203762281427720145551178260908088080791574130217563231724134131368035145163083378614324798864627710498324211572497802442759885721863637737156453096319302843488818316921850811486061357932485634311463364137607469840363879041095223588
51,402535272384466783157812037553788766174517209898522680034376373970872158728332199770840807294680594752008868618867767199414580745211049777630080233323303570030320970135594482558447257021283340551822828962530674382022413132586860211151473207669
47,395155482438484434471266367459238542192045347709784311613058624984402667685059937233672394653752838216047631121738289500883593217498096236888637809235229411377277650922593612091505447147782473262122461442463739164067572631218246995769518029217
45,395803267058749733241455538658399643253377297188709525348082002415614970101400996064385619295289959512729328413410519040785299282889841204600374889595029755954606551922430837993744250895562195137542115535291771888937954864153633323099912165536
49,394272617517926729755042498902943642983103238664022368925571057944485464053065764991846484373292704588216495752535021675381627332846788331408587833805531945263256960585808969045505869367834629624099879051313281520667138967222924504472200205958
42,428515593404166735228182335696582238388612762229065937309787675664598146681617968021841722887782336156729106119083603379914988393928646093531779221477672011106505113104527074339799009810966955021751465991038123994604832013901269175476629753331
44,428609713949159465420447903260991047493656442069969156531797580086131848340339407151933187736487687808880279579827564653023733610575895806272708443985618327977616643984945071205095769529902871271170551928885768038129634185494855295347950892696
46,426638577525444154418510026833235378727241614695831618685210105518804806176002158636898274196618924964494226882921739262038497570808186645186828576501137829756038338433120261804436913787236122240907918375939115798258760057238094984198391214378
40,420332525334369897623995879681318873184702357527691427022640807165632394678639724739460954146096049418434487471671252978211925974164760577613685325962388635620226041549908713795830732600139628907970119432816916084837790106942957142039289256428
43,391455070726829798647831143214194052246485951374366743309302637805975855094031853798601034445142110494348257602450767015666140448820713640196878559793595022238009248724757868935436392548546802211702799517085998728550085091352710695358985939033
41,405528126463355353118862537163215559126987322893050754334632351469556495689992455351077714745562759975825680293401930317603076067510905519747345130331173396834087303199638108993219689927694183177642629302520551303465170232881137093450027040820
39,396468738711967386948008651016995157324550649158889976156602755286541002406958696094318585551407256196850980099936775642935639023296007284589696656670538316208337712542632229254369567523133453539248084351647215786868110129327348489042694245113
34,411238715844285411357056658843994155644245899561927541064139474223627210180217589341806785423325005962805747667871492115430737260493337402076623561084464339254556839190442791410223743134348206301762530203144561939021602528421759745314708311911
38,410183737347983563221714614934075386766924577592368153720198769759751343213306060782661804825560503532566698066801957537538536314705726199949371945802275327795362457491421762599157420001103702913670369820048187068866744659662943404383672352411
36,410712664862469995869677957523009941157754725640363296517551638473286141589468561616446281302617031693428938636513673660632188624045176276387738752430568478726434081927468166477922073736349703690967888575705837785008905391773316797663202194800
37,394686348484325704490092179606769443714487293740913374167947203925429184452328136921007444910193443555841394632927938915040928124629795021922859276172360902299048770228579860980882874078110594187739721603859239466591600968380802554898048328509
32,411249872678330319544356476303493392589387030968211475526653695465655774534514012751235958123586659818360201030436858014012872603013273631894185400054484650282203034442636981840919776724450518070452975702572220247478899270621951823933660054105
30,418763329995827735939989009453216008284517183629809867660228621744406156007380059353520013286116322085375402605233124311794017416506948992930609888225794035648189341136817756680586846270056982883473246784621608019812496560907741413691987850892
35,390888520939119975742661091762788298139413976127244537054838855421029386148347083931669414036386603602937675935976461103314658459537663957541436080118002859403172486016606747183089883443358345886445162981648978826514423444655844711276882689679
33,390719842952020743745423500310911947150456526326189650942842318776611566710584150095284885520527967740637071010761566059215860292641149582972609766300412977220623473823927784859074173486919695524270976099412545597963798980539415740387789127768
31,385874762945109493715154752118986435443098387433457870542473357217220245914109062289788651226896506032069457809538356114876774753226632764940251303930955962487686618001768435294751100900536226675334352326324185643541520758562900437371146942453
29,384699259793857341531443352874265719452852570988154163282589634894768496749961328454798217736238563644504227367764894050251501172360113213888543143074729695777880852782697969631619162550922260707386290136933935424836709636221779653956876377573
26,404199885738729184899729602813912865770642262654032070262646282182449363592449615918389302864233491650566505070334023211056671977319672003462853224558354289995749412408908884763889866307965858237686058670313825275626745133527639117440562123903
28,404021734448684345338404490610622254698901610230258353844957884896866127026631349613172178283783557994256596001845548526967145432705156298568053104425971298546217763424403446010441221409289807745442982413515622887061579322492075933408662474973
24,404193070366091963339949347871078640220602398140729752652153412001770406083558351163017991272127463234511497651448353444794989553710170723935178888404684818562732320434884812106992183600976415162914228200401413527345451133260703297068828055245
27,386995842366702133954587407763237084848698727708111634890311355517390692247662612231302284251169913885426343293871458540616516872605489358309053886076316101790205555475170023902002386342622555912509274860870256793294337524817659386351010008420
22,407335791760314752648219310814177821821408854748092360683008190257893661878910368685515628232588906510979554844863843149887831762886020052645896177792566377537967123710263142092607048863063201181169382722079134239785640031848689158444632163669
25,382703071539066446439914193619647380498301893664757577487765885332808389909088721775099481336519601517221997091661196740841238513547259328667220746647883367010556872887853108010374392784083522455509359431083884444363578179532594213599025078699
20,415036728552505978731251953050491494276557350098454772341237159694393396526631017196887316419916375023996207530294263924402566742474064517772000693857015800437640700079618470192064866517311021305883475077062318931992618478068863986778826614066
23,382178303696385104713979895165679524967786672066129292608687968874767921544271066490238212264356849929701261834263373276224511572571268101610436181665836027236212278025790303300473816982782392256095693317314681877688884096500028248191935895500
18,407008859601202986571767571829969719659869432186484016567957555082150789044430811507339657640570776798457962034624607807860122894423212328943945984669584370571833118052663178968754245982878465031574601984189396273208112409501507477354696030044
21,382751272182205216134278157385548353338695662945938356154208091317160838559915123039566445670251316152165107394866036432122895417208287016914122569546004359712644099936423592745337802394309624181683096883302866664268416951935238545151157634759
19,382369159392787644570063018289353685161278303464192442611571982245718900661059951021710004023267274039914969176637875770987001024797618633014001593053473968456512670945258712852242057269197148795655349604841211474831654814504940427829975245002
16,407353459771614637600008016283343025221538992820507318746188726169060456853961193608513941939253118641521335487643070420468027075433535359949091524070999607875917268352486055277035537069290019301167576083727533674404481847287741537064237851391
12,406627476870799695035039547302522021480929039459077307470885242629339409489282805894836295360037983711946609687759734291812401764106287972316300050011731484449157900140644419679245790328366048152885955399008991089351936936237568785956157845563
14,407368958468877577664601259584299978498010295030891041519230594184465937619046235242202241743456483733382449966397806710902536391105672491251257365872085178005057247578838588797628323951935325172863411571131788797345684209490561057304695583423
17,385073970016541298322109222088981029732010998579209376919252082838708238965402429138143514324794841707619679418850491029760296047818306721508949083462617423184479537048052855933140706053088813408903875364033790491411770841743139485694887622980
15,381857228197161471235098149335065871051544498378862132143775560885166133440429238103709797146797012450701129703110912098644002326410685796931933864417274945084494680732593549054762667323865701161849058641432415738372409198829619455952641912334
10,430544070487130038705401700101514320593330474207215728141829232441385367993027902839079031410532720355692670494073395789267561865424751248720186504718463808007036926099395969518993690650444086469076481968054211785944436246904245588458115433134
13,382120539566533272200765908098258248567348412493730863631168827149894574439695359942927115273261780192441943117799671993545818243282823792690628568349291135767854526321967980483885785799201810997876768737806656921945584214936585838033037611027
8,429212372232295776370265415272807519524444246427523541694515596027647456458972618087438104453361353757158929504988977260315272761978349232814697794365733139465171740740160595456086031197849136094031470636017202731203887161854555236083063218451
6,413584063114299404066350584846217919435690077976854470680201821921054584027529952679323284986418425281090823106527933002975408974878572742018453642085210584789391100869630695014030794146269294890449705004123101988636087205974894795817511837031
4,401512475913921768120413354371925834710375561709446034882272906770317913309437249926238917911549815680895024139147223313091665159177917019848390192782232972371062187456294754204049017211911602922665626783206812348247316401519262848230628296104
7,368471548590751106387421451813004109950939544548810897588669863680996252337787395421412448694001398971819434944856521561046529337603918558000732922559955003009679743494037774593877047670817036180595647524645369418507698546124163551415831962599
9,378738834778631426811250529796319567593246168418897233068931676230910722112338947702202781059149801269177267292864053361174647694711596084061847070462396608115508490652731371946516864160023258877777100036804881484643273666850787351203626694139
11,378478183467985451707365137887986521014898050915421328716650979478211634792331163155519159097106844623171600721991004890084252768654209125875020229984961848916086221576938754113315996709068933550724558677632051151752974249515683288405561096673
5,358007575167113028773309389528200575048092035650194036179832114819553601256378579815547340730148408878861317621799481542341490670971007360040079918710194340016792382411110950678263894702563671473849079254662523213053010045661182901054592109380
