41,6562769527265159775131563618717476123939607032169018176715443439410
16,6562769527338217909481621572375950331073844879551077077312055735538
40,6562769527265159775131563618717476123939607032169018176715443439410
15,6562769527262395307302449335987015183530582651372093608921081622834
14,6562769527262395307302449335987015183530582651372093608921081622834
38,6562769527262348435089166073252790442569379501174185482093393950386
39,6562769527262348435089166073252790442569379501174185482093393950386
42,6562769528252679445012478775356446950067668279331875106238893352242
43,6562769528252679445012478775356446950067668279331875106238893352242
17,6562769527338217909481621572375950331073844879551077077312055735538
18,6562769543896735104623617605197492520311036833542529583729536505810
36,6562769527262395307302449335987015183530582651372093608921081622834
37,6562769527262395307302449335987015183530582651372093608921081622834
11,6562769527265159775131563618717476123939607032169018176715443439410
13,6562769527262348435089166073252790442569379501174185482093393950386
12,6562769527262348435089166073252790442569379501174185482093393950386
20,6562771519991443271503301349704150907796408890937790847124345676002
19,6562769543896735104623617605197492520311036833542529583729536505810
45,6562769685088908525228000377065661231259499743170506387498552942290
44,6562769685088908525228000377065661231259499743170506387498552942290
10,6562769527265159775131563618717476123939607032169018176715443439410
34,6562769527338217909481621572375950331073844879551077077312055735538
9,6562769528252679445012478775356446950067668279331875106238893352242
35,6562769527338217909481621572375950331073844879551077077312055735538
47,6562784029331443686782536439114020683136265005923092769914027965458
46,6562784029331443686782536439114020683136265005923092769914027965458
21,6562771519991443271503301349704150907796408890937790847124345676002
22,6562821149511132968359275874382174805461762158623596814188111807274
32,6562769543896735104623617605197492520311036833542529583729536505810
33,6562769543896735104623617605197492520311036833542529583729536505810
7,6562769685088908525228000377065661231259499743170506387498552942290
8,6562769528252679445012478775356446950067668279331875106238893352242
48,6562945095866266936601534738445204626438064282764548563363279957194
24,6524792628520026726124248779690534689878450511174821091028623772094
23,6562821149511132968359275874382174805461762158623596814188111807274
49,6562945095866266936601534738445204626438064282764548563363279957194
25,6524792628520026726124248779690534689878450511174821091028623772094
50,6370284254809461920805000948038527975710205514958315157131986668346
51,6370284254809461920805000948038527975710205514958315157131986668346
6,6562769685088908525228000377065661231259499743170506387498552942290
5,6562784029331443686782536439114020683136265005923092769914027965458
30,6562771519991443271503301349704150907796408890937790847124345676002
31,6562771519991443271503301349704150907796408890937790847124345676002
3,6562945095866266936601534738445204626438064282764548563363279957194
29,6562821149511132968359275874382174805461762158623596814188111807274
28,6562821149511132968359275874382174805461762158623596814188111807274
4,6562784029331443686782536439114020683136265005923092769914027965458
2,6562945095866266936601534738445204626438064282764548563363279957194
27,6524792628520026726124248779690534689878450511174821091028623772094
1,6370284254809461920805000948038527975710205514958315157131986668346
26,6524792628520026726124248779690534689878450511174821091028623772094
0,6370284254809461920805000948038527975710205514958315157131986668346
