132,3900495959544865955572929872874377901976142262071677519087409015726315166773022803592197235079392649459485063751608647083281047170321587798476836819425228692518612360732704434
133,3900495959544865955572929872874377901976142262071677519087409015726315166773022803592197235079392649459485063751608647083281047170321587798476836819425228692518612360732704434
34,3900495959544865931926656557929764224910559597486943891756272468460010097398584426648990723130694458476414231881926913288872954508019887305772274269629362290134362322589789618
33,3900495959544865958047611113591278044734525505794671707184285042644448324061810041939004417680193652860002620767567504386418988521003192385716115895849615513245304583619084210
130,3900495959544865958237192688800157351014227843014958555057104546662631180592294013975279650084934677532125806335094569674153169186317214630337255412352262467558806824476925874
32,3900495959544865958047611113591278044734525505794671707184285042644448324061810041939004417680193652860002620767567504386418988521003192385716115895849615513245304583619084210
131,3900495959544865958237192688800157351014227843014958555057104546662631180592294013975279650084934677532125806335094569674153169186317214630337255412352262467558806824476925874
134,3900495959544865702970905005011877225033771351018383121788719578651597627751630417694954937151050082460186561189524804652055331180221339988622401215488907532884732898388004402
35,3900495959544865931926656557929764224910559597486943891756272468460010097398584426648990723130694458476414231881926913288872954508019887305772274269629362290134362322589789618
36,3900495959544864570133068798772547134847946612901507814707197693252306512084143202522001547637894141135469181463774143808715148482028953549529920289276973062986931034947777074
135,3900495959544865702970905005011877225033771351018383121788719578651597627751630417694954937151050082460186561189524804652055331180221339988622401215488907532884732898388004402
128,3900495959544865958252551996869577435108138721842575844669457921588678767238874121769469691154174107039109211519644680693742409805305571252654455754721802678308388251879804338
29,3900495959544865958252587448282731698235899031740949410878796225630058517919577034976024280618408678619686273973602610438453737684378397625357798057629857144552024153544985010
30,3900495959544865958251718293762048830748382502484246425954985852481241810687770908712898441537448993810404759467321823257911070855718093218525862824655473824041405633179752882
129,3900495959544865958252551996869577435108138721842575844669457921588678767238874121769469691154174107039109211519644680693742409805305571252654455754721802678308388251879804338
31,3900495959544865958251718293762048830748382502484246425954985852481241810687770908712898441537448993810404759467321823257911070855718093218525862824655473824041405633179752882
137,3900495959544869666313752288039474569588890926157799903264704818403518885359260742064688963822811540456925158987855303913402260912690578695230828496686085583440832492739599090
38,3900495959545116100586778201712805327300750707087514902727458393501398002627591641750433698256861665375787316851439402837785530821578503460584857537081575492625380311077385970
37,3900495959544864570133068798772547134847946612901507814707197693252306512084143202522001547637894141135469181463774143808715148482028953549529920289276973062986931034947777074
136,3900495959544869666313752288039474569588890926157799903264704818403518885359260742064688963822811540456925158987855303913402260912690578695230828496686085583440832492739599090
28,3900495959544865958252587448282731698235899031740949410878796225630058517919577034976024280618408678619686273973602610438453737684378397625357798057629857144552024153544985010
126,3900495959544865958252587172456391634210724490986550830538859308358282151257826973241738616202362504102515715967880022371073353905574458331637771567023614659759433707481180594
127,3900495959544865958252587172456391634210724490986550830538859308358282151257826973241738616202362504102515715967880022371073353905574458331637771567023614659759433707481180594
40,3900495959627031107595922044041261105499363647940048639687957184785534294185784853590495831307124122060904120588308649472086950698045515236520132234576204911370274089993950162
138,3900495959551678317779801915632226320589725285834401647918854580450402952742652050918604241370128399331218592068859037865254992939486168934471445922744407259726310539760031186
139,3900495959551678317779801915632226320589725285834401647918854580450402952742652050918604241370128399331218592068859037865254992939486168934471445922744407259726310539760031186
39,3900495959545116100586778201712805327300750707087514902727458393501398002627591641750433698256861665375787316851439402837785530821578503460584857537081575492625380311077385970
25,3900495959544865958252586838190181448999451364958018414931328491290430946231133684997276451633368077716689678460686922651415323209813028015268267543436526110643169688270692786
125,3900495959544865958252586839891596709059296433304470656104354890710545296204136461501211491092171730422078037334644858336145729357926455739344784691452915664867774932314542514
124,3900495959544865958252586839891596709059296433304470656104354890710545296204136461501211491092171730422078037334644858336145729357926455739344784691452915664867774932314542514
26,3900495959544865958252586880661000129504940770264230865081360524475404281714157542012741226784699651727773015485156423461270179041582423688915738058181986369701365753678766514
27,3900495959544865958252586880661000129504940770264230865081360524475404281714157542012741226784699651727773015485156423461270179041582423688915738058181986369701365753678766514
140,3900495961022961193282300593264595437465501482030642870139438175587106826289305328129138815110936231545936364728837099863694933003766138257630667833706286348116907627580771698
141,3900495961022961193282300593264595437465501482030642870139438175587106826289305328129138815110936231545936364728837099863694933003766138257630667833706286348116907627580771698
41,3900495959627031107595922044041261105499363647940048639687957184785534294185784853590495831307124122060904120588308649472086950698045515236520132234576204911370274089993950162
42,3900495972085143732952293302048849393485413189801628898564349935928790035179659936792769245829630368943432189939879942660809381708638755194496518917688859316043583514715885946
122,3900495959544865958252586869558021192379864275295053638189883871790637661018794328339055727824191162097362212674887903897445852499456183529391004024920659261438610107116093874
123,3900495959544865958252586869558021192379864275295053638189883871790637661018794328339055727824191162097362212674887903897445852499456183529391004024920659261438610107116093874
23,3900495959544865958252587165019836621342518593970966614078723308975456942093915085358694067179487619683954411975579771866522896940131354336087455617288918168113856420400374194
24,3900495959544865958252586838190181448999451364958018414931328491290430946231133684997276451633368077716689678460686922651415323209813028015268267543436526110643169688270692786
143,3900496135439093389005833208313811740777617688630283207968968416319376044729447855000980987838544201413974423348536843719010567067077770885042675920184145914874895508618060210
43,3900495972085143732952293302048849393485413189801628898564349935928790035179659936792769245829630368943432189939879942660809381708638755194496518917688859316043583514715885946
142,3900496135439093389005833208313811740777617688630283207968968416319376044729447855000980987838544201413974423348536843719010567067077770885042675920184145914874895508618060210
44,3900497062441810415217183985589577714352973275574107774023135336504822804272102255251446949049360236082499301300921968343171220782175480678027969950493325155256624156758927562
21,3900495959544865958252593113842613396608407502343848720553439759401304485000577137049007464648601199160955534827083288963647359017031677947963053121949304696486130500786971058
22,3900495959544865958252587165019836621342518593970966614078723308975456942093915085358694067179487619683954411975579771866522896940131354336087455617288918168113856420400374194
120,3900495959544865958252589312814391692808823564227253142408086495964565777618227181610417904046229644672479133493603105005308212401845914066817632110802636864958063690300895666
121,3900495959544865958252589312814391692808823564227253142408086495964565777618227181610417904046229644672479133493603105005308212401845914066817632110802636864958063690300895666
46,3900513572577635224321848264647789782737666318779324652501886599944072914247849680182036311143068582273191081825260501910104369772540406368374210690792660694588048569747169741
145,3900499724046305696684426311775598283260188301232217071122435909628417663505624559347938915075018873204832173067660730538677393832797048001833863944080583963151406974329651088
144,3900499724046305696684426311775598283260188301232217071122435909628417663505624559347938915075018873204832173067660730538677393832797048001833863944080583963151406974329651088
45,3900497062441810415217183985589577714352973275574107774023135336504822804272102255251446949049360236082499301300921968343171220782175480678027969950493325155256624156758927562
118,3900495959544865958252365396914241717334218366523218393835176193640529548263896522900442495446256674316419297920624109456182832671524353582027805607262206836256816483490568626
119,3900495959544865958252365396914241717334218366523218393835176193640529548263896522900442495446256674316419297920624109456182832671524353582027805607262206836256816483490568626
20,3900495959544865958252593113842613396608407502343848720553439759401304485000577137049007464648601199160955534827083288963647359017031677947963053121949304696486130500786971058
19,3900495959544865958246736044224751421794720053601238026855683663901293186107906487008863808601832950604768569917758541070558708880010786644137866087332174424087292429286357426
147,3900546882835416275616259975539464788691835236651348996117950582743551107586033965075275752735492233284158744241076876965300054897777953074323758655591383503660086896662131008
146,3892980574526792366879196551170318721089489795225918281204993110693042123292993821022707533654776595812264055228628233676671572437147955183364273510459840642405729744451926058
48,3900568522168822206864788754482229742655749752619582059272092056454751969290631396558854056530844715406872038374301894368489015987382416987753952868896727856818706696066953226
47,3900513572577635224321848264647789782737666318779324652501886599944072914247849680182036311143068582273191081825260501910104369772540406368374210690792660694588048569747169741
18,3900495959544865958246736044224751421794720053601238026855683663901293186107906487008863808601832950604768569917758541070558708880010786644137866087332174424087292429286357426
116,3900495959544865958147636606657194432476605259581742934625114873997250169328239369103546729153225883697811892544295553738930332589517182446113044284620642244789018164247770546
17,3900495959544865956820219662909539137269249689179856659962641401988572181342274150633750146665526973090424235373243282892912400506890393662493727390545585198647670226475047346
117,3900495959544865958147636606657194432476605259581742934625114873997250169328239369103546729153225883697811892544295553738930332589517182446113044284620642244789018164247770546
49,3877854966175488533540611960750344327479231470356694116744992308296345327840882983950563983301083848830989767293548730307642203084205063220553143900674192375237797974073844804
50,3900525179712066275107647793378056972447768820056884542389259519703232038611811454923702667539495457903245952480029790218206451477256188008199881465644611414221255417157975829
149,3900549241710976504190038493335839292780179170616325773612459229119818996424390240762304462933506022875618254636681686258475031611733522426341621364421625416978455960604775652
148,3892985274204685215750251414894206091297028043552547314615239446251637916229146797104772107363937278626915927648133763571587961447324507855118231134565125031394094268222254910
51,3900525179712066275107647793378056972447768820056884542389259519703232038611811454923702667539495457903245952480029790218206451477256188008199881465644611414221255417157975829
115,3900495959544865939679692300016158452465033801201931839326848681340858561622350386400540554877782890163252796842134406442855727726359168087118401026476986648744378917705368498
16,3900495959544865956820219662909539137269249689179856659962641401988572181342274150633750146665526973090424235373243282892912400506890393662493727390545585198647670226475047346
114,3900495959544865939679692300016158452465033801201931839326848681340858561622350386400540554877782890163252796842134406442855727726359168087118401026476986648744378917705368498
150,3900762720593337147110932994689218631749604876538732063755543083195470254320905143477547150273799429193748652763441861871103056261663924966231015245915597529473423975445166339
151,3900762720593337147110932994689218631749604876538732063755543083195470254320905143477547150273799429193748652763441861871103056261663924966231015245915597529473423975445166339
52,3901034266207882024494714334173188916625754666023750579280739770612655763998090458780960269051151525984510489852712291852863543911732609945582554427298215665749209587503533079
55,3881766137143127697695558109724089529144324435138206989700629278161939612457266538645743999889085657799136345893383634350615933048560828365767320866271238892520457392316519847
53,3901034266207882024494714334173188916625754666023750579280739770612655763998090458780960269051151525984510489852712291852863543911732609945582554427298215665749209587503533079
153,3894519924960499438582313213621099140129153597062275424700980514268735849557204534223949293362688264643688495908550679271677283745525396440413629882309721308119314424945035321
152,3902806283129988228362315129095952746155997856716636872039490879183782221932412844521566724009153047544658715630664256562196262964847162455447475511509380922970879154922069232
154,3740189354666238718847218665383621381732831279353443669037845425884457962685228975999834777175438337230297935812719912538771418674645197353137164031863156717847092523466983037
156,3577572426202489209332122201671290017309664701990250466036199972585133703438045107478102830341723626915937155994775568515346574384443232250826852552216932512723305892011896840
15,3900495959544865768966147811465470044721803270646385933259410979309654058395146283839839145277757241794201775302433937202424658770992328161033496760080670861031793117220471730
14,3900495959544865768966147811465470044721803270646385933259410979309654058395146283839839145277757241794201775302433937202424658770992328161033496760080670861031793117220471730
112,3900495959544864151713937506544463006054335045255009861846003973412494749505881858997429631080744675414245437387383036341365408040851082809941782808860497072783428034909730994
13,3900495959544855138408128039933049258784057025673576699959711548445072778289744479078311346889987419473503370773983440908554077399215502428971804956770626513842450867610304434
113,3900495959544864151713937506544463006054335045255009861846003973412494749505881858997429631080744675414245437387383036341365408040851082809941782808860497072783428034909730994
158,3414955497738739699817025737958958652886498124627057263034554519285809444190861238956370883508008916601576376176831224491921730094241267148516541072570708307599519260556810641
54,3881766137143127697695558109724089529144324435138206989700629278161939612457266538645743999889085657799136345893383634350615933048560828365767320866271238892520457392316519847
155,3854541277727239818727248149110143382874813188771820474515112368086844032443880063842493677622916385628654874473966027845111104053494560577025991083758075071773091987958837972
160,3252338569274990190301929274246627288463331547263864060032909065986485184943677370434638936674294206287215596358886880468496885804039302046206229592924484102475732629101724440
162,3089721640811240680786832810534295924040164969900670857031263612687160925696493501912906989840579495972854816540942536445072041513837336943895918113278259897351945997646638237
56,3891533793711115952653723478558283820686989980350288837367381506866399092708405317672843162394056883137148080145513299063620771403597190264173240071420390017990428139345249929
57,3891533793711115952653723478558283820686989980350288837367381506866399092708405317672843162394056883137148080145513299063620771403597190264173240071420390017990428139345249929
164,2927104712347491171271736346821964559616998392537477654029618159387836666449309633391175043006864785658494036722998192421647197223635371841585606633632035692228159366191552032
166,2764487783883741661756639883109633195193831815174284451027972706088512407202125764869443096173150075344133256905053848398222352933433406739275295153985811487104372734736465825
61,3663656733306598897455124299386491690380151832408541535561951013893651934128421673012252302415236363307835715802281054837114874149018688637873042031094299318716096348321725680
59,3846839569971928842327880514355816274899159424028968612340048564588334530834842756662864917535998181473227501592395107578970617856469623069766694132649014284651901165737811943
63,3480473896641268952582368084417167105861144240788114458783853463198969337422000589361639687294474545142443930012167002095259130441567754205979389929539584352780291530905639415
168,2601870855419992152241543419397301830770665237811091248026327252789188147954941896347711149339435365029772477087109504374797508643231441636964983674339587281980586103281379616
157,3823267473318258081200464027037285035999459007717394299226540484324616707397420845764321064275110313321516382177359767479875378686161189755984987000440270903885865914842329729
58,3851057151282443819282624754326878122015661859705742249406331503698390317006976764874653102663373446998979753763526896073587197041943768084658648225152048535522462439692210496
159,3779486547017435490782162875508341157699866183975714025486422253427704384930313132282442495557111506664693242534616687089972967943566777909645975293195396512634595941400669760
60,3790899875126363653995939837544256697746887027155939590068924776603170134844375492729373387119783961067595907440229672085330521442814267707258854058055911294788191593143703029
11,3900495959546524233509457355135133310198770070772954929628750995670373412117021792593708772405076866212129330065129594210476261260257017311204431838811467314936007341860111666
111,3900495959544881379040880295384801766191282503511017387878815660638664002194942324781221097024122506994224349873234299870607976217405606242255366899222812671185426918757805874
110,3900495959544881379040880295384801766191282503511017387878815660638664002194942324781221097024122506994224349873234299870607976217405606242255366899222812671185426918757805874
12,3900495959544855138408128039933049258784057025673576699959711548445072778289744479078311346889987419473503370773983440908554077399215502428971804956770626513842450867610304434
170,2439253926956242642726446955684970466347498660447898045024681799489863888707758027825979202505720654715411697269165160351372664353029476534654672194693363076856799471826293405
65,3297291059975939007709611869447842521342136649167687382005755912504286740715579505711027072173712726977052144222052949353403386734116819774085737827984869386844486713489553148
161,3788103672630467124298730837405691381304589151843619580004113529207969059392574483665949945962485804523609266573525636250247692569830666519781557259527813113764339716551021629
172,2276636998492493133211350491972639101924332083084704842023036346190539629460574159304247255672005944401050917451220816327947820062827511432344360715047138871733012840371207192
67,3114108223310609062836855654478517936823129057547260305227658361809604144009158422060414457052950908811660358431938896611547643026665885342192085726430154420908681896073466879
174,2114020070028743623696254028260307737501165505721511639021390892891215370213390290782515308838291234086690137633276472304522975772625546330034049235400914666609226208916120977
69,2930925386645279117964099439509193352304121465926833228449560811114921547302737338409801841932189090646268572641824843869691899319214950910298433624875439454972877078657380608
71,2747742549979949173091343224539868767785113874306406151671463260420238950596316254759189226811427272480876786851710791127836155611764016478404781523320724489037072261241294335
176,1951403141564994114181157564547976373077998928358318436019745439591891110966206422260783362004576523772329357815332128281098131482423581227723737755754690461485439577461034760
64,3789232058372750771564416591459868353513222056151378700716323168773236216367183238767399002820153212995302564212726127465960901292385221075997030741374706034300152062338728525
163,3789148828738537613599214249902407403961510111835213379007878619449650311851640888647967581374592539288537382162593045385272832955433186258553617738342550440559815951277042544
62,3789291419044552751281084762296873594630719372158342282454815170861293864553800178726435838136030213038164762734776600227545928742862120028353439360856522855114557544970908084
178,1788786213101244604666061100835645008654832350995125233018099986292566851719022553739051415170861813457968577997387784257673287192221616125413426276108466256361652946005948541
73,2564559713314619228218587009570544183266106282685979074893365709725556353889895171108576611690665454315485001061596738385980411904313082046511129421766009523101267443825208060
180,1626169284637495095150964637123313644231665773631932030016454532993242592471838685217319468337147103143607798179443440234248442902019651023103114796462242051237866314550862320
75,2381376876649289283345830794601219598747098691065551998115268159030873757183474087457963996569903636150093215271482685644124668196862147614617477320211294557165462626409121783
165,3789219985408743139544364621478036390111875258615545464200749651523759299599986730712519343876489836338616064465002566692572237291920442608348741589447694473464217828664842186
66,3789224838167780510852262166486008432386838734465845992436694785726412717968609060097323166946542220108214184738519008977413661424595856687085551186186629026116576795182786482
182,1463552356173745585635868173410982279808499196268738827014809079693918333224654816695587521503432392829247018361499096210823598611817685920792803316816017846114079683095776097
77,2198194039983959338473074579631895014228091099445124921337170608336191160477053003807351381449141817984701429481368632902268924489411213182723825218656579591229657808993035504
184,1300935427709996076120771709698650915385332618905545624013163626394594073977470948173855574669717682514886238543554752187398754321615720818482491837169793640990293051640689872
10,3900495959546524233509457355135133310198770070772954929628750995670373412117021792593708772405076866212129330065129594210476261260257017311204431838811467314936007341860111666
108,3900495959589945359936523480422687242327997971499238249942293718018899770624614725880960537708742345307063181461760494160806845854173092328203438685024005389564031129298902258
9,3900495960133443573757490636061162623528511360915374585043455204881232094904137786282411996301958095641386727277033466720147842974118274279865603439100098412330704785059721522
109,3900495959589945359936523480422687242327997971499238249942293718018899770624614725880960537708742345307063181461760494160806845854173092328203438685024005389564031129298902258
79,2015011203318629393600318364662570429709083507824697844559073057641508563770631920156738766328379999819309643691254580160413180781960278750830173117101864625293852991576949223
167,3789223742395123563041458277145858934056876059725282323168127403663816834412191731448128493607680782892147601524556170237512683579147732438052837405636827268392301895195491255
68,3789224020845487416742620294824807966889634079384924063451158571427607029281937574117700197566274094361743225786783415585993562695771629940909098750510145276810521419789059703
186,1138318499246246566605675245986319550962166041542352421011518173095269814730287079652123627836002972200525458725610408163973910031413755716172180357523569435866506420185603645
81,1831828366653299448727562149693245845190075916204270767780975506946825967064210836506126151207618181653917857901140527418557437074509344318936521015547149659358048174160862940
188,975701570782497057090578782273988186538999464179159218009872719795945555483103211130391681002288261886164678907666064140549065741211790613861868877877345230742719788730517416
83,1648645529987969503854805934723921260671068324583843691002877956252143370357789752855513536086856363488526072111026474676701693367058409887042868913992434693422243356744776655
70,3789223952511161776997699526099752108501525837779456721964114792851216742343014889197741919308802270501161439108817956769361804836716494288446250917791682809991618112292732034
169,3789223934486357512651995806472225210754161732244064900180528195177329826292663204015905889428559659644462548910419314753865790177757352451685116636791157428276557028555177490
190,813084642318747547575482318561656822115832886815966015008227266496621296235919342608659734168573551571803899089721720117124221451009825511551557398231121025618933157275431185
85,1465462693322639558982049719754596676152060732963416614224780405557460773651368669204900920966094545323134286320912421934845949659607475455149216812437719727486438539328690368
192,650467713854998038060385854849325457692666309452772812006581813197297036988735474086927787334858841257443119271777376093699377160807860409241245918584896820495146525820344952
87,1282279856657309614109293504785272091633053141342989537446682854862778176944947585554288305845332727157742500530798369192990205952156541023255564710883004761550633721912604079
72,3789223947839405477248759110254109690595149325167891277590584935117936942852687609641190293699157535392868031609450378487587909630445009079514168878483878719513979357492489352
171,3789223946525515399480311400896724136104709680651913043204546978149917909652976937746667220666235787979840742232513742919568969751269557219394607353790118256958100979202200817
194,487850785391248528545289391136994093269499732089579609004936359897972777741551605565195840501144130943082339453833032070274532870605895306930934438938672615371359894365258717
89,1099097019991979669236537289815947507114045549722562460668585304168095580238526501903675690724570908992350714740684316451134462244705606591361912609328289795614828904496517788
196,325233856927499019030192927424662728846333154726386406003290906598648518494367737043463893667429420628721559635888688046849688580403930204620622959292448410247573262910172480
91,915914183326649724363781074846622922595037958102135383890487753473412983532105418253063075603809090826958928950570263709278718537254672159468260507773574829679024087080431495
8,3900495960133443573757490636061162623528511360915374585043455204881232094904137786282411996301958095641386727277033466720147842974118274279865603439100098412330704785059721522
107,3900495969431282791952909984836079050823874496021385100929716705902706316053684874953900407367039893251436678467678566423286640435190246170362042245280939545227839544834416594
7,3900496053346998505973828039936100828274366434529392908839897643644857362036368481111102507044169651156640595638546305409843425094357992568257970181707546898790317104023848658
106,3900495969431282791952909984836079050823874496021385100929716705902706316053684874953900407367039893251436678467678566423286640435190246170362042245280939545227839544834416594
173,3789223947449960343268974662208778655886776622944070980663089547438919459493066142344575186090201594888990544734075799289962091844687373126910084798955675877080302513452353112
74,3789223947548082716274290588091074158759664937400976059754073262546116301940188171240186879894003282246301464712741374435016864767006490080338915428991534491341702154261344277
198,162616928463749509515096463712331364423166577363193203001645453299324259247183868521731946833714710314360779817944344023424844290201965102310311479646224205123786631455086241
93,732731346661319779491024859877298338076030366481708307112390202778730386825684334602450460483047272661567143160456210967422974829803737727574608406218859863743219269664345200
95,549548509995989834618268644907973753557022774861281230334292652084047790119263250951837845362285454496175357370342158225567231122352803295680956304664144897807414452248258903
175,3789223947522574439003462667375154347125547642879472591879203860945762399108206938342212324423267493163547261391550484705317030381618862293845372454686231956603950973882376429
76,3789223947529425920770794236375102343511577544340951584507572601854586684415326120347246362281083613609571797957283490331427564427935061220395336293900770178272778493235253916
97,366365673330659889745512429938649169038015183240854153556195101389365193412842167301225230241523636330783571580228105483711487414901868863787304203109429931871609634832172604
99,183182836665329944872756214969324584519007591620427076778097550694682596706421083650612615120761818165391785790114052741855743707450934431893652101554714965935804817416086303
177,3789223947526979046904147094178398497840287844954415196525090673499949451963129362311101614339094477705892964989537031025653765192100062412509810492911241576333966816791230168
78,3789223947524665769834669413092342407777966698989998955486893729558376020624442912449869200439413506753202223223101924198122447188586657133096168941896982890475337409193605117
80,3789223947480631287054555431958821154208074333589249329858780062033927395221930796428176324319984065271751997044629305703702214976848243065397795629431355877527458962707453898
179,3789223947515753805481696300193923673275264100788007007122684123668196646275256173122695121131441983363106190947099066507165344400747785533430983054337880346944943329334640850
5,3900504578659340910964610119394310520249683950532036831343955887223373976344071872494239860021026914144596527814925993530491645217252401195185613452387155480990155049602059282
6,3900496053346998505973828039936100828274366434529392908839897643644857362036368481111102507044169651156640595638546305409843425094357992568257970181707546898790317104023848658
104,3900497143897244588133863123370203599312655628047571049999275034907787804917615850997323432133105355254871950294256286755488864846432054277826363659109244561267066298600587490
105,3900497143897244588133863123370203599312655628047571049999275034907787804917615850997323432133105355254871950294256286755488864846432054277826363659109244561267066298600587490
181,3789223947372343502702383741313516398470805300525384281128843160806004371949595792047366869070790156315166359877353050203074071655635544343738064103506531116550113085457272999
82,3789223946930658081672528037369597480145815996360472995946705958940076498148646633775774639214385983289635535949234889533593809091008553164546228777584065600693819422650882327
84,3789223940075227116077645672503550022227223412819252117829076007011772323399989318203217583115346416949519013919818531644982589260099941642479151816817077076312126154809102986
183,3789223945602353404441403160568925485991774633567671909987419067230783565125228539381006208262734972476483714586775036080294011999065964088898926210568874899620641653246001114
185,3789223923994109593243728807025894941402637658911618249002417394210569406985525739278397356940625027324808910054194433370184062474472856679505480712601498708870609217747853569
86,3789223855543428770786945262527041097310802733995865408822483329249097781264504186300766477365545912234168912533354335163680672831364391453698438958290965114601493449875408272
102,3900526640551091666912878052942147309535326588072687414180173199054415896840323427291841061831343829637782374932543923338885375747720816135258893539621119906589117774294393642
3,3900600306440986481816714219711687544348004067280352282551768819160329367433511514224500500160103378704971784211306085362256720947275546475465449118633285984301903119932443850
103,3900526640551091666912878052942147309535326588072687414180173199054415896840323427291841061831343829637782374932543923338885375747720816135258893539621119906589117774294393642
4,3900504578659340910964610119394310520249683950532036831343955887223373976344071872494239860021026914144596527814925993530491645217252401195185613452387155480990155049602059282
88,3789222823542212988504280452416075056093663533507086983698126915452868502840979822619060597912911256649089122610976319760738657394283462558381881409422364945917643321729027957
187,3789223664595718325970307010336879309705115439333000382003714932068592665294126652373591616437269784579306199745271740831664492727738888442213271171542929379851759716293007664
189,3789220572845175085190929798795907587542046352586970503597228952311426258962988811475266998964660886410824285465117830983265159980140792728076449053276469438753280409374583005
90,3789210083621163016536225290589523542519663518071553657260798536461928534514999940484886933600558718513452751878676778728320551319547290884507149015997369973357815361224043524
92,3789044689708196668319057219123722031655821037647345691742949097442422445478757239294326636886636513714642474964359388333653186048720648891003607667514085376410219946659704877
191,3789182574101775136556123140081552131583139799354889702222598377151639388121982649328412595197679771219602719954406866935663350137839260240960032955079448089814475516395464128
193,3788679209996409550623212437992510043011922305641735556638927458798552455870825862194749356797167516299317007465995925877966469430700160752594588091634555347349606446333644762
94,3786753742213922342959498874100206851943418691579641881866769342821949039481249279546418894450148272039783061271469399303923614920527450124431359100150650399481369399128278370
100,3877924888065788063358390955126563605697133958050621567598678022308455932596374990296317355889994948477718227511059898468360188730727377872656096835136690032518835631678212542
101,3877924888065788063358390955126563605697133958050621567598678022308455932596374990296317355889994948477718227511059898468360188730727377872656096835136690032518835631678212542
1,3786094863429024250074531737459925949385328530153327193145664287374693102569003151482109914240269801556030638581678726643627996404975961723224969630436488790077907076940876602
2,3900600306440986481816714219711687544348004067280352282551768819160329367433511514224500500160103378704971784211306085362256720947275546475465449118633285984301903119932443850
195,3781647113764356138796844139086129081782596207322364608892352560278137227797713624345179588182624731167216857736848689637377900025026172804678124453317529748057137522402677847
96,3754935135048377527469743825425300594005204947743127418746378777910725260882569425517558280853248763145119910410212883585061640184266534057787553125089955994576461972705817207
0,3786094863429024250074531737459925949385328530153327193145664287374693102569003151482109914240269801556030638581678726643627996404975961723224969630436488790077907076940876602
98,3366694887133259259953792004887256683841972671303381796948077563446583967528063827141103473739637926508193692019726212896031801496958981260735712260982423221570325671781680210
197,3690052399206926389624226227195810956874617863577706749596892011693893535948209465054932302183131871980980546930141476148515564321144075739246154811970201025287345868109228514
199,2797656033142933443211200998871270158143963576507545592899591521331097448134256557068845950651885354171948442478989864373870745463994108854755752878247502036250907621241643857
