134,93248474815159786336483570558955741956583533052931816946815918530136290500736448483613505530151309225230828613726544155
35,93208010590956875528035529459484452855839128350243283454906419904790259042990372066097964798612704759046008460928144204
135,93279253088313869477884348487907951562500842220635518050976825283434447386770554662267822675027640822925941806184243031
36,93168554532500453340065079723001644211864030042170148468211388027586776064009226693250834611556018454418455912439422916
34,93188035020238882735550588498264043727519728523541112737008240113245233011671585446609616812053518165606240099809935186
132,93189534136375914842798940002291917772412049336398153496336735619413306924956394025555939551024213684437278000170465638
33,93196926674429568120098206826961548640292978262871708316151297698862339929514477684106368502466506804473648344217980835
133,93176771276827749152464906232252739747417982657522310014186821276172476356240423748301778443266784399935859676792065977
137,93765531901411598557435730919198459148524732810516733441688349176441080705413564737395458183941554618830474133102379905
39,93688558192251699705647087256631064223953984204314500541618294762366578935194826129626632983429555069051298355926192225
136,93751048352769791118002791333138190332696907583653539133741563261110294499888238938779952332598346759723280348697602145
38,93757729453043909354953196035759132824212517025320489287262124042212660570341717983503795748240072854025296022984862369
37,93765048196454748985782268256874489337813957632519425738013780759030176379830760654541244575168706364175347661957969098
32,96164538123896825373842764597794815962764199820150823745110732203482716884738987691680320193307201682398879886880626478
31,96090817514975274141249854835958498920597480495322571800080202553504349465724614970679025600804160668059960465253925570
131,96197528183593920046307218086446023623027907179712889859128614426417049105963991373876147490787031818773607593457502649
130,96120892199132299878603830255393243725780325650333565725417623073147752236099530664147354721767943469093937008815257323
138,91147423881357521214970562406817918889237772662811826911267949590542857122989965032552760289975751683047151662410421212
30,95668092494786071476954228465060396408113018140745445251554385957924968539236483972325927173013677076709576623222601285
129,95766808069521523828851660034189511291081828567501734987361675929859043801728228196411163720756857895677391973800941801
128,95696713453895757602443346283144965681264956366719727453745127460231034993213364705170925786788411460084333160946855026
29,95659963811652547711079058229509277993228417446818593892444079816534281338733064696368704733940906816900526131245260978
40,93206617930057127581796715668901302083035712125586682138621381311469394536001693826242408061521862435949898805973708884
139,93186090656443377189650176471194654573545110908402828721502757006013564436362202093671411982457963923542344529935530254
141,92844750391886069396372995831513796255517900042509494134684540273976816476570937719700289972008127858103104330690103794
140,92862398384594397798670947745693761981526547665618317562088018467897553007536382980972039172333542817435733223523653306
41,92840893848082433676925830309632553536010938463853015528114032569792523124720475225845076104898359503714359626134382708
42,92688393903287931732247363152823393590776106590392550174534741595316009545575170481384607417852432950548497754330541420
126,98800363255281835776425893227729056323584340081687106874409106047851195415539901603448695283732351022290144695726150364
28,98885110315614442071562372537398746125117183999250619465276091014054043814904072617092861553472393268722398387640393614
127,98872497648592656616038854786209300782265799288088841309177537008584413184578747106814626651258031494241884528249872643
27,98776102538880952804652732159559414088270705450276322954012593381306436546336122937785725074838164616345625698387770250
44,88676544119923550693297061282641461767605222888328523892430341777354207337297201624500136452316873334204895195148071801
142,88626288161569422141982664596478841968157172549335124819772775962800077986443087473622371881402751290517403361929808827
43,88598942190620835946296133902818425759970521602590753920756717448181346967244104651274269822663061353521016066009313401
143,88666187617520261060798229556761929753705997251613924379846399522367557713429330500432900457178690704174509568505928139
26,98408956029712282531464749218827905413211167759343631917039390960011385449813637334837832268124621997693115488872105325
125,98450330473716712358604556946679373613807942860001877852833356901066810483930322998124359908912690206546481980539652252
25,98410779170333348714716707523474970235192537488694588081931678077036415452719999652278310478274266638610951251694446009
124,98432879519434606270919793501954564513855208575782191060363936845705617320209697025974770823435565724673921830644746264
45,86069463724489010238694557168574455276034463792672853020937776496922787486201119948516946548967025894684633775277640825
144,86079606973262793161027618697111010152382465292423967502268934377203573665509414336698514805530226510443740407592842063
145,86065343064041735306341142049977118927687736253519165537229193481463068530188149027816319680086978173084029171724122011
46,86180237329222476422580985805465363749193882801067746428706986904554093295075467855127798174896637561161116430973277770
123,98667157485028417297218559333263088437742673505432956653069388392846768262894254623099664289543986825249384898217426906
122,98670845406972049893615100012286541415706017674628262440438990668019383289830495938524259181609674945219187357300189545
24,98641360710467631532556703018816369179859198931451192480344006936576483746489852525393454076032578915852197748173544866
47,86658898165270655223265131318132335479447264024529974566652484748220509032241281442147444345601892741490157345362387933
147,86770262641690558569060305664127334331561803455440550326776803782343934142617718097505653520708104477294700856119792833
48,86782601371654369439701034064430094417694386200230749305126417096802191825919245553358970994572946339532740082881601229
146,85729762342602643709802459928987163743762175579362805835329506652084798439280536457915336973194890726126209949969702113
120,102794950824204287991746803348372515074733153121235221207367710909836714582632894041363830077994093370123859810936380328
23,102918272372262118006091841911837752171144756762483521739707803195045393764353215757728479326567168442157676575600601760
121,102812892108478518646894402771610131044838094879914877574092591679306185472808408616863257270928526675201170454289029428
21,102825319113114171526522683362006077424116819266893884219228621400964836913718558366508334525107196116091787820188088855
22,102854778937727678382787363667756772168207219671584472609990063736021346294609376242503852054483626045941253732506879654
148,83338550932799953901744641732362496681245154616047348937624609648122783859264467724783737584421686700976669755898114751
149,84284390618065639926650752766589060868411541559675240936881960676189761358846966518895877238875485555108811670848332411
51,84387103666624729905160942470322916333624368667213908463114258712208696342599688629399196829375074572728905769392669443
50,84196259109750830969677772353925202338475876461398169455784695913717839048462880210534041564524394936019300488321081579
49,82140053791655111183393196315476866034887064541006473539689304871900839949751459598813172515910337976380114087861751269
119,102213098367373546805637754149075384184205006984577516035008066035304972634260366439632028236135368087197103651975674726
118,102199113056641290264167359694798322085647130666372963044496729137055770017685859735015072278142048107934523849753670918
19,102155996645120749254886813226688717372506334797310878237569280277026376456263243532143356590564660868606022207076321215
20,102151378593383226658995625506633520531185019077945134502033553841654253348830861026339703765346077123535214747511031717
150,90875010654715524499273626866230454491406520545203733877886770378315168367037037605958181657205137455119906641672395847
151,90875010654715524499273626866230454491406520545203733877886770378315168367037037605958181657205137455119906641672395847
55,82332213944064782650361281412771983792313846931666096440277612317643292291877168155817589836267828275886885930447243096
52,83492439288156333876052954470397165239317808418524357592917952051881518901948424888478104741517534662211324469836759093
153,83065468877069776828709478110103763759857899237623921015085341067203004233753415283276915279708733452107335842241955726
53,83495528692054879997332545650081772256985606315973786570062817274703399856750693340114957442898756972067364188966692321
152,81410448883563130510368063344599563600840188532048480836924476266860431563736076578230614069720303290870026844649658216
154,78018346846748000072436060705241248450805180676546460802052623089074580248580406720804338483481957320417109059455922480
116,103003764006636856949592423346029624695288733971674126833858734215173686624784027166229082701136490994437318196854807390
117,102950793703213723360436766363076580853974785256081421603088702734168996747512431561069215669144774192227016855754904234
18,102952922068130192145770451050209479195658122185044667126756109013806803582682778217956562394855018899978375654245044140
17,102959917800849418794212068740165965971987521389167245930137720007151789072586835130895886378792825413251298942355248047
156,74626244809932869634504058065882933300770172821044440767180769911288728933424736863378062897243611349964191274262186742
158,71234142773117739196572055426524618150735164965542420732308916733502877618269067005951787311005265379511273489068451002
155,77671294808670770689276625741309561699447896390111406008525901757154485788826218043424371771374923070009307827864639476
54,79053908379288432878192388608675668231581874442375256016722802620172651789052900969354363889266411089403282157856156070
160,67842040736302608758640052787166303000700157110040400697437063555717026303113397148525511724766919409058355703874715260
162,64449938699487478320708050147807987850665149254538380662565210377931174987957727291099236138528573438605437918680979516
56,79851925751377971336235386516130742220925962688677362285288011704805871075547030642107619847000698973512278968809742570
57,79851925751377971336235386516130742220925962688677362285288011704805871075547030642107619847000698973512278968809742570
164,61057836662672347882776047508449672700630141399036360627693357200145323672802057433672960552290227468152520133487243770
61,76275236053781623806742667530981148975329199813528628156496535364979461397068147288635342911319213837682294496552795460
59,80088997856470704997079800907530206424095659804205059564321362133228434466921554653067110056885174529566409221380435212
166,57665734625857217444844044869091357550595133543534340592821504022359472357646387576246684966051881497699602348293508022
157,76711538060245849120267835375215627311465044671538393997327166304126916780129547205810955355851694990017586336828495014
115,102614267662612879117529398222950557281185895368315957801243322708502083538644253517751069634446671360833298619477371095
16,102618557448864411640817938273462431269224333854403287057382611981638945029052116543201707806369107683829498051615322501
114,102625864882692201048453300423226366177821935777958932955022723624976339173069362104898645896792759374230905397193755664
15,102640295746935663388651401275660989826793799787103498232883582271099308128624013099482207390524734815520274257406743382
168,54273632589042087006912042229733042400560125688032320557949650844573621042490717718820409379813535527246684563099772272
63,72461474251092542616405534154432091526562739822852196748671708596730488327214739924203575765753253145798179771725155706
159,76396813884441418403151302868238694294229787140805946734105538269577308777765277668780028586379669358915028679327094570
60,76954264318753677469805671516624563348900082793892956674895999634598276192084936157124818638868405467966253842124523328
58,78641752226762812181253473445606429658410067193155066773685703764261512986205566155135764709485286136669011389386376046
65,68647712448403461426068400777883034077796279832175765340846881828481515257361332559771808620187292453914065046897515950
170,50881530552226956568980039590374727250525117832530300523077797666787769727335047861394133793575189556793766777906036520
67,64833950645714380235731267401333976629029819841499333933022055060232542187507925195340041474621331762029950322069876192
172,47489428515411826131048036951016412100490109977028280488205944489001918412179378003967858207336843586340848992712300766
69,61020188843025299045394134024784919180263359850822902525197228291983569117654517830908274329055371070145835597242236432
161,76794678287578047447185988809195020311168682648458243214828167992635848759504856971090520001881930473188398411526125204
62,76861887123274506746893689071756353029480461552081600350749808075122932649517247638284346546466058518985954852610496778
174,44097326478596695693116034311658096950455102121526260453334091311216067097023708146541582621098497615887931207518565010
71,57206427040336217855057000648235861731496899860146471117372401523734596047801110466476507183489410378261720872414596670
176,40705224441781565255184031672299781800420094266024240418462238133430215781868038289115307034860151645435013422324829252
73,53392665237647136664719867271686804282730439869470039709547574755485622977947703102044740037923449686377606147586956906
163,76845683839085836832673799756052260158102019640004844685197815863768212358421169781433527233968918579695364218374712222
64,76852180811432144177113306020449710670328935616152753348329271485376129944044103397748588389020387192408802058308698965
178,37313122404966434817252029032941466650385086410522220383590384955644364466712368431689031448621805674982095637131093492
75,49578903434958055474382733895137746833963979878793608301722747987236649908094295737612972892357488994493491422759317140
180,33921020368151304379320026393583151500350078555020200348718531777858513151556698574262755862383459704529177851937357730
77,45765141632268974284045600518588689385197519888117176893897921218987676838240888373181205746791528302609376697931677372
112,102251546989657518325614837980296938673246109309998483786083204710321283505884241104910746346892765261277485160797856478
113,102228291279772361797231541618797564274244906537418428271671621672092280348867532632914368067088829372106530013290108348
14,102265067242028014617330042731958960855791186179890311576610552985238277838678303812135007831675534575844221287636198105
13,102234318558586316698870234579503832044162236864067844594495646674304759854597005563794296216726090189576392204926687681
66,76850955332397306759772017413777763580231842147517278913777054458280651682395621195612591995205144125909233651345605867
165,76850335552528455078476998533125882671942137699749632187401390555966187473659299455625975960959163816835887159841451885
182,30528918331336173941388023754224836350315070699518180313846678600072661836401028716836480276145113734076260066743621966
79,41951379829579893093708467142039631936431059897440745486073094450738703768387481008749438601225567610725261973104037602
167,76850755224343616902378647484315588264879502175528285076563161029053646611735841951044066355198515320822471156985867833
184,27136816294521043503456021114866521200280062844016160278974825422286810521245358859410204689906767763623342281549886200
81,38137618026890811903371333765490574487664599906764314078248267682489730698534073644317671455659606918841147248276397830
186,23744714257705913065524018475508206050245054988514140244102972244500959206089689001983929103668421793170424496356150432
83,34323856224201730713034200388941517038898139916087882670423440914240757628680666279885904310093646226957032523448758056
188,20352612220890782627592015836149890900210047133012120209231119066715107890934019144557653517430075822717506711162414662
85,30510094421512649522697067012392459590131679925411451262598614145991784558827258915454137164527685535072917798621118280
70,76850803256168259609517240056988112605200585388944366795726259923025415626380303351494513162703365285406178522529926416
169,76850796802748778763226550994286130320631620191122006606935085627605535241267194798584612899671708183871063034335784799
68,76850817477292888928814312956179881092725162599187786820529651516543411281437178603486039249133729357379855718761154143
190,16960510184075652189660013196791575750175039277510100174359265888929256575778349287131377931191729852264588925968678890
87,26696332618823568332359933635843402141365219934735019854773787377742811488973851551022370018961724843188803073793478502
171,76850801151202668380278043239967565986946255033298573938028921272228476681745476631643461644067724360380724478773894940
11,105252610188215945537318926067714912930344645256733810603215973966505159508130827190075523673807030853505695443701819584
12,105258202111210550169918694574169503853083767501456196237221565809506145698549871127413708029475516421208518984740838143
110,105314227034452031297686061908125922453896042584612339930834972807931825717878366638048027345410707136965312297748466188
111,105328469207504458126195126566742879909054804173489084108255765308245155756325353174878467156440896090968722996179161122
192,13568408147260521751728010557433260600140031422008080139487412711143405260622679429705102344953383881811671140774943116
89,22882570816134487142022800259294344692598759944058588446948960609493838419120444186590602873395764151304688348965838722
91,19068809013445405951685666882745287243832299953382157039124133841244865349267036822158835727829803459420573624138198940
194,10176306110445391313796007918074945450105023566506060104615559533357553945467009572278826758715037911358753355581207340
93,15255047210756324761348533506196229795065839962705725631299307072995892279413629457727068582263842767536458899310559156
196,6784204073630260875864005278716630300070015711004040069743706355571702630311339714852551172476691940905835570387471562
95,11441285408067243571011400129647172346299379972029294223474480304746919209560222093295301436697882075652344174482919370
173,76850801606689160595574532805475122596753809416790062389760691553716204820170225517428941724657417255892045907634457764
74,76850801675809425852524909947775866309611642664385040454691922863733466019583246997463963654948990804998573954755510678
72,76850801821920576511703571701274884576185488869170112085795906161645608205103704864890286068770500542838702820640243358
198,3392102036815130437932002639358315150035007855502020034871853177785851315155669857426275586238345970452917785193735782
97,7627523605378162380674266753098114897532919981352862815649653536497946139706814728863534291131921383768229449655279582
99,3813761802689081190337133376549057448766459990676431407824826768248973069853407364431767145565960691884114724827639792
76,76850801659335339116345097997370969050255638972234105568610597507562404742781728843586759483123861065272979291615783460
175,76850801653305833420561520039339011493320337499703868861647100834284257489322912544358989266708199765156594019084668162
9,107769002914004174458401813558940371191603426071099439210442534030755023948097256539211863912452489237969693797009621761
109,107813550657745920583669090809731404449448781197030747843173342564982315702043585667963591883741157218270685491490440120
108,107781463396043019013769783749116206926145784621662686022986969935446034722017398986119991386610168336621937776612503894
10,107913002102774404647366579314789208276728700879443722776042792354339055637028748597528396311254715993442014472812433788
78,76850801646324752159299928552595501675205793910724452944661924224054320025967805345850148876908936687526531281994870782
177,76850801654141686514746551000919029901649516078789181971250479982626588437394976177414538979209068288436263686253279540
80,76850801556708893291880444161277051484050682702078931885259789222057115750352625967506200861900829393562445102833843633
179,76850801623565610446671884600443901276895453209923765993518085207171189925567050095687627245205172222349183966119934573
181,76850801382822595962504959038977050242535548736069669956409520055831659809568182381717871160134723814494016933040119009
82,76850800857952440299188921742065268462528782013268330747726425973848912800748027845762562250701336078950622375080797211
106,110338185165834597085538720765247518753669372214400999282678941901791473504198350041927819459994796333610837286043999717
107,110321150093679320189011540358562466286398606263145695225925966311615729587837262112992576072404864661511341781505002795
7,110302801047710490956380161653876025276561747578786970660323472445917436275985935550510004618207914585402050308809296464
8,110229415513336538382807764942663987965661716392225205464766466794244755456673222851752361642432996105843358811587622174
183,76850799518500934242381388563852160717390758598585972350549406743591583685092614415000416262907592713614199092378445735
84,76850795394362800923494653139387074884223988616129767585380934459199040170674281173362649927817940568555344359051275163
86,76850752633156401390699596585768538714452011582258598657876245240052739469286784611258817293543767612813574955769513678
185,76850785102512968673739230100357377796957161232011204262553363717473167058806154758346640133423184413105042554895105124
187,76850673881011090563039456683776015836405670429669982929201905588230390720451442303958064186130504731312734047217667802
88,76850417817919066478221044899686176819754715555310830545382178741534891558117932608250717068359901903954690023738507430
104,114783952941792107097279811301820771919516831662942152074813133434798587308152091550836244911318747653245462702941437868
6,114769810687619097983151652916118840512138319612401946275248575593535153301170868538904273575795463620214609379319301604
5,114790061047607707622564665073118297944810697410901852109867756479896163191143816903431924220592953567592411109250990872
105,114797769964427295426380004521667726036172542843215162409798154098010891996029528725045269998565256976057790275413205276
189,76849818783354515737224652445973478555817311544109006364593720208978670758978171682354422289681772870371502493275105370
191,76843258161617462452396159415966214317160640764829084821974559647396676855155080124609263454019375990749506844845158488
90,76847794165339584191556269723763064742789754629153103590921578642544625530721064266731123097920880506759811848887492072
92,76827106362868289175328701049177398680585336887958940934401101269756041227774772434664996774306294683768840358099586398
193,76792529933910693723093158620433239737757767855535873291034933099587402414435003737172325249082611437224241497823398894
94,76660808395587343326453321865135730875624918113626347118138922064199612671528459039986036693409134098702799848709337181
102,113381214660725700137886305821962464784668636638118823906111848124356189878568262497802562111806244821718587394694228668
4,113197528706898518218579246410351844010429645018809181350173779797645277251035201930246454171047633582446345897104860401
3,113636069600168828027252466284432315949614270366730050978853818207886241802565022656242483885158570920217927298514906587
103,113391282940913517213487297868515581931629633779389138647480715167082918254740946581341013128001395773952907828473461544
96,75295484786666377178285082801675542070091853279011187766716938815800623373462733564743084348423520537270721246127990743
195,76391645290213908421354433369948940250156014768060445063118637689051430508161815310432045483132234407727415800685331705
98,64581641861759549985722954964088515781732659831805525953934405616925700359317980219099628937564046235211991248949310403
197,73241427809574493309917953178228878269690345620140525359847521264641809497516286532928109566683890400721193607123937909
2,115454860262777717625120725482920402135227501299722575936222167104570571430896054885020123073382496184305586157700341526
101,112261412840949533513585520869335652305446289134381178582326753736141033827014087656587737871097087897101803878880445582
199,52505686561707252219502782545011825943343178490068796383921327471772032661763057372937353842425976282180167840000317767
100,109673406934390365908652492497974805732997192748819492116591015146858744314137515150730673184559946266913892268123573594
1,103335455312050406486890716951517502302065477634691891223273034707667392923936336628824643722727748115152642263292543444
0,103335455312050406486890716951517502302065477634691891223273034707667392923936336628824643722727748115152642263292543444
