75,2147780410878964389106632536108812655324461284993724425813252765223507064926914232583205628902863295096217809632437972719724593549190369402108501068018994334665987847341113264437021929014159433830604017631099954
273,2147780410878967195286560533476255383968277970938637830759303111670333567334315846440198763106078043741425646039561432396561560465026601591307609259159947566091339009351451997299072560673003935568809671457533682
78,2147780410879102892607091170248419980061217517208633855563212252937803089536288806766043202655077324922316180220059714553574119829331851535244389541202556804049024322974549225757252027907146587709480405535910130
272,2147780410878967195286560533476255383968277970938637830759303111670333567334315846440198763106078043741425646039561432396561560465026601591307609259159947566091339009351451997299072560673003935568809671457533682
71,2147780410878965138968243035226217949841733649947693817221542595873877161024398631778245897503434873546707992774896516420731785681302725178119649220750540327370163943164907944876903474422258317790908589546518962
270,2147780410878965012895410660425521382193692551076706836335387984978396512347589410584243867686688147653213901623590831781197851472531314444479504935424780016414706177785693375032899886840801962655691328113951282
271,2147780410878965012895410660425521382193692551076706836335387984978396512347589410584243867686688147653213901623590831781197851472531314444479504935424780016414706177785693375032899886840801962655691328113951282
74,2147780410878964389106632536108812655324461284993724425813252765223507064926914232583205628902863295096217809632437972719724593549190369402108501068018994334665987847341113264437021929014159433830604017631099954
82,2147780410924208811106059403852729954609505145426462822033205153268541653397973250506949105169145170847090125240537727386544461107039467202503629920049616298106714178557435081883953220246166528068401415027734994
79,2147780410879102892607091170248419980061217517208633855563212252937803089536288806766043202655077324922316180220059714553574119829331851535244389541202556804049024322974549225757252027907146587709480405535910130
274,2147780410882716331262453039865391128196730714726179259503010599761492360340894347735949971519923211671645614888800838089772828468256681687167591843462964779317097126989883208379255817701604177943175307252705490
275,2147780410882716331262453039865391128196730714726179259503010599761492360340894347735949971519923211671645614888800838089772828468256681687167591843462964779317097126989883208379255817701604177943175307252705490
67,2147780410878965153351559490972192128225100361476671487138032055538968211076166212607826949640321589088743891096796335845919426302639975969976084770118031379806946926412935007121051458329999838273742205099755442
70,2147780410878965138968243035226217949841733649947693817221542595873877161024398631778245897503434873546707992774896516420731785681302725178119649220750540327370163943164907944876903474422258317790908589546518962
268,2147780410878965151988893915745492502469979837838993391535263878187834721242231778867614935826890273172062522261926672979718961502910595080364267053543826779642948458723063302754755201638417542823145729732488882
269,2147780410878965151988893915745492502469979837838993391535263878187834721242231778867614935826890273172062522261926672979718961502910595080364267053543826779642948458723063302754755201638417542823145729732488882
83,2147780410924208811106059403852729954609505145426462822033205153268541653397973250506949105169145170847090125240537727386544461107039467202503629920049616298106714178557435081883953220246166528068401415027734994
276,2147780411692867783864459707482858187466377788660762585737154352452506073783534372510343153208287926592654351166100270113892251755770886916814162670776486216973775565499541112929277935861781715272754504422065010
86,2147780417784179519413968646083675897666873888943366327772336290472417678475363587344528534273420961521675047016104920952656718656742188284534291025755183525432588743927646812798423226456865125000743061532510682
277,2147780411692867783864459707482858187466377788660762585737154352452506073783534372510343153208287926592654351166100270113892251755770886916814162670776486216973775565499541112929277935861781715272754504422065010
266,2147780410878965153455951238164676182563309774821272892875430990024592649410319001062543530190660408600180122810600895442464963181521662958619571286579233799324766692613703011568485855679741320293485232622260146
63,2147780410878965153463949659791079226287480391870639167582865901147405033522386196768234342598718465208730116658469794133285491287950478731701477195667494458973477451090772055882735589614753862854007166985570738
66,2147780410878965153351559490972192128225100361476671487138032055538968211076166212607826949640321589088743891096796335845919426302639975969976084770118031379806946926412935007121051458329999838273742205099755442
267,2147780410878965153455951238164676182563309774821272892875430990024592649410319001062543530190660408600180122810600895442464963181521662958619571286579233799324766692613703011568485855679741320293485232622260146
87,2147780417784179519413968646083675897666873888943366327772336290472417678475363587344528534273420961521675047016104920952656718656742188284534291025755183525432588743927646812798423226456865125000743061532510682
279,2147780507733859657781588377048421519786462157792593435454324993532765807457483287210909398860033369200017058567067643358307749384862108277362234242908056178767050142032660046728697183608843413055763868884866482
278,2147780507733859657781588377048421519786462157792593435454324993532765807457483287210909398860033369200017058567067643358307749384862108277362234242908056178767050142032660046728697183608843413055763868884866482
90,2147781018181187605836463322873445584035817816161793128857694871149995853470746964797211907276904751465390315812640093629312056895238538012606418778715407182514101212526298037089252512263487074064063950502879962
59,2147780410878965153464428253627323566954484204445600789374611998564443135281577224149705068308633900869134992152842327522160430062430628665834768197204684256283185179100898910497844913603687074892270019434834354
62,2147780410878965153463949659791079226287480391870639167582865901147405033522386196768234342598718465208730116658469794133285491287950478731701477195667494458973477451090772055882735589614753862854007166985570738
264,2147780410878965153464408732550934281558445615315806998761171720069624144333044712834702390227036108035168172946864146719806581342713797626953826034806687952979858599677730711370315159565328011088019662967459250
265,2147780410878965153464408732550934281558445615315806998761171720069624144333044712834702390227036108035168172946864146719806581342713797626953826034806687952979858599677730711370315159565328011088019662967459250
91,2147781018181187605836463322873445584035817816161793128857694871149995853470746964797211907276904751465390315812640093629312056895238538012606418778715407182514101212526298037089252512263487074064063950502879962
280,2147782483772317959842348978642132559245716482080206783843781386935183313057070251118120498554801922774413251642908758538863478495556784069909410577290080152540828701442749278717238722454033946874616395109601008
281,2147782483772317959842348978642132559245716482080206783843781386935183313057070251118120498554801922774413251642908758538863478495556784069909410577290080152540828701442749278717238722454033946874616395109601008
94,2147790109349637077637390158995964457705699141270220277249523348400564810276342559157357339013917780919736046714664128104202695389015247829319648700745578485142475001847721582428729866132895270815126012362448249
55,2147780410878965153464427941071193737800456654194824569577605302863817564812439765919923636307695913315819606389316732021489473837249080001064282598848486479003303769909537662868830071717539556212892205956850098
58,2147780410878965153464428253627323566954484204445600789374611998564443135281577224149705068308633900869134992152842327522160430062430628665834768197204684256283185179100898910497844913603687074892270019434834354
262,2147780410878965153464428101746196836274385357572880402455629695686745076395878775377806001369055866632837980378618371356824160030047068790024455776247927877078367722816639733516553961395431752587414093727656370
263,2147780410878965153464428101746196836274385357572880402455629695686745076395878775377806001369055866632837980378618371356824160030047068790024455776247927877078367722816639733516553961395431752587414093727656370
98,2147820366140770504872875190816909261129097609627952750434748719334789421473296111591139573653460301219728900542756331968033714183715333769051978161325947094770093018920990053252667674823186943158568440135231482
99,2135313305976901390505370053485536285566237431576359582552912457971349178653636607192973495971409715917577010385971131095368818592155453815092962905961882259066648610779293928891509563170435803493931442045313808
282,2143642117077699113793171350219240543897180988893245134564145826946712330868640095542497134658702081801530217635709755567088151914693647393389585565836660604667840580738845552047750532193923474274258471734110858
95,2147790109349637077637390158995964457705699141270220277249523348400564810276342559157357339013917780919736046714664128104202695389015247829319648700745578485142475001847721582428729866132895270815126012362448249
283,2147808451215796559531621821556606210613529853873030197933056807123203220087025401714874593371993205911047774829361939926519289517386371494249480052198800826741412553566190568826433780610632791900886611288363072
51,2147780410878965153464427917684943304805471653553212078669126809922103530611704547559859150336289450955297061538530605915920357121920964575474599793079311532161158872503524160539225137982184447133368532473930162
260,2147780410878965153464427918621815290996556273329048503828191764897245656571179190602398384533858481977918511554091006411992885240598773600147373749865692407614243347396132352877410094974837240223611730047259058
54,2147780410878965153464427941071193737800456654194824569577605302863817564812439765919923636307695913315819606389316732021489473837249080001064282598848486479003303769909537662868830071717539556212892205956850098
261,2147780410878965153464427918621815290996556273329048503828191764897245656571179190602398384533858481977918511554091006411992885240598773600147373749865692407614243347396132352877410094974837240223611730047259058
102,2147796483782018594056043349995157712328127090885314715841925368026644441001969402032644992916458985469554087619015592995236508370442962211941806797058064071129518472013484669754382664001568897684247917959345945
284,2143644701573225595166360174336913033369020959174071741438146027949908351466733680538843994483287889913310996038745258286560466649961671559363640499613577897414390331577505297462930998508438554768225963490005678
285,2147809748220597613175332022924485300777783209399977993707879647519382006105029237399210148115923532351325826404164288627585705202504891684378215775224462449479479049498250293256465166097164411455175331994683060
47,2147780410878965153464428097651372803488170947180806738818838451956188519668709041591055048164409826771981034501025054828871650498430163477844387501495206930810295591771415192206660959767912353968895350082609586
50,2147780410878965153464427917684943304805471653553212078669126809922103530611704547559859150336289450955297061538530605915920357121920964575474599793079311532161158872503524160539225137982184447133368532473930162
258,2147780410878965153464427934957421592548066554101122420887622189726514498866025310244334260253918017990687150085725499028342876392141626992605888790877723863115748682009016642945318375148697393650365952863240626
259,2147780410878965153464427934957421592548066554101122420887622189726514498866025310244334260253918017990687150085725499028342876392141626992605888790877723863115748682009016642945318375148697393650365952863240626
286,2147930512108834899521198730011160278406362059917529443468528651159650372526190441294918237682327593991199197145655790328183844898313191975356531657082858803231448633494701346067879541105220221584651788103500746
287,2147930512108834899521198730011160278406362059917529443468528651159650372526190441294918237682327593991199197145655790328183844898313191975356531657082858803231448633494701346067879541105220221584651788103500746
103,2147796483782018594056043349995157712328127090885314715841925368026644441001969402032644992916458985469554087619015592995236508370442962211941806797058064071129518472013484669754382664001568897684247917959345945
106,2148079821314132575578527000206139271320529008900077021180290005029189000779256419318507277700506037778913532371473412046897026849554952806432258659054993275916437523388335301696949428570608113132018720963463488
289,2144495654050194784987821446793944169890394113451847922711100924001071844954169570647999740507824447145978689611369249833145742239740946177252581240994801074641999207394517453555684842029389633543596935700436334
111,2137467196053191773078583403191685159110358691945960517238447378816341252858841295189113367879204008704934926276032046009375974504454955334736928412966171576201938482480851619050631244257671080917645297434630774
107,2148079821314132575578527000206139271320529008900077021180290005029189000779256419318507277700506037778913532371473412046897026849554952806432258659054993275916437523388335301696949428570608113132018720963463488
288,2150694904054256285011191841798239193173144070015056146051541771269808819675081727979421298020230512648757629229787586886841725882322029762162520094779058732237439446302266111260917945152615409746044748028802632
290,2112289637910430279921706273194699207580766497336215857729192811068562233609455268551217346269869253494315528707827094263862409348709136373552475093086575540590342313332582787845544410417747277429151091814002640
292,2073884371766604274832220704591159221988388924657375569406843850867315647543828809123013394519507994339873428185866601640883092815096242984942430091394092348943245180362899464430170875682879145112257435599202646
257,2147780410878965153464429280319197567225620257918861731743095182844481957803544677690789120336073530381422492635050375939111459870478634790990590946781991609962314440958927149528068792626067347036452885710877106
46,2147780410878965153464428097651372803488170947180806738818838451956188519668709041591055048164409826771981034501025054828871650498430163477844387501495206930810295591771415192206660959767912353968895350082609586
43,2147780410878965153464431373328404715867528842690301109802102003328076450903857065616771547585821601310832113143883855435787994665700517376198384613688167764739166789909911515432235179535708764055938110877458866
256,2147780410878965153464429280319197567225620257918861731743095182844481957803544677690789120336073530381422492635050375939111459870478634790990590946781991609962314440958927149528068792626067347036452885710877106
291,2122474075864706364781501317036779150251505365692432447671987139729218475303369918950779450229665130306771328173702968025113941661339819473035894449327707534579918437681737549890171555516747436825592304134220130
110,2137467196053191773078583403191685159110358691945960517238447378816341252858841295189113367879204008704934926276032046009375974504454955334736928412966171576201938482480851619050631244257671080917645297434630774
294,2035479105622778269742735135987619236396011351978535281084494890666069061478202349694809442769146735185431327663906109017903776281483349596332385089701609157296148047393216141014797340948011012795363779384402650
296,1997073839478952264653249567384079250803633779299694992762145930464822475412575890266605491018785476030989227141945616394924459747870456207722340088009125965649050914423532817599423806213142880478470123169602652
298,1958668573335126259563763998780539265211256206620854704439796970263575889346949430838401539268424216876547126619985123771945143214257562819112295086316642774001953781453849494184050271478274748161576466954802652
115,2143014013660198645638352685312907796146105087952271722546300804751634593868287932310867816155486930278472797610787631950134303161220167934426179684374950414831628435411025631144370227390739244493373452543010303
114,2143014013660198645638352685312907796146105087952271722546300804751634593868287932310867816155486930278472797610787631950134303161220167934426179684374950414831628435411025631144370227390739244493373452543010303
300,1920263307191300254474278430176999279618878633942014416117448010062329303281322971410197587518062957722105026098024631148965826680644669430502250084624159582354856648484166170768676736743406615844682810740002650
119,2138450674818260352982035093255558742357833848270157513794278687270012951145073419270188665492201801541426678926770359340245804233724158930062992134049352696532067819155168727562060172632896468396324873166110787
123,2098102548878293176510675940552623671747308681321663975798160221472465536972524864189619068030084786418003534041359597843260034342521816308741048886237100758861651445208844789306172244847370119936016856691278560
302,1881858041047474249384792861573459294026501061263174127795099049861082717215696511981993635767701698567662925576064138525986510147031776041892205082931676390707759515514482847353303202008538483527789154525202646
127,2057754422938326000039316787849688601136783514373170437802041755674918122799976309109049470567967771294580389155948836346274264451319473687419105638424848821191235071262520851050284317061843771475708840216446331
293,2105253214830384778021340250105014498742545091113011344342417242670012237789497445587252254969426721710608058815994542868307984572301708571967575807407859376379455461297398497910191578685794601452473109138260406
304,1843452774903648244295307292969919308434123488584333839472750089659836131150070052553789684017340439413220825054103645903007193613418882653282160081239193199060662382544799523937929667273670351210895498310402640
131,2017406296998358823567957635146753530526258347424676899805923289877370708627427754028479873105850756171157244270538074849288494560117131066097162390612596883520818697316196912794396389276317423015400823741614100
42,2147780410878965153464431373328404715867528842690301109802102003328076450903857065616771547585821601310832113143883855435787994665700517376198384613688167764739166789909911515432235179535708764055938110877458866
39,2147780410878965153461206219522101023919353572960647912832493636214470360569608381628595070956445355650324596084174603406355643642290592630454090771351715755598228318398904296545003968988795015582231023238625714
255,2147780410878965153464305982618337350287034431173827369724525919464874044672041222155487600130997183328800529988849369472271986902402089204892815794386809529574033579587240764954750856181953839069857114125998514
254,2147780410878965153464305982618337350287034431173827369724525919464874044672041222155487600130997183328800529988849369472271986902402089204892815794386809529574033579587240764954750856181953839069857114125998514
122,2087432097261989172650211167279224987947140730760294829396153708129932288350637163001408795989417467592748059012273142662390729202989852929932697131451548536755373044982259910885856122940500478415539270342867940
118,2120559579552804728543323926298897975340265658098879072225067324770660383208017630195513007174343318456154589231146786483886084314580528505620779980774248675843008340273962624097955860230310514680599701366636818
295,2081146262056089132707064247896821582989518231963230485414695963352875529678174421429389033195974736242574566849609819873488159075407062119810410825242734467155565546934398490467548744185418957119239386243223402
306,1805047508759822239205821724366379322841745915905493551150401129458589545084443593125585732266979180258778724532143153280027877079805989264672115079546710007413565249575116200522556132538802218894001842095602632
135,1977058171058391647096598482443818459915733180476183361809804824079823294454879198947910275643733741047734099385127313352302724668914788444775219142800344945850402323369872974538508461490791074555092807266781867
308,1766642242615996234116336155762839337249368343226653262828052169257342959018817133697381780516617921104336624010182660657048560546193095876062070077854226815766468116605432877107182597803934086577108185880802622
297,2085892299420316066828820452923112900616435675507217295092585312626425258977111716046742556266087240844368191556347624888041031384403651026184263482897772853196549359709888256420415936757839001225830513642039878
126,2086546421786776582688961982532111480247741409432308599891160817297369797199793937186274373645406855524823014961617285488023389674530110511602618227187725819002475422970573623087948039594178189251109775207847376
139,1936710045118424470625239329740883389305208013527689823813686358282275880282330643867340678181616725924310954499716551855316954777712445823453275894988093008179985949423549036282620533705264726094784790791949632
310,1728236976472170229026850587159299351656990770547812974505703209056096372953190674269177828766256661949894523488222168034069244012580202487452025076161743624119370983635749553691809063069065954260214529666002610
143,1896361919178457294153880177037948318694682846579196285817567892484728466109782088786771080719499710800887809614305790358331184886510103202131332647175841070509569575477225098026732605919738377634476774317117395
299,2086467898692355443504057185708019763445643357159173011081647334240842305591382399202283739854602878567523143381376527292182822685097551866446292800522623720731452879457554925760183788219292837603655726817221190
312,1689831710328344223937365018555759366064613197868972686183354248854849786887564214840973877015895402795452422966261675411089927478967309098841980074469260432472273850666066230276435528334197821943320873451202596
145,1856013793238490117682521024335013248084157679630702747821449426687181051937233533706201483257382695677464664728895028861345414995307760580809389399363589132839153201530901159770844678134212029174168757842285156
130,2086513734214025121642029221651997079350644309976553463808733077817189856390297465204355090425505875049932201019618802171884710643293028062970708241370483858983179657713840037052366875648590467032034099991016988
314,1651426444184518218847879449952219380472235625190132397861005288653603200821937755412769925265534143641010322444301182788110610945354415710231935072776777240825176717696382906861061993599329689626427217236402580
147,1815665667298522941211161871632078177473632512682209209825330960889633637764684978625631885795265680554041519843484267364359645104105417959487446151551337195168736827584577221514956750348685680713860741367452915
316,1613021178040692213758393881348679394879858052511292109538656328452356614756311295984565973515172884486568221922340690165131294411741522321621890071084294049178079584726699583445688458864461557309533561021602562
301,2086507085445003863221297553714062630671854284529929589999678386448757777630882665016417550008627434566063588466695362945170271432145429464428073552074759817640416622676749150506993866765576389870417802535446708
149,1775317541358555764739802718929143106863107345733715671829212495092086223592136423545062288333148665430618374958073505867373875212903075338165502903739085257498320453638253283259068822563159332253552724892620672
252,2147780410878965153406637817722869871061436008400237993007123144762058879293836141572120859388733716446832911960863977340216144311027479094960055849640942349884692554015099936759905216104748105906429824402044338
38,2147780410878965153461206219522101023919353572960647912832493636214470360569608381628595070956445355650324596084174603406355643642290592630454090771351715755598228318398904296545003968988795015582231023238625714
253,2147780410878965153406637817722869871061436008400237993007123144762058879293836141572120859388733716446832911960863977340216144311027479094960055849640942349884692554015099936759905216104748105906429824402044338
318,1574615911896866208668908312745139409287480479832451821216307368251110028690684836556362021764811625332126121400380197542151977878128628933011845069391810857530982451757016260030314924129593424992639904806802542
134,2086509757869361909073245916449693367676796329834339250644634259658889722592711783574930378689176837936008451035102129236564175780405632611850888960793472261458402443101614348860773684513944059234031848527797144
151,1734969415418588588268443566226208036252582178785222133833094029294538809419587868464492690871031650307195230072662744370388105321700732716843559655926833319827904079691929345003180894777632983793244708417788427
153,1694621289478621411797084413523272965642057011836728595836975563496991395247039313383923093408914635183772085187251982873402335430498390095521616408114581382157487705745605406747292966992106635332936691942956180
322,1497805379609214198489937175538059438102725334474771244571609447848616856559431917699954118264089107023241920356459212296193344810902842155791755066006844474236788185817649613199567854659857160358852592377202496
320,1536210645753040203579422744141599423695102907153611532893958408049863442625058377128158070014450366177684020878419704919172661344515735544401800067699327665883885318787332936614941389394725292675746248592002520
303,2086509154405707152441607542320091948840520857846326266837939208571637880291430725625535617318707958826023955424641314272101331291516830865975800592957152732783395057956936416516848517052258570121829728709625788
155,1654273163538654235325725260820337895031531844888235057840857097699443981074490758303353495946797620060348940301841221376416565539296047474199673160302329444487071331799281468491405039206580286872628675468123931
324,1459400113465388193400451606934519452510347761795930956249260487647370270493805458271750166513727847868799819834498719673214028277289948767181710064314361282589691052847966289784194319924989028041958936162402470
157,1613925037598687058854366108117402824421006677939741519844738631901896566901942203222783898484680604936925795416430459879430795648093704852877729912490077506816654957852957530235517111421053938412320658993291680
326,1420994847321562188310966038330979466917970189117090667926911527446123684428178998843546214763366588714357719312538227050234711743677055378571665062621878090942593919878282966368820785190120895725065279947602442
159,1573576911658719882383006955414467753810481510991247981848620166104349152729393648142214301022563589813502650531019698382445025756891362231555786664677825569146238583906633591979629183635527589952012642518459427
0,1382589581177736183221480469727439481325592616438250379604562567244877098362552539415342263013005329559915618790577734427255395210064161989961620060929394899295496786908599642953447250455252763408171623732802412
305,2086509260189065273459312207913794782658824853532982715899941972617854272099004277888852196808358013361318691129330012542332266886486643773572441944173884009695682973011482327366033977766261983716772978281885404
142,2086509270115428164918800181199510457377196181292197331877165242471374585320708594751873734252248252850657530245376121499760281795680804960143457327648893381289837233784769824112675807933969100318022218104714436
138,2086509307748369198039740011465520372300795868948023182898363320287401257455478387680677195650110154204341352146816765070424034208958115913813661204712809156781009733407865319971331540128937334411473914948269258
161,1533228785718752705911647802711532683199956344042754443852501700306801738556845093061644703560446574690079505645608936885459255865689019610233843416865573631475822209960309653723741255850001241491704626043627172
4,1344184315033910178131994901123899495733215043759410091282213607043630512296926079987138311262644070405473518268617241804276078676451268601351575059236911707648399653938916319538073715720384631091277967518002380
163,1492880659778785529440288650008597612589431177094260905856383234509254324384296537981075106098329559566656360760198175388473485974486676988911900169053321693805405836013985715467853328064474893031396609568794915
31,2147780410878965049235193993783312597968691597528234866385105233267030563101489229525240949288028204881784389354658085988602526324131371700469695943414213891999289567777467482557015680754723879524877429270021042
250,2147780410878965143237395387425442286892419690256403261665657136061727440092182583815144750280403388834651423038553166714017512936683584839682659956540477633254975982694566589776363167359526036977614235403961266
35,2147780410878965152675705100853010165880260982584746627294545683608645819160998459712004854721780140560883126422378376550282917721372225635210716590025381433601697311425753647386620223575056102693016383795780018
251,2147780410878965143237395387425442286892419690256403261665657136061727440092182583815144750280403388834651423038553166714017512936683584839682659956540477633254975982694566589776363167359526036977614235403961266
34,2147780410878965152675705100853010165880260982584746627294545683608645819160998459712004854721780140560883126422378376550282917721372225635210716590025381433601697311425753647386620223575056102693016383795780018
307,2086509266819072139742512152673618842581843897256868846037631459275758071696574443002284463754997600008971095995416963838432159607607042568294064480215746001145202945844400096775786175158148766911974993715782598
8,1305779048890084173042509332520359510140837471080569802959864646842383926231299620558934359512282811251031417746656749181296762142838375212741530057544428516001302520969232996122700180985516498774384311303202346
144,2086509267542647006794067050497131692450223347200075941759432980887036271508356836682687532477260089480346681638115188989870969451112915752512900897501548549043978603695919253490181103823611110595011171494377826
12,1267373782746258167953023763916819524548459898401729514637515686641137340165673161130730407761921552096589317224696256558317445609225481824131485055851945324354205387999549672707326646250648366457490655088402310
165,1452532533838818352968929497305662541978906010145767367860264768711706910211747982900505508636212544443233215874787413891487716083284334367589956921241069756134989462067661777211965400278948544571088593093962656
309,2086509267328179459959875609511589366490210367430890645260093037862382767435168628615930077486512736971009330321465767816433019735358832668338809321086632494664308368508366212648636951315761681063411134262591842
16,1228968516602432162863538195313279538956082325722889226315166726439890754100046701702526456011560292942147216702735763935338129075612588435521440054159462132707108255029866349291953111515780234140596998873602272
167,1412184407898851176497570344602727471368380843197273829864146302914159496039199427819935911174095529319810070989376652394501946192081991746268013673428817818464573088121337838956077472493422196110780576619130395
20,1190563250458606157774052626709739553363704753044048937992817766238644168034420242274322504261199033787705116180775271312358812541999695046911395052466978941060011122060183025876579576780912101823703342658802232
169,1371836281958884000026211191899792400757855676248780291868027837116612081866650872739366313711978514196386926103965890897516176300879649124946070425616565880794156714175013900700189544707895847650472560144298132
24,1152157984314780152684567058106199567771327180365208649670468806037397581968793782846118552510837774633263015658814778689379496008386801658301350050774495749412913989090499702461206042046043969506809686444002190
146,2086509267382226610750102028023848772706093071024294899776317436020864178127977953541207329451148728735794780089431647110919598292246539801278556066527125570277148813910322487883561315820385909492767678714539852
148,2086509267372107737436962724207370348265635699184023045166201649236968502536784378645868366938259300010454281112783157185881589781544648164466735935310577578526495696321292252999901206473797060497240190239064216
311,2086509267368211013919146812703958694798410727419991861933507922436809229069548010979163317729530866638972999942744965368376451908982344850824800659403452344090896860696715012536120342241205406637406945024976006
171,1331488156018916823554852039196857330147330509300286753871909371319064667694102317658796716249861499072963781218555129400530406409677306503624127177804313943123740340228689962444301616922369499190164543669465867
28,1113752718170954147595081489502659582178949607686368361348119845836150995903167323417914600760476515478820915136854286066400179474773908269691305049082012557765816856120816379045832507311175837189916030229202146
173,1291140030078949647083492886493922259536805342351793215875790905521517253521553762578227118787744483949540636333144367903544636518474963882302183929992062005453323966282366024188413689136843150729856527194633600
32,1075347452027128142505595920899119596586572035007528073025770885634904409837540863989710649010115256324378814614893793443420862941161014881081260047389529366118719723151133055630458972576307704873022374014402100
27,2147780410878959195593885712112512487011521190465730098957952693481657518660559390406101241786596665626914211978877322895566125819162152423691870695071816625628899296387127403380001718157485760507894847662047154
249,2147780410878964158706745106753157855934061404674980771685103873174926956603655551211650463532481929930600578907055906195715401353110460149646476929809795380952172812903821031045682061856244972715432588297140402
248,2147780410878964158706745106753157855934061404674980771685103873174926956603655551211650463532481929930600578907055906195715401353110460149646476929809795380952172812903821031045682061856244972715432588297140402
30,2147780410878965049235193993783312597968691597528234866385105233267030563101489229525240949288028204881784389354658085988602526324131371700469695943414213891999289567777467482557015680754723879524877429270021042
150,2086509267371423232068899339563426517129021003970329106102805071008739807500343208111792212642572027697197167719194766315908675007180342793054821150652183550124840767485999932407782176764331035626908554620524124
313,2086509267371153469957042802515400092796971989743820867856621514577033862017926840463464986288071049676937262088896416899897540958564842188618011067127852936287016581870813970040513368791338907540145522253597806
175,1250791904138982470612133733790987188926280175403299677879672439723969839349005207497657521325627468826117491447733606406558866627272621260980240682179810067782907592336042085932525761351316802269548510719801331
36,1036942185883302137416110352295579610994194462328687784703421925433657823771914404561506697259753997169936714092933300820441546407548121492471215045697046174471622590181449732215085437841439572556128717799602052
177,1210443778199015294140774581088052118315755008454806139883553973926422425176456652417087923863510453702694346562322844909573096736070278639658297434367558130112491218389718147676637833565790453809240494244969060
40,998536919739476132326624783692039625401816889649847496381072965232411237706287945133302745509392738015494613570972808197462229873935228103861170044004562982824525457211766408799711903106571440239235061584802002
152,2086509267371374352782994011614376540783733534384086562460669876499714535913219879441269330203660529755396918394958317284538573605753815056346767491966900952482034945617798574486699115372623364480417915948019264
315,2086509267371356040491982785646220222676693141038081212699910898068129781081293553020080095803388253657363069032700950245121774332127379995957029224780422815599327217339086965693827688962365757221130864746865540
179,1170095652259048117669415428385117047705229841506312601887435508128875011003908097336518326401393438579271201676912083412587326844867936018336354186555306192442074844443394209420749905780264105348932477770136787
44,960131653595650127237139215088499639809439316971007208058724005031164651640661485705098793759031478861052513049012315574482913340322334715251125042312079791177428324242083085384338368371703307922341405370001950
181,1129747526319080941198056275682181977094704674557819063891317042331327596831359542255948728939276423455848056791501321915601556953665593397014410938743054254771658470497070271164861977994737756888624461295304512
48,921726387451824122147653646484959654217061744292166919736375044829918065575035026276894842008670219706610412527051822951503596806709441326641080040619596599530331191272399761968964833636835175605447749155201896
154,2086509267371370835572012992268334588544090070930851612262183019883963821467053701836404852142926984075090213811728333338892518906592953839849331592597951813005627451314872710537994053354076038557900991602884234
317,2086509267371369588721890174685704290483277251295951101373053527157915934092549455377626283220839716678303164925529873690999275683421194844399784869623620855462433402613038204051067899831838223952113826432035844
183,1089399400379113764726697122979246906484179507609325525895198576533780182658810987175379131477159408332424911906090560418615787062463250775692467690930802317101242096550746332908974050209211408428316444820472235
52,883321121307998117058168077881419668624684171613326631414026084628671479509408566848690890258308960552168312005091330328524280273096547938031035038927113407883234058302716438553591298901967043288554092940401840
319,2086509267371370501368896630684297946828179433881076882124595359776230328681152199156569378979237920982727061959357949935885100768218811998616873978493215777752980106186759519189856849782327638864172299075327172
185,1049051274439146588255337970276311835873654340660831987899080110736232768486262432094809534015042393209001767020679798921630017171260908154370524443118550379430825722604422394653086122423685059968008428345639956
56,844915855164172111968682509277879683032306598934486343091677124427424893443782107420486938507947701397726211483130837705544963739483654549420990037234630216236136925333033115138217764167098910971660436725601782
156,2086509267371370587388044753232224021452620127264205525713455693121770297783018292917637181475356139897946435010363032546395620494838979500614830246943759332389529219779350211515594008065216354091923352395780316
187,1008703148499179411783978817573376765263129173712338449902961644938685354313713877014239936552925378085578622135269037424644247280058565533048581195306298441760409348658098456397198194638158711507700411870807675
321,2086509267371370564238007616972886180786730435396565164024934443505608362937845647079042075776405402981940855724247084703286458314508104662493717384696119918328147137248150060809217669939761297639616669652676966
26,2147780410878959195593885712112512487011521190465730098957952693481657518660559390406101241786596665626914211978877322895566125819162152423691870695071816625628899296387127403380001718157485760507894847662047154
23,2147780410879878270962687644436244795407172905117176267078548838788116967039394199328395543057367915887200039623456050426462022612156773971281563250141247491159638242032906047448252967573422333845545121837401394
246,2147780410878973644812031021914458388884847981364178541115289686896886643863607837063126874454718480204273542182415628081066229275456689724537940038904241039608848728303716851318565688352473736374330078371688242
247,2147780410878973644812031021914458388884847981364178541115289686896886643863607837063126874454718480204273542182415628081066229275456689724537940038904241039608848728303716851318565688352473736374330078371688242
60,806510589020346106879196940674339697439929026255646054769328164226178307378155647992282986757586442243284110961170345082565647205870761160810945035542147024589039792363349791722844229432230778654766780510801722
189,968355022559212235312619664870441694652604006763844911906843179141137940141165321933670339090808362962155477249858275927658477388856222911726637947494046504089992974711774518141310266852632363047392395395975392
64,768105322876520101789711372070799711847551453576805766446979204024931721312529188564079035007225183088842010439209852459586330672257867772200900033849663832941942659393666468307470694697362646337873124296001660
191,928006896619245058841260512167506624042078839815351373910724713343590525968616766853100741628691347838732332364447514430672707497653880290404694699681794566419576600765450579885422339067106014587084378921143107
68,729700056732694096700225803467259726255173880897965478124630243823685135246902729135875083256863923934399909917249359836607014138644974383590855032157180641294845526423983144892097159962494514020979468081201596
193,887658770679277882369901359464571553431553672866857835914606247546043111796068211772531144166574332715309187479036752933686937606451537669082751451869542628749160226819126641629534411281579666126776362446310820
72,691294790588868091610740234863719740662796308219125189802281283622438549181276269707671131506502664779957809395288867213627697605032080994980810030464697449647748393454299821476723625227626381704085811866401530
323,2086509267371370568637527614473640445857667431137657625039608263629279938117595623178334719872848013012902789603420860798144129355891684376741190266247318084537572699864807445018611902266822342414388505040247962
160,2086509267371370569055954985700736180067987045751137996709693202584945540341462549357970775644819228844442068748547314740378231885023863573909563576394290654673552737744006246562182376305895062336398688128752372
158,2086509267371370570231750418413020537705447916638713090051440262769169846410195808878226107132466634997740735734687980389752798024707874051904444035081308863408092210193562098908311961037031904314319837869288242
195,847310644739310705898542206761636482821028505918364297918487781748495697623519656691961546704457317591886042593625991436701167715249195047760808204057290691078743852872802703373646483496053317666468345971478531
76,652889524445042086521254666260179755070418735540284901479932323421191963115649810279467179756141405625515708873328374590648381071419187606370765028772214258000651260484616498061350090492758249387192155651601462
325,2086509267371370568946030008542985476184752530456791444363474033879440508852758823791550225155817410072386690218711125586224225879228505331944959028369631155777746224970395719709367806015100831413969818688241478
197,806962518799343529427183054058701412210503338969870759922369315950948283450971101611391949242340302468462897708215229939715397824046852426438864956245038753408327478926478765117758555710526969206160329496646240
80,614484258301216081431769097656639769478041162861444613157583363219945377050023350851263228005780146471073608351367881967669064537806294217760720027079731066353554127514933174645976555757890117070298499436801392
162,2086509267371370568975142157481730983090887585463141772623705608449979726884741704127323332687123776774407323793071230065347345449561765022606338982039986800872560259829970745554176944745930424199637155109214752
199,766614392859376352955823901355766341599978172021377221926250850153400869278422546530822351780223287345039752822804468442729627932844509805116921708432786815737911104980154826861870627925000620745852313021813947
84,576078992157390076342283529053099783885663590182604324835234403018698790984396891423059276255418887316631507829407389344689748004193400829150675025387247874706456994545249851230603021023021984753404843222001320
245,2147780410903787805987365280054885796107455335622723625089024768870575031623272070958790850805176465833651089274189176596697909179218000207187929779256726801883436520075540905326150693404066136621334574249778418
244,2147780410903787805987365280054885796107455335622723625089024768870575031623272070958790850805176465833651089274189176596697909179218000207187929779256726801883436520075540905326150693404066136621334574249778418
22,2147780410879878270962687644436244795407172905117176267078548838788116967039394199328395543057367915887200039623456050426462022612156773971281563250141247491159638242032906047448252967573422333845545121837401394
19,2147780411203061239186509017225191202621724527967026235235027747978926324544022281453035896630030058115787335009481177664650947244776891473108849832799041489888312936251968784308607903012527145599664134286324018
327,2086509267371370568967531113093393448900292630999612595740167593069362976307335011314474382718374291448765285682084674033447581408538710835246542614302023601329463812871110757841418730858189377356288824920524374
201,726266266919409176484464748652831270989453005072883683930132384355853455105873991450252754318106272221616607937393706945743858041642167183794978460620534878067494731033830888605982700139474272285544296546981652
88,537673726013564071252797960449559798293286017503764036512885442817452204918770431994855324505057628162189407307446896721710431470580507440540630023694764683059359861575566527815229486288153852436511187007201246
203,685918140979442000013105595949896200378927838124390145934013918558306040933325436369683156855989257098193463051982945448758088150439824562473035212808282940397078357087506950350094772353947923825236280072149355
92,499268459869738066163312391846019812700908444824923748190536482616205618853143972566651372754696369007747306785486404098731114936967614051930585022002281491412262728605883204399855951553285720119617530792401170
164,2086509267371370568969548699561286389279774011671722577629331229429266127938405067966806568316222596538693544221092511950822845610062714933975073390100395157254439621448469272961796084465085751446979503681399260
205,645570015039474823541746443246961129768402671175896607937895452760758626760776881289113559393872241974770318166572183951772318259237481941151091964996031002726661983141183012094206844568421575364928263597317056
96,460863193725912061073826823242479827108530872146083459868187522414959032787517513138447421004335109853305206263525911475751798403354720663320540020309798299765165595636199880984482416818417587802723874577601092
207,605221889099507647070387290544026059157877504227403069941776986963211212588228326208543961931755226851347173281161422454786548368035139319829148717183779065056245609194859073838318916782895226904620247122484755
100,422457927582086055984341254638939841516153299467243171545838562213712446721891053710243469253973850698863105741565418852772481869741827274710495018617315108118068462666516557569108882083549455485830218362801012
1,2086509267371370568969020146057492084724471121963739850372609095997899599094510417436514168332958474147999069097795558511175756085977724552733394504662386080588877308704279166250743983585840028613058790374139540
5,2086509267371370568969123008005344066392172289135770827506284453372033143005090686008598639406926555134369019992128145908089705662684925259936264849678112079824621111061204858882454038849850577871624131697264524
166,2086509267371370568969159731860813895370830461860564492410531883201194948582295785261305436955291675585431102979310296796818995774582610389101207838942017452437056433192605863925728111545078691575358701756705576
209,564873763159540470599028137841090988547352337278909531945658521165663798415679771127974364469638211727924028395750660957800778476832796698507205469371527127385829235248535135582430988997368878444312230647652452
168,2086509267371370568969132669770977164299651913710028565140626840039321113948008716427813163670879814946960163859797021193805747539858969282459706030591307415455966705798711184422403248277798354256992230365436618
104,384052661438260050894855686035399855923775726788402883223489602012465860656264594282039517503612591544421005219604926229793165336128933886100450016924831916470971329696833234153735347348681323168936562148000930
242,2147780416322850400222456927321045983109722293730976322596041736792774929406757100963831458593032181347351024916308628383522245341398782330981127559526416052098825266823806601986405479302916742499282593180573650
243,2147780416322850400222456927321045983109722293730976322596041736792774929406757100963831458593032181347351024916308628383522245341398782330981127559526416052098825266823806601986405479302916742499282593180573650
15,2147780462530443548580166980850482107071848714801378361898157731627156117733954880053832244666418707732573880208222338051226084055149120215962938904044120580725690945107813012602553239307708926700023141573969618
18,2147780411203061239186509017225191202621724527967026235235027747978926324544022281453035896630030058115787335009481177664650947244776891473108849832799041489888312936251968784308607903012527145599664134286324018
108,345647395294434045805370117431859870331398154109562594901140641811219274590638134853835565753251332389978904697644433606813848802516040497490405015232348724823874196727149910738361812613813190852042905933200846
211,524525637219573294127668985138155917936827170330415993949540055368116384243131216047404767007521196604500883510339899460815008585630454077185262221559275189715412861302211197326543061211842529984004214172820147
9,2086509267371370568969130120965708100015495783584901009443099311672808532759704238617063361657173147602649339526115528548773109607582032673551954628941126351938419646616565967089392629462895873337917987698652652
112,307242129150608040715884548828319884739020581430722306578791681609972688525011675425631614002890073235536804175683940983834532268903147108880360013539865533176777063757466587322988277878945058535149249718400760
213,484177511279606117656309832435220847326302003381922455953421589570568970070582660966835169545404181481077738624929137963829238694428111455863318973747023252044996487355887259070655133426316181523696197697987840
170,2086509267371370568969130790597964956222225116808767883902670325987694262122689392650450082146402514128136221365237855168202264587558847240048897474288993755736832182102360067095556201111543955185146626722492468
215,443829385339638941184950679732285776715776836433428917957303123773021555898034105886265572083287166357654593739518376466843468803225768834541375725934771314374580113409563320814767205640789833063388181223155531
116,268836863006782035626398980224779899146643008751882018256442721408726102459385215997427662252528814081094703653723448360855215735290253720270315011847382341529679930787783263907614743144076926218255593503600672
13,2086509267371370568969130613911563777217542624720397917521853731414661064083855311117246222618928756804456066991015544830985891049710320937034455705209993707620556669272428026935788530533380545819394454352609606
217,403481259399671764713591527029350706105251669484935379961184657975474141725485550805695974621170151234231448854107614969857698912023426213219432478122519376704163739463239382558879277855263484603080164748323220
120,230431596862956030536913411621239913554265436073041729934093761207479516393758756569223710502167554926652603131762955737875899201677360331660270010154899149882582797818099940492241208409208793901361937288800582
172,2086509267371370568969130660363768751817655922566274774761628246647542336880579399368139480850448242644949509557520306326509537398403791449457155402917923567704825545478608491772489201488063095147666461602809410
219,363133133459704588242232374326415635494726502536441841965066192177926727552936995725126377159053136110808303968696853472871929020821083591897489230310267439033747365516915444302991350069737136142772148273490907
124,192026330719130025447427843017699927961887863394201441611744801006232930328132297141019758751806295772210502609802463114896582668064466943050225008462415958235485664848416617076867673674340661584468281074000490
17,2086509267371370568969130648121814431743306413674281083553506730938324225981052174323161111290041326817648657026807867162788629807692991722200104388612933863591358882681740741819837142165683530414340460554927506
221,322785007519737411770873221623480564884201335587948303968947726380379313380388440644556779696936120987385159083286091975886159129618740970575545982498015501363330991570591506047103422284210787682464131798658592
128,153621064575304020357942274414159942369510290715361153289395840804986344262505837712815807001445036617768402087841970491917266134451573554440180006769932766588388531878733293661494138939472529267574624859200396
174,2086509267371370568969130651344592035459824831047469790771777827805390010343547834706095345360858150062501478950200825119953814392079937756921782270355336497801448067369285687124463699794814157814019323236969820
240,2147781063034194842763775789509030311385210942870577279858800735466455870789298089466642758975715484446137341002669993199728888323887336080131906786762961278414630776186513877520123248312456680028559173517377762
241,2147781063034194842763775789509030311385210942870577279858800735466455870789298089466642758975715484446137341002669993199728888323887336080131906786762961278414630776186513877520123248312456680028559173517377762
14,2147780462530443548580166980850482107071848714801378361898157731627156117733954880053832244666418707732573880208222338051226084055149120215962938904044120580725690945107813012602553239307708926700023141573969618
11,2147785156933164524270254182669619067776704410483838895037414288444859679550052442697878569084350987165403554716361152431428037821498398479601865381404535883515066453971968861357361743948457870018698168141024274
132,115215798431478015268456705810619956777132718036520864967046880603739758196879378284611855251083777463326301565881477868937949600838680165830135005077449574941291398909049970246120604204604396950680968644400300
223,282436881579770235299514068920545494273676168639454765972829260582831899207839885563987182234819105863962014197875330478900389238416398349253602734685763563692914617624267567791215494498684439222156115323826275
21,2086509267371370568969130650496246831924724993749227434246504008865379436388974199508194559656091736313311095367394132370265548975323095433718057753535096672676195679197377250538686151319973768158563564701281670
225,242088755639803058828154916217610423663151001690961227976710794785284485035291330483417584772702090740538869312464568981914619347214055727931659486873511626022498243677943629535327566713158090761848098848993956
136,76810532287652010178971137207079971184755145357680576644697920402493172131252918856407903500722518308884201043920985245958633067225786777220090003384966383294194265939366646830747069469736264633787312429600202
176,2086509267371370568969130650719757526170521170860294262351180660932444812125541189999365564029390532463305028981694294528284491776184421085431187321142186306875996351344173919847216865913035484763830340896185448
227,201740629699835882356795763514675353052625834742467689980592328987737070862742775402847987310585075617115724427053807484928849456011713106609716239061259688352081869731619691279439638927631742301540082374161635
140,38405266143826005089485568603539985592377572678840288322348960201246586065626459428203951750361259154442100521960492622979316533612893388610045001692483191647097132969683323415373534734868132316893656214800102
25,2086509267371370568969130650660936159074969781911902887863564859613674972575408562211420736389159819603329682534427601174254648377516724865060912786886687604287007820270162321622533365573105036841500276138433022
229,161392503759868705885436610811740282442100667793974151984473863190189656690194220322278389848468060493692579541643045987943079564809370485287772991249007750681665495785295753023551711142105393841232065899329312
178,2086509267371370568969130650676400914684878569827240222788939955888499982513501806329538280923163964843685083623324200881784271466274389485347628838825072632812589019364471623640710094717192276314816549675635868
231,121044377819901529414077458108805211831575500845480613988355397392642242517645665241708792386351045370269434656232284490957309673607027863965829743436755813011249121838971814767663783356579045380924049424496987
29,2086509267371370568969130650672213889241006620791083920373392108526340607489642977257414218622225643029006993607549899093468055514359617422065732494461700933856383220094777302313426096921353594438166998932897252
233,80696251879934352942718305405870141221050333896987075992236931595094828345097110161139194924234030246846289770821522993971539782404685242643886495624503875340832747892647876511775855571052696920616032949664660
180,2086509267371370568969130650672902458456683532616992693064378604349453986487736251722865994522648942738751391243559518533218467105030582855278355951456509855021356580445213240412236556908001351578166614777210960
235,40348125939967176471359152702935070610525166948493537996118465797547414172548555080569597462117015123423144885410761496985769891202342621321943247812251937670416373946323938255887927785526348460308016474832331
33,2086509267371370568969130650671274441547352646962238771766081271451082043477574583373388695916442217446836428354889663083112699040137853605903521211116743484929082204127838211743676487573982193005231178541837908
10,2147785156933164524270254182669619067776704410483838895037414288444859679550052442697878569084350987165403554716361152431428037821498398479601865381404535883515066453971968861357361743948457870018698168141024274
239,2147797305157241837487820909929428481351079215906295920587446561220694442205886715399121600189197624465173988183416641203570160361722732365647970922557966218918976393346713789572339852550767684225655395768050474
7,2147837868756565373778872416665355983790739133046978254127203926562543707455711106901605553220674891285018687318479792815203463016639310959742910275544416270033267327621845543228337036008268912897670598248352970
238,2147797305157241837487820909929428481351079215906295920587446561220694442205886715399121600189197624465173988183416641203570160361722732365647970922557966218918976393346713789572339852550767684225655395768050474
182,2086509267371370568969130650666569288995459234460917861941602569526373810881324817377735211493799021784964041920805735473435562565533566011972720095909624206017720677882646897517034910946925325793362227236528522
37,2086509267371370568969130650649898871711905908893856897841942916343558229994383637752521075412477434456138955833954169535765319723827843316772512765295595569833211511171684290517102222449423008576349890518198868
184,2086509267371370568969130650590649705064792507090838301593968760838424870774744122534793462181253696248275207293648968310380338409295728168064563813990032211602918755312918596256051693770539085145638884512834764
237,2135351810598869211023559369306479422902482162741447954956095748629703622491523615869150056677473762103653373118240139559285491805996012130588036329459349237417560261944770481102268967747900987825132525158582718
6,2147837868756565373778872416665355983790739133046978254127203926562543707455711106901605553220674891285018687318479792815203463016639310959742910275544416270033267327621845543228337036008268912897670598248352970
41,2086509267371370568969130650384570277833674251488643954822838459929822021700388641420912674976774294683396949464835473634548320681291454172238109395685176915612496516831996566766340772278108304934291725885055846
186,2086509267371370568969130649649879035931101511235087835806852546382987921217806289294660401742438798517723758002621615404954965286149673063019210526380484991289319827893988322768874298603397451001539978644843154
45,2086509267371370568969130647099725563294620902097656634869777589957671626219679901587602907393740816341536535372258743085845063853040183863631995840340557856460436771610631941201160324241530902419338394753827402
3,2084786259425118430021760628010274049670429241810232429964623301053506421870546069394566491712558724810091501295457488246602145993344704120753221596266319204998320403500803379579565781328301258305713298047552314
236,2135351810598869211023559369306479422902482162741447954956095748629703622491523615869150056677473762103653373118240139559285491805996012130588036329459349237417560261944770481102268967747900987825132525158582718
188,2086509267371370568969130637988900204445077897255740850041769332670724049989192473726907084879882998505980038833627600959939859925366762354058937587424130444266626395786712310582391969077331931041577089988394628
2,2084786259425118430021760628010274049670429241810232429964623301053506421870546069394566491712558724810091501295457488246602145993344704120753221596266319204998320403500803379579565781328301258305713298047552314
49,2086509267371370568969130606436788437916852080492017722707991146145567601440293902633392589517649800941126940223783885768268581145282318082073185929512989939167355612091757147885130836638361854356087593785743174
190,2086509267371370568969130493434286205763987908877995341117876718539270454593526640914544314754295090507845290057603174395844019871411702458254430023935767698947442128007555938454033953124023021443151090449568624
53,2086509267371370568969130103129319370338535083103008427067858937938284621735147242885576253908161146128918044300232813635297028819483020762925925753627799484522438247297907713229945834017271617120695718915029350
192,2086509267371370568969128701266073235834065541375720648258532963224921394018483062694146195555650290184843330254233330862764934046337167121892094184485112249622853209869528539369945042569437895441860252773520028
57,2086509267371370568969123874291426298053845796495717143795450547370665864835180810317966911110686186750648607848006029336194539937103927369046831541709128093978690871731144853625853686197851388739844881049523572
194,2086509267371370568969106479428205010656744480127487917320220378642300944131856358044530115296041945509559907864991644296005929147699066984998594931541172753618340543329083456220196880171369889992735393567681464
61,2086509267371370568969046800440321578007508566894805274504027052018456668086130882355602054022878221568906373559805649201033062351926014275411052135281852689203244142646290101034645707832423116831567919506674780
196,2086509267371370568968830901406549357688096726995758801932999591548612864600559985054083618034868528518128603743248259753190458661684217434055091763644885906000198600913081257062415273947145706776000058356230858
65,2086509267371370568968093289532348747633277419150766173933643600358910173661160121915155679557676160832218882276267844092413429388439773695487873345663292501980841480973811812056431358900545121615063884048673276
198,2086509267371370568965412739250676492776216420902764005797685249285336563849782620824656666031006678029649224965710965821147078272861843577477330096543725992838126325093289756926808406716421364810437578610634916
69,2086509267371370568956299187807828921394186232815252742332333470517569513919010918165917953412213819073729647326931051666688017683412616074167759446559298004137583930085845304230362922215207220063524568112351174
200,2086509267371370568923003854474925739982215302879678691518074236422345462357038584076756297383348818389164109074698019633274426361627950009121571185216400809679152674056768495848473873412843766738805082751457314
73,2086509267371370568810440999506379202114887285347553745889355879782444768517979588556008563394967681116060544012034338337933242789214368137530903168013776522025376370530560834378158022453105733911162006178257090
202,2086509267371370568396661775819814073794085393322445176216332871558434346727846620039383508188475667489360035550129784264462577298615818306538771398992836290834285823812395602731508912714574997005044799630321260
77,2086509267371370567006972672281218014363047590300066162298133748170779262726861027584791913723972879595037405660321820320179688445512092905472710873444797334107083531194580891764827004870364303422482831869584518
204,2086509267371370561861991109608691986249953276251525634407264891960464269199605916745274377983562865477163038990190352385513183533034558457382799120599841798593189536987720128300606520653195274045706845189753656
81,2086509267371370544716166898981832453001860028077501357155512849284917925085889759858679782690330623874857884830780399416931688530673018755436107333358611715881310249958860216743206276611309688617116507005036174
206,2086509267371370480716986776929755509748174261255537175189060454619044546183761075754996779559797951725648008119255668225768151612909067286986405573960314385920779191325338282894006520830244576959785766663462876
85,2086509267371370269390202374923606005923192258005662475146065154699148158950171369707548438625428731895456063269454885451789512868655808985262002735760811920893487609513892609420417761566565137571104629540870468
208,2086509267371369473101088933113020082527895604624748778920857880634777230242228731653085157467363532042948443431327332055137521700216830517819348549341889754965218637037152898713431175614053715490785280343599968
89,2086509267371366871903777386724946463363416279152630549776579691571192422020686556262103574726705328241807163996480473807678619528330665266258969373438613889475351759192625260942096644716683657422028680732331428
210,2086509267371356960534095272655504097508507323853471483743380175809147775154497090650504825469586740154590717239084382852377152467681251214575874061560190415397933164579670353694484940457950955282868576842452618
93,2086509267371324978400395026550711624275100093004961060080250779161395320010217024427704449681405535560898162859655846533126712899187724165668751311961391328116423740861535340730268710459853950350688451055848676
212,2086509267371201459896845901334211334974591150143386035854332988154640402580004097345272656403079299440695487127606682065051084512062920608796685870893273971384694833281083017633602195155159230590451370652075452
97,2086509267370808259829712330562565560155496644975031368890828728319459883615234744716026929430192577448174387585018639617290488701069783868618984446906950055063604113935944269782088814474812874180610935526833766
214,2086509267369264740856079510492636629965078759710043073036639364509535863024729595822676406650745957986001076832316305448615148457340948083070417383395886574351892913459585696006534900429891231386215643636608754
101,2086509267364424614322749436521484503047800048747877577583373623036646196063915885586518519568967959179158992350472483629327127575862671847693827051692363109266317918307581714112607802915338725935605879280828154
216,2086509267345066338780643123271848906683482271880872985036489062457973429220641160694620148917857673069063240117402020009130116570884411723429897327498114467610754133249669549292629230858571618967378218782571796
105,2086509267285443202527345495399052407877866613024131262573552143918013714114150881744875274678720881346634285602253904700758761192266964755606484290162116494290276898407192281840174000432633791120909197266222406
218,2086509267042231014218457151490621649041034042894077730319818320789927998493589135295941259645454089723778001864036112992944555567490811463453475609222511880461234883046194348472477268199038556240977828863250368
109,2086509266310809807370146187239417436654115475845334617789919180742850384946048381847423349568126155186510422382926164100383947955738791699491346285069107985540410045668176909022501634245342226253961994240144246
220,2086509263267336867210017867585052227957673385935750957499410352523743070774947137958988317228781436401307926858810506070434676439078062370585639129051773336773606832125697090710019573812432897214756352235141212
113,2086509254412383684710206043585667608034305920300282820823039997971597293670578685321294326990563957555881215526653965522290892096674881559101816712234101977228369526756022745221889296544748933130138792901506388
222,2086509216720502208608966356134082156385846132631844388328994843924899994544228048009787880797789394820087381277584268893163121012786648455902524051797074206399790922047656847089303304282192714408516485632396616
117,2086509111576500973134529989515338292293630678346082667482616315811660824937146421548811008896834358309676439583275097542463141004266315866150332668023543575839141760241800797072988421316071355594210074654068268
224,2086508648456358816312423158670439870370551575168942632297983419532610692831755821219526156365672880331763850738338088041538522798668402587997703811629312179033298240220636919378461020534408179830725087853405386
121,2086507409126012376040536930240289732238890816158842119147691760503224201160035003911710998897830838357519054532091338965603186658146780806147228700408341374666724045769040032578563050093132308929264077725993740
226,2086501633309272119448423972740715446396044269286682617975938764010831712666014883672952559894296509164093370807495739373046800595452566044444334123226111375073430103489662654444472313946642350419931665849632276
125,2086486485387708606785099602386487239397627949143030422783776790259310936405767348337175001232153089915208167492970023453966183055303980764354166676706729260456056490457994379146473194290695678814480996806801222
228,2086410560325212627288437508115905706548850799651112457936827360276848028035821415286219803921495926640402675630360833312753962471838305432210986154741954125601877522059293561477713180947831828036931994386568962
129,2086209311516422255771134989478457128515551934088284909246490730234361403262617656936655921861546546029212093697844704101079665223716713244415258463822531599673192582438751315857930314540066127024563198134500082
230,2085149066350705653298686246457493859671338250846672434689489941916832211958230382286561945102476453897315466548523508984145886211866499420058198015705359265856777547105860580017592450710121022774584273520714876
133,2082337137646414592006672088500774726776301929799412999443115697884128168597491896157066987235814714467796288784963702210144962404295712366955384407920794817090323249873426936742665117640215641138653272787394182
232,2067628376192220143383639958548565290359527920927213717123902114831927666441243266498111910002535401347477712195625452723886762649764487715262952926370746962076502777778876665831327497404684436655446529745568136
137,2031901158297405567858805725829027859327367314556629559655372329313770663808526758628408436996343726795290383436608383432544091487936897347595099119399841557654609171244728686452199567659712993185299223679431326
234,1853846639757814670329684360491855988842654518014110636726578602555333151715345767847204969094209696731439865374972957227058816908049641214224038762855283538108888090086690330451311280220946064569051903409120540
141,1540509434359953452941221754604343385006208091733331071904042689927713072762101268190432106024118997107948034361786414807044843446244727225848134326929036933779997655378703870466553519475120831571044288522307668
