205,19106447868497616176928206124266676663397966250719410003232475843482424773054269341896703293271892575867639041581324545216812935797435713543423201317
42,19089157465168416250117480115225969679934795960894443833945554458545603123480867080054605026269997975676999757279318268872074186544776032114859705917
41,19107313970585798471117298698977500078454863330501676125417064313625845528025928536877716891407176694071767080294876114539981620587075143882240065487
204,19108055850578698758184615750911900118944805245515929532523716554902629623791303406018182894816827233369389069841698697490240334063759035793585288394
44,17831897380195111436911699573372906613677130289449962119874060063129749351549643123933949168220497511921947180242076060754713593225980297697674343562
207,17832924567850074196161650783925544039084931265504545045337276134676843562584468526301298270046312499974671268949517503586184045790485822271058988678
43,17834205312004881371252995977506735248073536029442438902536666726548187414930303704961432487695598117028674958069594091693174172658258620230624566627
206,17841423557402227162927181658725269331781923194579044541245507086173556957532328978796892263489951253813952041064098043268946067201532712608792205653
45,17834657153856987065590363956802183382483587629931550026838232323864864325962485887628000002884198473564542614841722786626936637041440278770360714512
202,18970592240838407701928404759975714521298754874052857357533655609247934267026899870493294663406065845707863404946233941427904062958941758109571460438
39,18973474974916762940205898615577687372398985846384150023491174483505958350036915247812604324510981167922834945081407156037873793998860462588759190817
40,18964520765530353327366194849681122850212121333137321080532791863173608282322248472660712408961303355172343055609489951138487460626257030390774228222
203,18971236826559633423306723190667540442498825262812856769009083796028344463256784695303759854280388205937029883898027728112251237104624997297605400738
208,17664404129646261942084324629972918140666476495351770178278672197259191856357596265992705597785379559622387003001373602670000635141297443304550563184
209,17673275893769568643092184327514726897329761765109724325899657070461355844306310864083110642899661140820487108343872802569224033919492720897558023311
46,17692266875745757423167180902543807124728903303384967213122909970540639178142827945738673155093535843912407372867389122356944550244095873568101413250
200,19715561349022025881556151042306618819539697394453176239545627513063882042089633258774212931986833988646507791144737314918068604765711867547032909773
38,19705587428051576062083774267702837214530048604570711017766149030469570018353229645317891140023255177117260253618842312930768369824441038172514534912
37,19714182689594712694260327309777368096117773380783752732338841428113525477549192930742655732331012511459808701323810812736918986987223700405552063315
201,19703896820203545985890632065935230973870518180622220546515430156462829581186627894432267261447163942108199084839115973516358054310478259724607816786
48,17739698817184675722471788293067613047140683569383458010095477300405014104066501465269609063593286018615712408824302332400061431770817875021148285888
211,17756563365018419386903580208017314634466023154451441630833889056670985149777085238767553436813029263135787271990753215511740580617251194085395852372
210,17544153470844155556168861486590952232315404840503477350093177697915739277807870218263551967787701447371484090506329483033624289302592728131166534246
47,17738492243480352364813152985933929982545376608963728982267665906173854367018262879083874123853756878043271490803218926763167408132731825567632775793
35,20570410816465078229684076085619554508619048507865295673118939514803253206701684238588165008701227840102080978438493838098612017521060814845289546131
198,20571042339759258522871204457168824206474598594380340497653015097657145036697562632181272617335252860145043707236236593174463787730296390334583621605
36,20550895692834478498188557848384751287702384569114022223387459093275683700660724817548991065180095094216847084112016454036674803722449654161917322671
199,20591455984948267037243177624358687830660473319847796963582480950647694390985215094408998176680007690673256027713649234718144623540604260491357838302
213,17471672924846827067954978241728752073399153530562356502615095054531650913857897435975144571052301490106864688229902850311680048682018821535919738576
51,17472165591620420257777315934613903399024310556430781715117966304192436366004760331788945206238185250986193411552877071668133850764384702990927653198
50,17451826976265147575063324381670773036422441584642043623769204283054770041104301382268103113390978052958179725195249887949757854602668649612315109666
212,17274227047822905904314122092431170539436086288329769242027322168256444876263962499003607406811434337840505682335472668973935550227607050461271335605
49,17023993837045985824958197478418806285353368154163276997540912579597682763050479966166531140384887829551168362897372794529285513147357372009621071140
197,20725937724749978960473171848561238307086890797062381713564860926500843493368282068617943400523149677252161583541032759630505630711577677549259140598
34,20717908167394400505038390799380015409321950052595061613396152846294141764135422818470718890116742016431731463516833683292324773200130897599208665449
33,20712746985903646819874563237393057899934358696520504203174765690966825013040474858569557215111501782547725429514384271132380626519335531071001440237
196,20703918684099473633786007364885115278070502407755536998636311700006420550187406421556208049551608465879795033988576465379579960601926153513521929403
214,17533932200568286374692482298846063080354855412457616748843497580908689711730230949573416598852413837163666708634785767432533902270503970607204923897
215,17549568280831810054055160220832716999095774389905954665904442811709651513607072683003800055353097885418501748871258907568304703085879956716255687807
195,21406478115591559842759991945602246660285268645608529212528653468370486302711814872854357480823751031328652008545369973092444192776552514608800530594
32,21400615795242977099905976820734739425678443092164132307163965966197124799435718714654381667905092927701911540485441959486090363916477152057402710535
194,21018425312765907171629554518654836489073865093651740915700507181117815857438151123705148243882444665389470499880940033138583867290679628415645871721
52,17275683177923407655021092049303604477086373506126161395467854251778753637358214482751018651355433745152986813045268564094602497762165025843666353645
53,17284722850594873143533993849434927088863419411407802492258033074908430183539071090211434455633157595856718845476640955353091525559931044237414331951
217,17183860612722039485045650281109434210003452803670509546167844818484812174988183892023611141881275951631434989532663051920571653242585952867926020322
55,17054663764995929255335618077222677534063813835337750323124218913869776599881633595968897443449589771670916803180526108941756704499806668733258585810
216,17458248897622788247254612564659445808460367752697449500381428732275835145996894354581143686289124363054521334957300800649165274806946523888118149512
218,17146494453022381314267923054576241419023575471399280759303188933485195232675521241106480406176818570857119168261634714923287323471108193104401754040
220,16834740008421974381281233544493037029586783190101112018224949134694555319354148127631817126064512778659717001565968629197409372135269862320685358566
222,16522985563821567448294544034409832640149990908802943277146709335903915406032775014157153845952206986462314834870302543471531420799431531536968963090
219,16216294631342047515195382222966030719115891717083913208719059538774621201141671782360884868019596545877196818301892492860866083866782722078976984610
54,16499844851452703299086216810910157541384123554263736571017272896351864171573933878891813090720680376704815070203157980615878842180123315228522340180
224,16211231119221160515307854524326628250713198627504774536068469537113275492711401900682490565839901194264912668174636457745653469463593200753252567612
226,15899476674620753582321165014243423861276406346206605794990229738322635579390028787207827285727595402067510501478970372019775518127754869969536172132
192,21037007649883633859081005592335270266981695987836007538939401655920016685780491403895078698669960074001126248175336151261603342800702087909656952772
30,21032360865350230143999234006206646582656186677425982202784901977885086193663589844759284855689051242570997237625121104479174887863397538114610016819
193,21037076162918615454771712312399766828404582329776645155836595235068395559672456093975426110572281073424518577869331713384375733089712530834429510580
29,21031660320532259330839490439669743248907293174276316082403886025326290554647242848009707696864564536466586876559700644942536726100203185116627814958
31,21028777105880979405746208715651340031190054223633640909112148573283295024218159224031506336748096055729480121624282677781841332945087641004212691963
228,15587722230020346649334475504160219471839614064908437053911989939531995666068655673733164005615289609870108334783304286293897566791916539185819776650
56,16386506345769705641240552515553259526248512707400395263857653141490252807355313436960736379680251130150796622928198802152515926664645734948453532972
57,16386506345769705641240552515553259526248512707400395263857653141490252807355313436960736379680251130150796622928198802152515926664645734948453532972
230,15275967785419939716347785994077015082402821783610268312833750140741355752747282560258500725502983817672706168087638200568019615456078208402103381166
232,14964213340819532783361096483993810692966029502312099571755510341950715839425909446783837445390678025475304001391972114842141664120239877618386985680
61,16331485324483094900750855816019225488053438038470503427727667820392351341225610614922858729176229981352695558276208648974528991305544011630915265572
59,16645552349953923648842218427865749055131388769979551570568584509246050405479949280594452166275772865609478165166135738377885318061419858008432866780
63,16017418299012266152659493204172701920975487306961455284886751131538652276971271949251265292076687097095912951386281559571172664549668165253397664362
28,21595083450740501444050765278428122258248183374264169756256203118349452991251545162198360576121869193606642353341010006330484457463434760616603696677
191,21599098407428235559397323027837573542546822398051661070212755726034708015988290909040893821152169204202143994438615018667908885003408856735381181392
234,14652458896219125850374406973910606303529237221013930830677270543160075926104536333309174165278372233277901834696306029116263712784401546834670590192
221,15735670983243601495444237277391048900355086757659190189680870058419363506248073856709129878942731241739106052962290352392272763072842909913543469580
223,15671237777698306404510072162248184703603829499572941758587206923291316154795656956487082014307592370126560029808959555280304912198023840865226145786
58,16131936778005330662548289992643167729287245196935062614536436870246333771346160809474511594321208216026968964415909071261179298712023228697808798999
65,15703351273541437404568130592326178353897536575452407142045834442684953212716933283579671854977144212839130344496354470167816337793792318875880063150
236,14340704451618718917387717463827401914092444939715762089599030744369436012783163219834510885166066441080499668000639943390385761448563216050954194702
67,15389284248070608656476767980479654786819585843943358999204917753831254148462594617908078417877601328582347737606427380764460011037916472498362461936
190,21476956420761674091748002873399979095988420692145461491989377837807657627266897156026297752579280183850146175268241769406945434970285243376557089660
69,15075217222599779908385405368633131219741635112434310856364001064977555084208255952236484980778058444325565130716500291361103684282040626120844860720
238,14028950007018311984401027953744197524655652658417593348520790945578796099461790106359847605053760648883097501304973857664507810112724885267237799210
60,15785664194422396263448514303816303309122529838062404360859686512649371224841948887559049686387717500902596618186361389383664796456555665175323850052
225,15752914064208613778234574335510428175369051022708054912452955550398827232760253213883950995794100559050791775753561225372993476645952046347305074062
62,15766708550880506119920969443699616874775277578053286815349172722163042044757479530634282318512347335998295967270686050457506645008126395064322570104
71,14761150197128951160294042756786607652663684380925262713523084376123856019953917286564891543678515560068782523826573201957747357526164779743327259502
240,13717195562417905051414338443660993135218860377119424607442551146788156186140416992885184324941454856685695334609307771938629858776886554483521403716
73,14447083171658122412202680144940084085585733649416214570682167687270156955699578620893298106578972675811999916936646112554391030770288933365809658282
242,13405441117817498118427648933577788745782068095821255866364311347997516272819043879410521044829149064488293167913641686212751907441048223699805008220
75,14133016146187293664111317533093560518507782917907166427841250998416457891445239955221704669479429791555217310046719023151034704014413086988292057060
227,15763383027590838527822323397527614611596547832386866794488565715657817034547886665276095389213453305834796661896119896687126345002072492642498030224
64,15764716455727190820008076981322782979060365386565431231962208352545498853788246554087009470310268049661945143552583147430160249991557038077373379386
77,13818949120716464916019954921247036951429832186398118285000334309562758827190901289550111232379886907298434703156791933747678377258537240610774455836
244,13093686673217091185440959423494584356345275814523087125286071549206876359497670765935857764716843272290891001217975600486873956105209892916088612722
79,13504882095245636167928592309400513384351881454889070142159417620709059762936562623878517795280344023041652096266864844344322050502661394233256854610
66,15764464929586370464507045740201830783420910404199609788505245206845974293382797941929613496115510653007273238883131434151476063055381026141929040902
229,15764337727918626198712078533893300572623873479477521284410104969205858173576478597943032984800485868542419664163989581769113899566223442758439007792
246,12781932228616684252454269913411379966908483533224918384207831750416236446176297652461194484604537480093488834522309514760996004769371562132372217222
231,15764423858914824375010478707032607204252658833405909510289374929556307171421075003955100961458623032022692524726570628374102297496282683040341281437
26,21802687007736740417774094586468690068313476775084549614562231694648198685794377318609152814264199492909980444765786301879416250000665840851401910637
25,21800398025330622392040974194140077824432415133331810039514921151082851823225649823702501881477263171912472273209561654427342682570309348940251149708
188,21813751297258954470975479055793757397343608101480420092982660259652384857499499864018785877959549317630084194190552492650472625055194660527245730318
27,21805563286310878563849940678195479529422165327762447677056750430317850388943365684485101061876114173248173089325800314710134788612901899437541760525
189,21821522265702747563232208303851964148820788316366567474195413616034515283057892650793338231351977976347128158402293797272305402300316120138088486192
81,13190815069774807419837229697553989817273930723380021999318500931855360698682223958206924358180801138784869489376937754940965723746785547855739253382
248,12470177784016277319467580403328175577471691251926749643129591951625596532854924538986531204492231687896086667826643429035118053433533231348655821720
83,12876748044303978671745867085707466250195979991870973856477584243001661634427885292535330921081258254528086882487010665537609396990909701478221652152
250,12158423339415870386480890893244971188034898970628580902051352152834956619533551425511867924379925895698684501130977343309240102097694900564939426216
85,12562681018833149923654504473860942683118029260361925713636667554147962570173546626863737483981715370271304275597083576134253070235033855100704050920
252,11846668894815463453494201383161766798598106689330412160973112354044316706212178312037204644267620103501282334435311257583362150761856569781223030710
233,15764432392384757265395076112609659794924902112269365561826498755640091484779963949483867769789156826679025326016961521055420467999048841948157842710
68,15764436635638596130351269366328818323491715683551337244227770922101245623740153814811762503499687866172731333704270384204333407328075655208132089520
70,15764433716887001443398136234722058868509023478733622028399269155565354579006017189454202060075408843978097530834937205621143657783950563798576161154
87,12248613993362321175563141862014419116040078528852877570795750865294263505919207961192144046882172486014521668707156486730896743479158008723186449686
254,11534914450215056520507511873078562409161314408032243419894872555253676792890805198562541364155314311303880167739645171857484199426018238997506635202
89,11934546967891492427471779250167895548962127797343829427954834176440564441664869295520550609782629601757739061817229397327540416723282162345668848450
235,15764433284865681023999723924073870220369141092467167883363532976639543428761456158715237888973429981176801698994821927799700070348265655152929807306
256,11223160005614649587520822362995358019724522126734074678816632756463036879569432085087878084043008519106478001043979086131606248090179908213790239692
91,11620479942420663679380416638321371981884177065834781285113917487586865377410530629848957172683086717500956454927302307924184089967406315968151247212
258,10911405561014242654534132852912153630287729845435905937738392957672396966248058971613214803930702726909075834348313000405728296754341577430073844180
24,21736991604340878386713790670257605426386305714885670060358071915274094366289686745576532621272602662155581473393600126576200123963600805167662765500
187,21751048977690073090379847365636398136226885316928459316973963032575640783538910087583643691973533830823279749943944541135881374158877414739902833897
186,21755076179741243986146163306424371949514028811213121894695840920129493664934631678912317729783080316321354143752810116699546671285917701937531095265
23,21744776990165330326161934018182615978849989715948812595087657853007890507747633847700954625843334553742461692001245815359633093989780219964875182188
93,11306412916949834931289054026474848414806226334325733142273000798733166313156191964177363735583543833244173848037375218520827763211530469590633645972
260,10599651116413835721547443342828949240850937564137737196660153158881757052926685858138551523818396934711673667652646914679850345418503246646357448666
95,10992345891479006183197691414628324847728275602816684999432084109879467248901853298505770298484000948987391241147448129117471436455654623213116044730
262,10287896671813428788560753832745744851414145282839568455581913360091117139605312744663888243706091142514271500956980828953972394082664915862641053150
74,15764433392578772475538723462159809472285686646468678869242758004798720305027742140594493420217549563260597466083969715050505707935339314135955841784
72,15764433422527868555348585581695974017163971606886996102517265642697483127001500863705309695305394545054617570795484495030635372784530855531694228082
237,15764433378363779152798105281867673587346249075989569413965215564990658413232070461444742736053741879807809271719801259138087677434695077139286471807
22,23480174865527823333416751274963927510604974192927951426610652678856665884905586155090909484085069125322800678599475204911205043924679780575274261660
185,23447554706357400192845371097931838784794112259262468823646186259263409189296682795796895349949894877482639132109954171356490071496256529875073542097
97,10678278866008177435106328802781801280650324871307636856591167421025768184647514632834176861384458064730608634257521039714115109699778776835598443486
99,10364211840537348687014966190935277713572374139798588713750250732172069120393175967162583424284915180473826027367593950310758782943902930458080842240
264,9976142227213021855574064322662540461977353001541399714503673561300477226283939631189224963593785350316869334261314743228094442746826585078924657632
76,15764433389499288870037090314660162920907498284275625801401320586526407203713545358190354988371520581153689281700481518413594371217354175691425467886
239,15764433388037389916182406060233030404269533714831756400469134081033544978031879917380155661228687113035577675591749789966653162082559103022515550444
101,10050144815066519938923603579088754146494423408289540570909334043318370056138837301490989987185372296217043420477666860907402456188027084080563240992
266,9664387782612614922587374812579336072540560720243230973425433762509837312962566517714561683481479558119467167565648657502216491410988254295208262112
103,9736077789595691190832240967242230579416472676780492428068417354464670991884498635819396550085829411960260813587739771504046129432151237703045639742
268,9352633338012207989600685302496131683103768438945062232347193963719197399641193404239898403369173765922065000869982571776338540075149923511491866590
184,22674705349141809852856728476740155479195389508331914202555557887950972159245284967661633590273449330733400668739932253906294670802049866133048980168
241,15764433389031333961033905929582820555076153004824828743347487206643478132168041464139795271804747799419103682617272906247527610322525955477503019852
78,15764433389181600824125776130871858010707614133483370279335149268979192705626652265392480968308235707303712533602679199681549918181855316980687561072
105,9422010764124862442740878355395707012338521945271444285227500665610971927630159970147803112986286527703478206697812682100689802676275391325528038490
270,9040878893411801056613995792412927293666976157646893491268954164928557486319820290765235123256867973724662834174316486050460588739311592727775471066
243,15764433389133400654218082805056413188248466075085885217252921868256141267345209352713564322118284310997703942290287753239217575770295263086507922242
107,9107943738654033694649515743549183445260571213762396142386583976757272863375821304476209675886743643446695599807885592697333475920399544948010437236
272,8729124448811394123627306282329722904230183876348724750190714366137917572998447177290571843144562181527260667478650400324582637403473261944059075540
80,15764433389148857901349469169876664398386208654914666201002465606116179141176003648250015036989369894644424222186379906137204039056665676108093763680
109,8793876713183204946558153131702659878182620482253347999545667287903573799121482638804616238787200759189912992917958503293977149164523698570492835980
274,8417370004210987190640616772246518514793391595050556009112474567347277659677074063815908563032256389329858500782984314598704686067634931160342680012
245,15764433389143896793503790230797863303122543148828687070401360586466282981401913841568904841394363224550071345471332283401635859819017402912231508840
111,8479809687712376198466790519856136311104669750744299856704750599049874734867143973133022801687657874933130386028031413890620822408647852192975234722
276,8105615559610580257653927262163314125356599313752387268034234768556637746355700950341245282919950597132456334087318228872826734731796600376626284482
82,15764433389145487637537776473755933357466121279690215709178976265311277512145109867313502419251642456359242888864159710413419266038812695585730053809
113,8165742662241547450375427908009612744026719019235251713863833910196175670612805307461429364588114990676347779138104324487264495652772005815457633462
183,22882725279689505416183702542976624977158299366331117985716835759421675672777995873648028943894135940005278341969241530574491462364005244258704669852
21,22864463962665409957796405057413837361496217792744809646003406531564359301418100236125404670937683402319011569551193523969606865297564704050967306222
20,22871795843549192461892564871741613561126727997828011947970786120013516078856439542709970293541665399844527670695960059128526631461132578507266197462
19,22882610510785243264409700881387030432134829602685161605191959222468718830589219358416749913176620202485704967350561602772321716187241524114670720486
182,22871516457886267744181024659479053125397221973035266390156365049141631028511207130765309593412279233624373579558151583940500535364222546067134644812
278,7793861115010173324667237752080109735919807032454218526955994969765997833034327836866582002807644804935054167391652143146948783395958269592909888950
247,15764433389144977148747325716720108325995884539972881884420571785920384297380956534865974843862971135496102483709769307325846424685578355737639996926
115,7851675636770718702284065296163089176948768287726203571022917221342476606358466641789835927488572106419565172248177235083908168896896159437940032200
280,7482106670409766391680548241996905346483014751156049785877755170975357919712954723391918722695339012737652000695986057421070832060119938809193493416
84,15764433389145140891145615387283198071979224958605212106833365612827890549896814269831391403800591837205840345580581474612561901673001582811079789862
117,7537608611299889954192702684316565609870817556217155428182000532488777542104127976118242490389029222162782565358250145680551842141020313060422430936
282,7170352225809359458693858731913700957046222469857881044799515372184718006391581609917255442583033220540249834000319971695192880724281608025477097880
249,15764433389145088361068605817875122719862454671828443733409969078450896081166571402807142171928104679784692261704661962411972916580647060402167547702
119,7223541585829061206101340072470042042792866824708107285341083843635078477849789310446649053289486337905999958468323056277195515385144466682904829670
284,6858597781208952525707169221830496567609430188559712303721275573394078093070208496442592162470727428342847667304653885969314929388443277241760702342
121,6909474560358232458009977460623518475714916093199059142500167154781379413595450644775055616189943453649217351578395966873839188629268620305387228402
286,6546843336608545592720479711747292178172637907261543562643035774603438179748835382967928882358421636145445500608987800243436978052604946458044306802
288,6235088892008138659733790201664087788735845625963374821564795975812798266427462269493265602246115843948043333913321714517559026716766615674327911260
181,23792497899377100545211621510476945147506894459130548123059402258037658834137899383579763835333772800008641266954570080168104617382696283591315357768
180,23768519168913248685710006225425947641650872006865918434519482822008237859354752666125754749578586382884429095632208498941523459062119887636627335666
18,23791286840031039388065910691653534129754739883142519929155817679519214106351379645176306829610844396221370415325459827136560468984595782606447880211
17,23765844104854578626869283334141015512119900137904781245384330730877502454981449523719618256570313900775035992159643046723359429095871886998648109917
123,6595407534887403709918614848776994908636965361690010999659250465927680349341111979103462179090400569392434744688468877470482861873392773927869627132
86,15764433389145105213320813934519808629313204784868612902609076437909428929192287805141815395952872526951971353845817148276448724717866066801949965214
88,15764433389145101541726230631609855035296490419551018362376460864088298807161182705001146787606521865268174485763405884289905173091666451437868730211
251,15764433389145099807419612360278824396493058337839344956390498250754534989082953037418410046684440364190072544455973277291869725832013826433319166764
125,6281340509416574961827252236930471341559014630180962856818333777073981285086773313431868741990857685135652137798541788067126535117516927550352025860
290,5923334447407731726747100691580883399299053344665206080486556177022158353106089156018602322133810051750641167217655628791681075380928284890611515716
292,5611580002807324793760411181497679009862261063367037339408316378231518439784716042543939042021504259553239000521989543065803124045089954106895120170
127,5967273483945746213735889625083947774481063898671914713977417088220282220832434647760275304891314800878869530908614698663770208361641081172834424586
294,5299825558206917860773721671414474620425468782068868598330076579440878526463342929069275761909198467355836833826323457339925172709251623323178724622
253,15764433389145100985380566640217521898942060512190471413445561389661914316278222210991905111022784333772384872958918128772732941620726126004115031562
90,15764433389145101163859856905500585375330420212374985820528526194028005773054604747730170082341809351253816042042777647399695427660246731777780818792
129,5653206458474917465644527013237424207403113167162866571136500399366583156578095982088681867791771916622086924018687609260413881605765234795316823310
296,4988071113606510927787032161331270230988676500770699857251836780650238613141969815594612481796892675158434667130657371614047221373413292539462329072
131,5339139433004088717553164401390900640325162435653818428295583710512884092323757316417088430692229032365304317128760519857057554849889388417799222032
178,23631099265338324914284099600245343859244780225050595159669572275670360717371647261803507967847904475722958710021134578239527489528273462107984825425
15,23639156042988715558222130870530438253814972307459891590792262251052758510909234130095107463265808755307388639395261460901990207827553320510728886644
179,23649300003731906645315432057723198461524740017482394826491745087866225820898264025462844816802540291354108059308218690913618202998794197015808518583
16,23624237516468315299087708717323891484285351731598826244873347214419534661486832299545248556219065857244881944441258168498354988488612979300811304557
298,4676316669006103994800342651248065841551884219472531116173596981859598699820596702119949201684586882961032500434991285888169270037574961755745933520
92,15764433389145101124971594681907322664733621452495725347507695157497342290239666270811004710772430068662232919158201067885545582323574600169842165240
255,15764433389145101106603933151759657227226826636365702065004194600986344185041096730826039174610017963350903221316435141090627781531947664530795766522
133,5025072407533259969461801789544377073247211704144770285454667021659185028069418650745494993592686148108521710238833430453701228094013542040281620752
300,4364562224405697061813653141164861452115091938174362375095357183068958786499223588645285921572281090763630333739325200162291318701736630972029537966
135,4711005382062431221370439177697853506169260972635722142613750332805485963815079985073901556493143263851739103348906341050344901338137695662764019470
302,4052807779805290128826963631081657062678299656876193634017117384278318873177850475170622641459975298566228167043659114436413367365898300188313142410
257,15764433389145101119079204001427196180133805050236295357440635690609835694859415150481105474107723755593449277247864628123385332317875250649753978720
94,15764433389145101120969472756904625678295175757997679912475883291430542279175509945875181405996617916060798817879746258091430555258455717688439310214
137,4396938356591602473279076565851329939091310241126673999772833643951786899560741319402308119393600379594956496458979251646988574582261849285246418186
304,3741053335204883195840274120998452673241507375578024892938877585487678959856477361695959361347669506368826000347993028710535416030059969404596746852
139,4082871331120773725187713954004806372013359509617625856931916955098087835306402653730714682294057495338173889569052162243632247826386002907728816900
306,3429298890604476262853584610915248283804715094279856151860637786697039046535104248221296081235363714171423833652326942984657464694221638620880351292
259,15764433389145101120363071017286053044112925692837353196002535038032061550984402119654377115788964811315367348667628519850734498656376808893404204396
96,15764433389145101120557604400395348742863437299004211919623403540569995914446724228317362108253890392638170858558024570917898581845787307853126430142
141,3768804305649944977096351342158282804935408778108577714091000266244388771052063988059121245194514611081391282679125072840275921070510156530211215612
308,3117544446004069329866895100832043894367922812981687410782397987906399133213731134746632801123057921974021666956660857258779513358383307837163955730
143,3454737280179116229004988730311759237857458046599529571250083577390689706797725322387527808094971726824608675789197983436919594314634310152693614322
310,2805790001403662396880205590748839504931130531683518669704158189115759219892358021271969521010752129776619500260994771532901562022544977053447560166
13,23756680256153321552976256065538317085925762949859722536908833909570152696633360980632736921586074692681042760772133136962686231635272168464565850468
14,23760546653899216772547454711578901525519404726328033206343349248207136296609241821871728024417118709827910323111897925850990221669337372629836830872
176,23768101128580918358581989415959659904764354163590105934416818442843709531529309819700754252109926775737132260768959750356707304246737371094891441062
177,23784556090990855513447605963402771374337886000576314800420612737731008353967304689260693201314460829698146145917738586433845810437165629100963805076
261,15764433389145101120495197970373321299261657405753788467769953845806147868445050191845349471828836577137567855406980720860619382341692397573145858497
98,15764433389145101120515217979852018841940419064407018299581593742376868736880127806296190695167424913706228116500671217581762359502089754354230471144
145,3140670254708287480913626118465235670779507315090481428409166888536990642543386656715934370995428842567826068899270894033563267558758463775176013030
312,2494035556803255463893516080665635115494338250385349928625918390325119306570984907797306240898446337579217333565328685807023610686706646269731164600
147,2826603229237458732822263506618712103701556583581433285568250199683291578289047991044340933895885958311043462009343804630206940802882617397658411736
314,2182281112202848530906826570582430726057545969087181187547678591534479393249611794322642960786140545381815166869662600081145659350868315486014769032
263,15764433389145101120508795558445732331220878066337700477659633408089691784449588982546804137939199426768218032107143089884226593262902603621946493434
100,15764433389145101120510855874712406265011685766153754691132533742606240264554495412132065899474655638633827803209654414530691072423885021470290403986
149,2512536203766629984730900894772188536623605852072385142727333510829592514034709325372747496796343074054260855119416715226850614047006771020140810440
316,1870526667602441597920137060499226336620753687789012446469438792743839479928238680847979680673834753184413000173996514355267708015029984702298373462
265,15764433389145101120510194923895536423134118670353613227961668323705541672864491450849875225969100599365969618352686457871581009753990209427895043422
151,2198469178295801236639538282925664969545655120563336999886416821975893449780370659701154059696800189797478248229489625823494287291130924642623209142
318,1558772223002034664933447550416021947183961406490843705391198993953199566606865567373316400561528960987010833478330428629389756679191653918581977890
102,15764433389145101120510406954323849080927137657035726983787103991491028708914920115821937795167189286719033075758530529641780737941695474440077917562
153,1884402152824972488548175671079141402467704389054288857045500133122194385526031994029560622597257305540695641339562536420137960535255078265105607842
320,1247017778401627731946758040332817557747169125192674964312959195162559653285492453898653120449223168789608666782664342903511805343353323134865582316
267,15764433389145101120510338926819766091468110362401279337160215884671320952053162709903745736794085683182230328739877341100374565711154920551157698027
174,24169638156645951506365524909588392910640132579156868240355556562003571149367662109198092305866459828602202773605059833881220630212006586276289628782
12,24180181192597992941680490943123899661681380894180662624727840532896927630288810940027694618391707441237523271321011961504664524588588312300524521721
11,24161698636356756529712807466478503262062958858525092474701663442413418411543050773063593529215280164837417844337226077486517756591280571977754110946
175,24198233177682850530206843433199378867272322850410631074535218594130493282052368475294460708162873522977119095547070676228471452184224560948787942102
155,1570335127354143740456813059232617835389753657545240714204583444268495321271693328357967185497714421283913034449635447016781633779379231887588006540
322,935263333801220798960068530249613168310376843894506223234719396371919739964119340423989840336917376592206500086998257177633854007514992351149186740
157,1256268101883314992365450447386094268311802926036192571363666755414796257017354662686373748398171537027130427559708357613425307023503385510070405236
324,623508889200813865973379020166408778873584562596337482156479597581279826642746226949326560224611584394804333391332171451755902671676661567432791162
326,311754444600406932986689510083204389436792281298168741078239798790639913321373113474663280112305792197402166695666085725877951335838330783716395582
161,628134050941657496182725223693047134155901463018096285681833377707398128508677331343186874199085768513565213779854178806712653511751692755035202622
159,942201076412486244274087835539570701233852194527144428522750066561097192763015997014780311298628652770347820669781268210068980267627539132552803930
269,15764433389145101120510353671022226353178725012127068596649392074117741012787847050473180155484268932004326533370163606556864577305670677313807240600
106,15764433389145101120510355759394576871658925334817323483291892329599817245193733835824859800849991873528860766914854606993826204533835347045798432994
104,15764433389145101120510360727524222474779612849565695295832579378667133024646909233555716256252322189086465140793303638227126279343451624534727969200
163,314067025470828748091362611846523567077950731509048142840916688853699064254338665671593437099542884256782606889927089403356326755875846377517601312
9,24314604258284714377320495207639938646965660151940052841569994798950696545705667313453519911696854803619892761291423959494601988373112215547478437174
10,24301428416655453293299391096258728434039841258530839205553002127907977668596024196257735477301556780310426600818807731033442092842169960881482848276
172,24299919398610383250552949097974766264693975808182271971033411856104138065821337604482929864553863344994498914280286390659946440225920498375243238006
173,24313444720479754428172860762202171706915172908802201378481393132609740051265347889702857334649836923574406914330159072365805396652154018971009919796
271,15764433389145101120510354600788460561872821077108384510088182383399835303078144552879419492459274989779410671363509217860016431147025812346135300716
108,15764433389145101120510353608354114357627726270817135112722896569230045263211769655055773617880545451931082258576028307269354839420521791414189808672
273,15764433389145101120510350126199973383505861167003454884851472995449599208131158958172378465067694730822707925036995897193760746116175214874578055942
110,15764433389145101120510340631380820709697867690712290627500137492024459898306252870197006753261282372061420993806328543026929225287828885497624700324
275,15764433389145101120510314119454583264595442000667419543024029671334680209712155440843697728034070768670559258563479169192914361139388148962289219704
112,15764433389145101120510240068615104637986789415463900794586184537272544207351945079401059830202455324579976533589884977342914733729536711046624117461
277,15764433389145101120510033951395644669262487511114325871066510769287634881984664935153401781529698543517304428655593810251334528712868315228328407182
114,15764433389145101120509457801075907694402048497328698368442634887074714126589875620191489942795484419841305489733914179528842594621990236550786380882
170,26099859242225108052719570476322499982974697502753966293100139086846976412044361527546475679023309597571736268741919628661222015697304885754155888523
7,26101503922398736487537546169680291526711396863358888005412459511507837125861448206968356442428402513996363446463648457574251294570568741364119956073
8,26098013815300067187655107396933448964353276368599513194636764774947671641902474433867434640351483685825503261436113968885313489636436892227034235295
171,26143141960784598151174321711211852747240912383713359761267722162402962111923229722911050256894184286960820491979124939308467925731241194059028049970
279,15764433389145101120507854976674269587775605214179123340699335903755457437957864648221136063626623771354860689845405749110027172517472134357338907382
116,15764433389145101120503372136212925039564219547839731456992195777147667634454127376545426759159214272780171911174268854384253085413195318710289436810
281,15764433389145101120490908911337540113183153706231160878882683709623705182962341542740623769401254420526699489405918839590473486316562745659334753980
120,15764433389145101120087672201421704267809312390044113889986217145863096257329182719823126132554001065284470687865180799569486646294999909561979331452
118,15764433389145101120456026815099491551798237340668944915168951310554988777351194045091519726940114443000639060040994705365695541710775772075062700399
283,15764433389145101120359123431573757335587105032319936756254285952559717096910964454266441052055168669677511894350434865385782791120070297512935219386
168,26012542841511627705789776336909518891491875952914270501566169158078038882816455957836687615915647233217965910457005330127026074664769282389832384939
169,26010556848029561412814452016896579461011788093190998480628430454603488397117487451752172115874530788618962059498029672092027761777344320426032958899
6,26005969289183261346755281941579877682867183973907247194597711716572330909867206928132598058425430443563234249539688080078881666000567828886900291045
5,26022242626200107020699855169643641749068176759953851172998458574595765907520044106748884282644784853672873707936424448277328767106784344004194918390
285,15764433389145101119334312394073554420246725337091660552039994567910801277362405408112597062603885665528398547870666062455351588443896023542079658662
122,15764433389145101117221646070037312458981209532009752426274864792955770706641597932025972536645098364398872862948875966543342221060225185020760228504
287,15764433389145101111365530080362158347863105768771596347715437328889423216043603904033077675418279125211885190924072408631578511599820488451107459824
289,15764433389145101049406437300590913245073694764935373629660193446511827165655589864048453768011686744017391899471754899720072771714669491776417769592
126,15764433389145100921376622175123307062744699133181334731119717245588039385154037707069879449497233159481383057394938877407062825426365271834583608502
124,15764433389145101094920593039431946190570728107385801941623421749312657016496254433915425623282806149119231183098411847253737131335359355284123386386
167,26249161766935423816428131771083527568397088677098407316246293797855413849679307751810214019424006530782321410664182380194360291881727572326985867455
3,26312592650730975789741687441898838698044860435293154991830784440344637709328919847644073326340825581173357474762244557372533478047842278062196669233
4,26206877293091746319471336774052467640884739936645425996828904783534996832776025344892942299520352960646182591499921576486059713572707449317523197094
166,26246627378694654017702955474502315677743991690999475255068548310768388546337604070263778491520796801399852615245103433639522465529070182551735818223
291,15764433389145100567709071309857142995149419375559152673014203268857568368660324116360041199576887623704492514035800808606523662178884158536667060837
128,15764433389145099570728306997403618019135117015500091289912891463397015812784588947373227234489072950607781685653289307233141928149163572502997634320
293,15764433389145096823253875205104984228861912589804216955954837459566080510985167805491166765031099274856571736278292382587128226315387054350736162110
130,15764433389145089057510247268450041710107782219981673545504128071843051110632986723726609992411530434386162393493334066000256078840702241531833147554
165,25204976452416569242159782086606986704264486713975665789769087641869346236190173773613913117367498935854867290705249044793430621305385523876276593155
2,25926696995179221272002186783197813393895786329538797364187207760698027535404376290073552724351410167495631885842949731223440163426063891638125817462
132,15764433389145007210135275649271330791049719139386372492795645798886656070096656719881320504415508990515020044556000098683803232642666724945834194482
295,15764433389145067720477915356365758443730282855131687329221511169464645534231987602538040637310832552675905644794427429259150726723752352002653293906
297,15764433389144841571599161816655365150609456480087325499133647325600762520409891740577153704251596124553370177190679911159879918211541449598816808407
1,23435032503629403949542455661283433022039267718901636752589496430138820436807850538112767143859666854590067129868977068567350838638277806149655151436
164,24858753139465818718756033999883268651698333178441356672811252378854999251311577339176727003867245610197725286349348563830884787086836029252537222797
0,23435032503629403949542455661283433022039267718901636752589496430138820436807850538112767143859666854590067129868977068567350838638277806149655151436
134,15764433389144369874365122240490258275427649425687000889276951222466111847937864639762730282285375827457070618920864922740296065052039655924291010184
299,15764433389143084671192866226235755432675139567663610106561881392937552674333141384008656361205962248853717063700851519952732590658834893808717853044
136,15764433389139405672164337686580198867818239541698032417784179728081285749510651716064602442455405566115648066555171439054730200446341126507069860886
301,15764433389129439936526416887398914023130077634473891762497839386950132125154823723610334516747166075148807368473118504553396069383207158674376328652
138,15764433389100726561518110846096093754638235310697613995064951219359103389139227980201325693341875655919963512217355426688096268128188388928836082672
140,15764433388799228929149427870819861933352757738368499139958841769564221227451045495195933168384403071034590108412409357638120343022905657992598495480
303,15764433389023511365864303708359527723751706329769212988824163071193753218705673533002418240787421244750108214128030038172781423121168812318220109642
142,15764433386447880413660878991400195807523097391925361757948962108314086091271301559767395186771410490297053221563545211015713773307862503483887985209
305,15764433388201557583495701163983186548697440488709108134747526681741190974095686163908886390865534336220776401114750436695967712685166563909125223240
307,15764433381827463632632370762207207610115766455879618035424019787614385049603485148258907501948190245835960460638494964462804874842738817324097376526
144,15764433368097671515034771989632948545185271519174202938942057519449480234020518514733016497286428733872923077028151850980588563781230501093049771262
309,15764433332433269437697775371564335370281520316019577164963429549634388553829690311234636528934332097679267038187196645062651206268629776108992901302
146,15764433224764870143135330166120665414549648622076730428477659103004230922459000865173810848087684799485029427316258879906187604937065311913227178614
311,15764432950003197150565619756583779852282456744035765045060949997766073382103432760751168124963673843477954469639644870567502693830811847732895882364
148,15764432104017051741485652154927455682443728722732946069893339492589104700427859134826676247495062373511667858344992540345201504491279029902394369211
150,15764423332394991466229924153268624503082952685270667655905742892285072656924831166918458673745499783967153635193913030357906778407011245470580699392
313,15764429992846138833527705791229535108822581962955048972379299056726732378504282745689218544701255526288033879862050232336030014787332009717933652362
152,15764354651621435520065694496782310275696311798378141438893707573222365071611345576079464578218335186252754134834307280344283466184217181275113134040
315,15764407177938280741422331470694766093855498962183383234468077558526791420364292718834742151922230376651026071545767920461297944654951321102875411922
317,15764231771439489224087104327735382051117941970996979656916506419569463783105467640212122568486959529572231978797961631081333042702946451344983773120
154,15763816460796714626173642388718362748400091763667071198845835201945539686388335466636953654117700603464688580856211462548238576417416851951883971614
319,15762885988674285587207928864192313859946707002366607094436503034997941209017847754004806987616496105110027298896311962652283252633177147257693206996
156,15759572764218605210106582006563678653000298577347607071407984276731799817874723461554994163228258864295181353712124267481664231994825946111335906542
321,15752480088548766061820432070492556330018273264991449037551836991547040023726553853942398865680215790022126867322259194523545628440473755955866969097
158,15725460000638427265200574391652508810574189120001281923018548562285364389754054015656884230062433066548777508569446711130411224915254059694738189544
160,15445390663393481046485579534585250619652190893312088051262736953629290355214649414426235992325980485709287238690798839155552823404055095466538023986
323,15670246473207881476419336191590702230990351013219170709064074677109526071395651453094774860725286713390337099584846031611670382028143370293614912034
162,13247656098694536751539664849375577626222566374134611677856753467218465067551135012785916011976560371336009436280774079897196835384979120658684787162
325,15024041195414873445311712769392141005981420138074588355113670223150380724542164750528309133695782340103332343737815095581989010505237855763382341222
327,10770510918323587039981122572252409294061084569920536449530067124116045464265239641460373902183374734603080657319618158319600176019995141653939151427
