70,36395434680978881600032113183178261790754920904358459132551708698010
74,36331071771159577640143373235317838965297338515396603279850317092922
82,31487575104324305311684713451198603853394866591736700146984790535568
66,36454072251246525668948310132289547136105258572394798961035274112042
83,34305052897868182632124310972427305861863293925377781547714418268365
81,26803091102161316083603268157781016637187350165759097354392553579524
67,35901710289599327944914175435845989953870284268326591404475725385794
6,35903105914889541924001455052256433453737990030031766801177195610393
68,35901470739179575651505613843544737812522061660467394963489651169363
7,35902856383857206080427314860846414016047634889528341756641682009722
60,34194796041048549932246323422748542510967360661198558916003926393635
64,36397795438256442006482407752346975167939451900185186704858744467543
5,36324371980401727557118202210704498999427984233226216001042274145755
65,36183440038235696989694292085588001391771639168086637416160571552327
47,36043594012969076242897650576227548235064530730037938803071835764126
35,34579277167796337261632837010490507472320661594922797890279844572820
3,36431251885163877066076962203990921053090278923723832705101725048519
53,36043741677195109584840606700705997428194336053831287807953795108066
2,35931146470581863470133640733753936908184556089778834150311452924571
56,35924141726360738322873946952159621401835977474220584292915597524459
34,36194762574361814247279838196816119138840488536934932134282466726248
86,18097381287180907123639919098408059569420244268467466067141233363125
50,34674388462206282933238898078727635800368536724585828570144749742556
38,34590405782975507107965718037784730187875182855284361779307937479539
44,34674447323357831909657014385157971079765657945594245332523469837062
84,16968291354393710930834699446571363195794107893153063999014934711085
41,33936582708787421861669398893142726391588215786306127998029869422168
33,35906911820455710872356117974003533544587768864083746112761077318464
85,17953455910227855436178058987001766772293884432041873056380538659233
59,34288367186998672601031588464051832001498056188276567796145120469349
32,18200601285383075716233187821269153911633443452676013832413433339801
1,36401202570766151432466375642538307823266886905352027664826866679600
0,35906503877003196145598641615224394650606599183093450688609281532576
31,17953251938501598072799320807612197325303299591546725344304640766289
27,36047435848177028990405861386374562522402335357641803740327495744720
23,34584504190450761995241584769675089929097455372575605516592628654478
29,36050549601146665733969953885598983778487690915266985858222706444110
26,34675243368551298279633953823680687229044485464533627813988723218672
28,34675613552692393906272064107899207161107629052411474862079426424999
24,34591313499786926402313071620982546372185137962971492383266905270460
25,33936926121195527361481673877227385660620608171343077692707867501468
30,16968463060597763680740836938613692830310304085671538846353933750735
11,36190935077627077964882895730727074915549525869015330509602690644447
72,36190735546732511252765548156284563992250756173945338278436246804861
8,36325216972510890373031721446957995385556643112091659214150457589881
12,36331931540886103971808990571381921404243219531585690441068804370409
36,34612531606747580601918095946627420779886567792085869759617337388752
48,36066758650028650214306263740798931487922508284233769003676737265460
9,36431561025745538515269138214585342146114332660503993401515220760440
54,35608764644257057673852460809679093312713136625492024797112641056474
51,34660982518385654379785986617540597468856171898831101576051248791783
45,34693533400524875838178000537252350788506680565428132535859047760294
39,34603699116478739002333219380147581102638711830431412231538899074463
42,33941305426195341314883032757069734033135015997967642953971900017726
57,16970652713097670657441516378534867016567507998983821476985950008864
21,31487594715208626777338833278158634991996456293565390352264390314026
22,34310307218990011453303170192090998160002701703110044692229237147477
4,36436198108226060660457562379774722613437828207659969599698967787164
20,26797336300296861167254984727949937221376922843412454230306146645508
13,36191151322088664913552216740644195063515999946815402494838604275168
78,36338844501450743739149921567295386089596025673671356941809246341567
73,36191441802203703879845613867919221894968248733211403960220132058416
75,35401921661829227207519563054514851489127216142096043341055721622402
76,35384098153573248212463050664009805652285283202264650574663460673520
14,35402705351118094527000506856777313116377509069052471340995415545096
15,35947874293595931130575354361018788033176961983393424731700515797716
77,36202701418727271698902794441064924389076699152627349011492269144777
16,36204199533338668813234671967159665896627871037826548691595737976426
63,34223963881449304153999612049865757715447816549117632491224187520246
79,34212024453614173455635842537230464520242246821438472860694439541923
80,35936372981186828290509428312437186287359977554860705959271649271739
19,35378517817605058623481294956394849557285285007802306651567066296365
18,34199521941254188960467447400751160778080588711270409902809012495621
37,34587870361819552153435351697073146734437194801081577832350675155796
49,36048360635342054474846102688097560024639678698929090680149760433486
17,36404333067016213670565857561951576524457309971457202205492587185300
55,36050350415976009371528940254101311416094030839935229824142004866296
52,34676654039918291598105391896012905170059516151166327129640410744024
46,34676921995248292955960908860639622074659879310338595304513725769869
40,34592114791236260888505012567918130264225415365827751996422260325619
58,16968708295112465220270105314320320662669294253674471106163181904084
43,33937416590224930440540210628640641325338588507348942212326363808166
62,34198226627263921898451969004947522417489964414615195629859117468340
10,35904047027885503185956895546895947957844699264550218771412451865082
71,35903764586480133671392899437235256881392734825050337272511718897350
61,34190743025008438788280861202669078892413817563304892048343719176244
69,36181093662891648480674107929337458045095439470561580193614903183842
