146,5867134850399139230842163585459163945705256022988958656381838009128380013769
87,4217292561524300063119153254952614849631953941836595593109229491348806666545
33,4217292561524300063119153254952614849631953941836595593109229491348806666545
147,5745670703017009333751348850817534866377021333230556425981045418783699147897
88,4136171166513243033630255768880472607129547733668578881614991112229440316181
34,4136171166513243033630255768880472607129547733668578881614991112229440316181
32,4198454249643518938136936897133149491069643517454033938114957688853003660601
114,5555581683956454364876716613796899544109712284901079501355372430762400425824
2,4203171072205331747429186327102437076315660600973926136247284623960351055393
84,4176784440021670482022365567490324572040095944333636995679401388409371572281
143,5806623443285831721574268448385201910108018122016202202054315689310138439449
144,5844162753784413040001840862167539388138673310158514439786845955174750621785
85,4201113166592573376892724253625140612401295842260892719442574235619707138937
86,4198454249643518938136936897133149491069643517454033938114957688853003660601
145,5839693425883379764021957923712141762204738146862054853993684936478566897785
113,5663350894922473362529876718348080238972876845148386075206032446517600381304
170,2831675447461236681264938359174040119486438422574193037603016223258800190653
35,4030112794140692562442077541313857308664196150217877632403781239093240740453
56,4203171072205331747429186327102437076315660600973926136247284623960351055393
115,5560900331699546025593172897170233388676938423131063603795199569767378605720
55,3991106497099219682963523823063954163606998031630636374304420809881839197389
129,4819251678826922907214392994977576128314346744934045830042658281106587587642
4,4216564706231551031457887557001274824503334486448051436868271977048658463149
0,4309892110764527307757695411168736082089881384729527870053989099390731153781
116,5562291601235430306153802678454374712581519829019193387096357527589686467344
30,4176784440021670482022365567490324572040095944333636995679401388409371572281
89,4030112794140692562442077541313857308664196150217877632403781239093240740453
149,5357362290651557010761341128816145910794846611153102098253700645452651993845
148,5675915021147578267103355071380892396256830998454762356589562191297099744849
112,5831480678513228286681630499885548738010965923699471077144172038228465253880
128,5578980396167348846917670011821198064288266420087154616617865630171222762950
111,5826959863898048809932211936404165699461194678279518521173372464919759455616
108,5831474675696642281884642716631012745622611721312788903704649201972333119334
142,5712353161341915798121551806207364130633858167934532564814598926439187854697
83,4111826227871944702743696147134035409069631694446604654224045091259816647185
31,4201113166592573376892724253625140612401295842260892719442574235619707138937
141,5697955178579294505335746054169383696136278334765709901460422755834682852769
82,4102574366377123683783624040627182972023542762131425468123752131559210951061
59,4220157068538552104002317140560863402342080947870935684481492582985933231661
29,4111826227871944702743696147134035409069631694446604654224045091259816647185
57,4232549286416878750302424908180738373250550562894036332780949167943378973653
54,4309892110764527307757695411168736082089881384729527870053989099390731153781
139,4819251678826922907214398626751438462772360716665631789439415742231547226200
138,5578980396167348846917676531413464152287899351930049645367545082444936665924
3,4232549286416878750302424908180738373250550562894036332780949167943378973653
58,4216564706231551031457887557001274824503334486448051436868271977048658463149
71,4068925774965675758514245222602198862470568944114146115578971386027537873819
1,3991106497099219682963523823063954163606998031630636374304420809881839197389
126,5562367571984997851226593179228782590864566995133723421071558509113801392510
127,5566938903546382260526939425205137030292594125741588232901598858840959316046
17,4068925774965675758514245222602198862470568944114146115578971386027537873819
5,4220157068538552104002317140560863402342080947870935684481492582985933231661
125,5561975330942708314449093609630650877366325000164498172622356760642178583582
80,4068925774965675758514249977545778154554129107235724135812358324189354661951
107,4068925774965675758514249977545778154554129107235724135812358324189354661951
140,5375426365666835652636868116307410739321525137329480608614244774703072054405
81,4047595812630611182055818773861326308205617832426463629753043080737541000613
137,5566938903546382260526945930725723960261610861324827541151604739777430686540
136,5562367571984997851226599679407314919996483397355958036634566647601789591164
27,4047595812630611182055818773861326308205617832426463629753043080737541000613
117,5566936503968331297216592597406365183610284956805346250419123935293039814520
79,4235302113698021068705081280522811435637220432711930702218935275276041436869
69,4222575496044800579547699704930247801350218424822023517459919474932883409129
78,4222575496044800579547704639428774790007861128957566493505242066872747346617
60,4222551294119490535306228576100018371901306389985725135041485520694927425525
24,4222575496044800579547704639428774790007861128957566493505242066872747346617
14,4220589713924712495764879279556311281818949129665766482692423040890214191329
70,4235302113698021068705076331151968695091346161999141051542510777294989364389
53,4068925774965675758514249977545778154554129107235724135812358324189354661951
135,5561975330942708314449100109350810621516594542429620086421556057090367393564
6,4222551294119490535306228576100018371901306389985725135041485520694927425525
168,5578980396167348846917676531413464152287899351930049645367545082444936665924
167,5566938903546382260526945930725723960261610861324827541151604739777430686540
23,4220589713924712495764884211734254788742888427355048510196931112539164385393
76,4220457331105466959723064201823288761119574251987695808703482025092113443425
109,5831480678513228286681621413728601983017026236437338663288734231337406816420
159,4819251678826922907214392994977576128314346744934045830042658281106587587642
134,5561975330942708314449100109350810621516594542429620086421556057090367393564
25,4235302113698021068705081280522811435637220432711930702218935275276041436869
50,4220589713924712495764884211734254788742888427355048510196931112539164385393
52,4235302113698021068705081280522811435637220432711930702218935275276041436869
22,4220457331105466959723064201823288761119574251987695808703482025092113443425
15,4222575496044800579547699704930247801350218424822023517459919474932883409129
77,4220589713924712495764884211734254788742888427355048510196931112539164385393
123,5562367571984997851226593179228782590864566995133723421071558509113801392510
68,4220589713924712495764879279556311281818949129665766482692423040890214191329
166,5562367571984997851226599679407314919996483397355958036634566647601789591164
165,5561975330942708314449100109350810621516594542429620086421556057090367393564
21,4220589713924712495764884211734254788742888427355048510196931112539164385393
124,5561975330942708314449093609630650877366325000164498172622356760642178583582
122,5566938903546382260526939425205137030292594125741588232901598858840959316046
133,5562367571984997851226599679407314919996483397355958036634566647601789591164
51,4222575496044800579547704639428774790007861128957566493505242066872747346617
106,4235302113698021068705081280522811435637220432711930702218935275276041436869
67,4220457331105466959723059269800047716514563865281036420657922914927361662929
110,5831480678513228286681628228392506805961582268292177169636570853626583881704
169,4819251678826922907214398626751438462772360716665631789439415742231547226200
26,4068925774965675758514249977545778154554129107235724135812358324189354661951
164,5561975330942708314449100109350810621516594542429620086421556057090367393564
132,5566938903546382260526945930725723960261610861324827541151604739777430686540
104,4220589713924712495764884211734254788742888427355048510196931112539164385393
105,4222575496044800579547704639428774790007861128957566493505242066872747346617
118,5578980285901391006919680025324457780701181222942401705377801140811798961864
11,4222575496044800579547699704930247801350218424822023517459919474932883409129
13,4220457331105466959723059269800047716514563865281036420657922914927361662929
65,4222575496044800579547699704930247801350218424822023517459919474932883409129
16,4235302113698021068705076331151968695091346161999141051542510777294989364389
66,4220589713924712495764879279556311281818949129665766482692423040890214191329
74,4222575496044800579547704639428774790007861128957566493505242066872747346617
12,4220589713924712495764879279556311281818949129665766482692423040890214191329
10,4235302113698021068705076331151968695091346161999141051542510777294989364389
120,4819251678826922907214392994977576128314346744934045830042658281106587587642
28,4102574366377123683783624040627182972023542762131425468123752131559210951061
20,4222575496044800579547704639428774790007861128957566493505242066872747346617
121,5578980396167348846917670011821198064288266420087154616617865630171222762950
61,4235302080833065830371795303906067917955422331385527199211962279399703405889
62,4068925541467068199955847757360866365127927504208965061176922893261344683107
119,4819250112939072086411030319826077572069170268764114032710127618174938425172
64,4235302113698021068705076331151968695091346161999141051542510777294989364389
163,5562367571984997851226599679407314919996483397355958036634566647601789591164
48,4220589713924712495764884211734254788742888427355048510196931112539164385393
49,4220457331105466959723064201823288761119574251987695808703482025092113443425
103,4220457331105466959723064201823288761119574251987695808703482025092113443425
8,4068925541467068199955847757360866365127927504208965061176922893261344683107
9,4068925774965675758514245222602198862470568944114146115578971386027537873819
102,4220589713924712495764884211734254788742888427355048510196931112539164385393
7,4235302080833065830371795303906067917955422331385527199211962279399703405889
44,4068925774965675758514245222602198862470568944114146115578971386027537873819
75,4220589713924712495764884211734254788742888427355048510196931112539164385393
98,4068925774965675758514245222602198862470568944114146115578971386027537873819
101,4222575496044800579547704639428774790007861128957566493505242066872747346617
63,4068925774965675758514245222602198862470568944114146115578971386027537873819
47,4222575496044800579547704639428774790007861128957566493505242066872747346617
157,5566938903546382260526939425205137030292594125741588232901598858840959316046
158,5578980396167348846917670011821198064288266420087154616617865630171222762950
162,5566938903546382260526945930725723960261610861324827541151604739777430686540
161,5578980396167348846917676531413464152287899351930049645367545082444936665924
43,4235302113698021068705076331151968695091346161999141051542510777294989364389
156,5562367571984997851226593179228782590864566995133723421071558509113801392510
100,4235302113698021068705081280522811435637220432711930702218935275276041436869
155,5561975330942708314449093609630650877366325000164498172622356760642178583582
42,4222575496044800579547699704930247801350218424822023517459919474932883409129
160,4819251678826922907214398626751438462772360716665631789439415742231547226200
46,4235302113698021068705081280522811435637220432711930702218935275276041436869
97,4235302113698021068705076331151968695091346161999141051542510777294989364389
41,4220589713924712495764879279556311281818949129665766482692423040890214191329
40,4220457331105466959723059269800047716514563865281036420657922914927361662929
95,4220589713924712495764879279556311281818949129665766482692423040890214191329
152,5566938903546382260526939425205137030292594125741588232901598858840959316046
45,4068925774965675758514249977545778154554129107235724135812358324189354661951
99,4068925774965675758514249977545778154554129107235724135812358324189354661951
131,5578980396167348846917676531413464152287899351930049645367545082444936665924
93,4220589713924712495764879279556311281818949129665766482692423040890214191329
39,4220589713924712495764879279556311281818949129665766482692423040890214191329
96,4222575496044800579547699704930247801350218424822023517459919474932883409129
154,5561975330942708314449093609630650877366325000164498172622356760642178583582
130,4819251678826922907214398626751438462772360716665631789439415742231547226200
94,4220457331105466959723059269800047716514563865281036420657922914927361662929
151,5578980396167348846917670011821198064288266420087154616617865630171222762950
153,5562367571984997851226593179228782590864566995133723421071558509113801392510
37,4235302113698021068705076331151968695091346161999141051542510777294989364389
92,4222575496044800579547699704930247801350218424822023517459919474932883409129
72,4068925774965675758514249977545778154554129107235724135812358324189354661951
18,4068925774965675758514249977545778154554129107235724135812358324189354661951
19,4235302113698021068705081280522811435637220432711930702218935275276041436869
91,4235302113698021068705076331151968695091346161999141051542510777294989364389
150,4819251678826922907214392994977576128314346744934045830042658281106587587642
38,4222575496044800579547699704930247801350218424822023517459919474932883409129
73,4235302113698021068705081280522811435637220432711930702218935275276041436869
90,4068925774965675758514245222602198862470568944114146115578971386027537873819
36,4068925774965675758514245222602198862470568944114146115578971386027537873819
