87,18800635316142431760299414685036227680252814713395795740060513039866866036987939826959
146,24779629963115547692673243846847434717589873460985148688597076178238424509347551949379
33,18800635316142431760299414685036227680252814713395795740060513039866866036987939826959
86,18800503170894901508172291279227809466027838483096821869831831984526346075428156969651
145,24779624453823569457049366982867747088018084509107094384687304472711402088204043079139
32,18800503170894901508172291279227809466027838483096821869831831984526346075428156969651
147,24779863788492114193252378786546189688515411262304389817674414284966912234098122579403
88,18804835754277076298911852346752344280021995857657518627028793370123235995837855470447
34,18804835754277076298911852346752344280021995857657518627028793370123235995837855470447
1,18728018635572903668286392156489047730643764858562097258880337533442108103351191749371
149,24181169899257208339076146729168010185511469766526053825140740095025918786956974309751
89,18708791647301245832731985809121429996508844295465484557232659845932654675674383200949
148,24783995839265107667504533228897170487161496113240181382038635356404901026540672827267
35,18708791647301245832731985809121429996508844295465484557232659845932654675674383200949
129,21637561363805454793592483499400740641780056898251919187124662522349048470409295634151
0,19541001115097622662950789987818225419788539887510110457947079886914627913158480319989
112,24968469362324403129824311832327509906906305634818836607026820550379884899831980281804
54,19541001115097622662950789987818225419788539887510110457947079886914627913158480319989
29,18800635316142431760299414685036227680252814713395795740060513039866866036987939826959
158,24351268357188233830732123314500927358736171852490824308459822514019796038536545929259
30,18800503170894901508172291279227809466027838483096821869831831984526346075428156969651
139,21637561363805454793592483637928201873274297452792807060566810014336763386118804171051
44,18599242867329463914511031369287948747668790629979539612797372606801806199755135680009
144,24779624453823569457049366982867747088018084509107094384687304472711402088204043079139
85,18800500240488837295256567552349033235481481285263834598864027936768990768307437005723
31,18800500240488837295256567552349033235481481285263834598864027936768990768307437005723
142,24779863788492114193252378786546189688515411262304389817674414284966912234098122579403
83,18800635316142431760299414685036227680252814713395795740060513039866866036987939826959
159,21637561363805454793592483499400740641780056898251919187124662522349048470409295634151
109,24968469362324403129824311638837737343409212137974693304606039315467934293682418046503
55,18728018635572903668286392156489047730643764858562097258880337533442108103351191749371
111,24968118383871755427404536349136059453404356320981305020753608865214677670530532882928
108,24968469191731588728162565609259737404328405397706845233564658445548280576932286297545
143,24779629963115547692673243846847434717589873460985148688597076178238424509347551949379
84,18800503170894901508172291279227809466027838483096821869831831984526346075428156969651
169,21637561363805454793592483637928201873274297452792807060566810014336763386118804171051
110,24968469362324403129824311798690255538224579497992890178670581179927302984361068122008
97,19215444302570550969263904578298123131383224969426449015257042849931167535373221106423
2,19087464016418586585360623342712091019845404246694604371246145884533372368886666150817
42,19152715408025809079401016786668248135960590508663464701307676276108113191946483117223
17,18599242867329463914511031369287948747668790629979539612797372606801806199755135680009
81,18708791647301245832731985809121429996508844295465484557232659845932654675674383200949
140,24181169899257208339076146729168010185511469766526053825140740095025918786956974309751
156,24305782835604939968728896240139029193180293406724471984761294255717466141130914438059
157,24323454769740707664739666052828529897858642094515512263582600811327361131251214855235
127,24323454769740707664739666052828529897858642094515512263582600811327361131251214855235
128,24351268357188233830732123314500927358736171852490824308459822514019796038536545929259
82,18804835754277076298911852346752344280021995857657518627028793370123235995837855470447
141,24783995839265107667504533228897170487161496113240181382038635356404901026540672827267
43,19215444302570550969263904578298123131383224969426449015257042849931167535373221106423
26,18599242867329463914511031488363562303132382143770395576560892259935089689615589041339
28,18804835754277076298911852346752344280021995857657518627028793370123235995837855470447
56,19087464016418586585360623342712091019845404246694604371246145884533372368886666150817
71,18599242867329463914511031369287948747668790629979539612797372606801806199755135680009
155,24303320652346773819140677708276320417833492019563120325905842097333826367945813749771
27,18708791647301245832731985809121429996508844295465484557232659845932654675674383200949
16,19215444302570550969263904578298123131383224969426449015257042849931167535373221106423
116,24305320641089478916628224129394351872647121639045212167890598229886399099197789556456
95,19140322855422916416494680170579633724955459443245593042754756373553415447553752338979
113,24577917988676679369145102874995857541860927262746042275392259836674565696027248729772
170,12288958994338339684572551437497928770930463631373021137696129918337282848013624364887
57,19162882172191458692308377854518911161607065513346022805031909447442300143562435191439
98,18599242867329463914511031369287948747668790629979539612797372606801806199755135680009
126,24305782835604939968728896240139029193180293406724471984761294255717466141130914438059
168,24351268357188233830732123470402016514322555339438549756515105061227197132682601499339
125,24303320652346773819140677708276320417833492019563120325905842097333826367945813749771
70,19215444302570550969263904578298123131383224969426449015257042849931167535373221106423
154,24303320652346773819140677708276320417833492019563120325905842097333826367945813749771
79,19215444302570550969263904701318766304368287672971364183590214949366391591916377011043
14,19140322855422916416494680170579633724955459443245593042754756373553415447553752338979
67,19138955227808279972339764677063480345384477718588386287947667068282835144963190262731
123,24305782835604939968728896240139029193180293406724471984761294255717466141130914438059
124,24303320652346773819140677708276320417833492019563120325905842097333826367945813749771
122,24323454769740707664739666052828529897858642094515512263582600811327361131251214855235
138,24351268357188233830732123470402016514322555339438549756515105061227197132682601499339
137,24323454769740707664739666208551551590478009961698804648909513925433768584896797660875
59,19137925102007700782962324069076903327734797957679237104470211082671071707240514923559
40,19138955227808279972339764677063480345384477718588386287947667068282835144963190262731
80,18599242867329463914511031488363562303132382143770395576560892259935089689615589041339
153,24305782835604939968728896240139029193180293406724471984761294255717466141130914438059
52,19215444302570550969263904701318766304368287672971364183590214949366391591916377011043
58,19123588302860753706294080793745087256950431765671596671971784083139698532783514881771
96,19152715408025809079401016786668248135960590508663464701307676276108113191946483117223
121,24351268357188233830732123314500927358736171852490824308459822514019796038536545929259
41,19140322855422916416494680170579633724955459443245593042754756373553415447553752338979
15,19152715408025809079401016786668248135960590508663464701307676276108113191946483117223
69,19152715408025809079401016786668248135960590508663464701307676276108113191946483117223
94,19138955227808279972339764677063480345384477718588386287947667068282835144963190262731
53,18599242867329463914511031488363562303132382143770395576560892259935089689615589041339
12,19140322855422916416494680170579633724955459443245593042754756373553415447553752338979
115,24299691013814562182429376593250619828610073662894154047981913451791455419959333523276
120,21637561363805454793592483499400740641780056898251919187124662522349048470409295634151
39,19140322855422916416494680170579633724955459443245593042754756373553415447553752338979
68,19140322855422916416494680170579633724955459443245593042754756373553415447553752338979
10,19215444302570550969263904578298123131383224969426449015257042849931167535373221106423
63,18599242867329463914511031369287948747668790629979539612797372606801806199755135680009
60,19152436889966911777410768314110527364017207965385387464549397539185065754372875071927
6,19152436889966911777410768314110527364017207965385387464549397539185065754372875071927
167,24323454769740707664739666208551551590478009961698804648909513925433768584896797660875
166,24305782835604939968728896395748912065314415309973305457734211405560401351085604025739
117,24323405456860901574637644684789008982137422715238764456687751758491645476037786554836
107,18599242867329463914511031488363562303132382143770395576560892259935089689615589041339
114,24288041598499009003218982642259042991730779324165377087866482996514284722218017417976
165,24303320652346773819140677863870439961092161628005598510638358204987306879488118039371
118,24351263555330049118986662109637952303594530144711570966215995422058530786225821466728
50,19140322855422916416494680293119336223414920657636193173750816276325674345180078113859
9,18599242867329463914511031369287948747668790629979539612797372606801806199755135680009
136,24305782835604939968728896395748912065314415309973305457734211405560401351085604025739
119,21637559166519474878921093763655187311867364516650892032948929367371056692403570289488
66,19140322855422916416494680170579633724955459443245593042754756373553415447553752338979
93,19140322855422916416494680170579633724955459443245593042754756373553415447553752338979
105,19152715408025809079401016909287289928779170957147059348354549305608114144109286478443
7,19215415856315909258761304163020934022637799087940101253418177293397692207809198219827
49,19138955227808279972339764799594427052089948445709098658579035031288116143547788113931
64,19215444302570550969263904578298123131383224969426449015257042849931167535373221106423
65,19152715408025809079401016786668248135960590508663464701307676276108113191946483117223
164,24303320652346773819140677863870439961092161628005598510638358204987306879488118039371
25,19215444302570550969263904701318766304368287672971364183590214949366391591916377011043
91,19215444302570550969263904578298123131383224969426449015257042849931167535373221106423
134,24303320652346773819140677863870439961092161628005598510638358204987306879488118039371
13,19138955227808279972339764677063480345384477718588386287947667068282835144963190262731
151,24351268357188233830732123314500927358736171852490824308459822514019796038536545929259
24,19152715408025809079401016909287289928779170957147059348354549305608114144109286478443
152,24323454769740707664739666052828529897858642094515512263582600811327361131251214855235
22,19138955227808279972339764799594427052089948445709098658579035031288116143547788113931
62,18599239727627851859773070615894321927288699718811312275680410097015440315311147752517
61,19215415856315909258761304163020934022637799087940101253418177293397692207809198219827
135,24303320652346773819140677863870439961092161628005598510638358204987306879488118039371
3,19162882172191458692308377854518911161607065513346022805031909447442300143562435191439
103,19138955227808279972339764799594427052089948445709098658579035031288116143547788113931
23,19140322855422916416494680293119336223414920657636193173750816276325674345180078113859
4,19123588302860753706294080793745087256950431765671596671971784083139698532783514881771
5,19137925102007700782962324069076903327734797957679237104470211082671071707240514923559
132,24323454769740707664739666208551551590478009961698804648909513925433768584896797660875
106,19215444302570550969263904701318766304368287672971364183590214949366391591916377011043
150,21637561363805454793592483499400740641780056898251919187124662522349048470409295634151
8,18599239727627851859773070615894321927288699718811312275680410097015440315311147752517
133,24305782835604939968728896395748912065314415309973305457734211405560401351085604025739
76,19138955227808279972339764799594427052089948445709098658579035031288116143547788113931
11,19152715408025809079401016786668248135960590508663464701307676276108113191946483117223
163,24305782835604939968728896395748912065314415309973305457734211405560401351085604025739
37,19215444302570550969263904578298123131383224969426449015257042849931167535373221106423
20,19152715408025809079401016909287289928779170957147059348354549305608114144109286478443
51,19152715408025809079401016909287289928779170957147059348354549305608114144109286478443
78,19152715408025809079401016909287289928779170957147059348354549305608114144109286478443
104,19140322855422916416494680293119336223414920657636193173750816276325674345180078113859
75,19140322855422916416494680293119336223414920657636193173750816276325674345180078113859
92,19152715408025809079401016786668248135960590508663464701307676276108113191946483117223
74,19152715408025809079401016909287289928779170957147059348354549305608114144109286478443
131,24351268357188233830732123470402016514322555339438549756515105061227197132682601499339
130,21637561363805454793592483637928201873274297452792807060566810014336763386118804171051
72,18599242867329463914511031488363562303132382143770395576560892259935089689615589041339
47,19152715408025809079401016909287289928779170957147059348354549305608114144109286478443
102,19140322855422916416494680293119336223414920657636193173750816276325674345180078113859
77,19140322855422916416494680293119336223414920657636193173750816276325674345180078113859
19,19215444302570550969263904701318766304368287672971364183590214949366391591916377011043
160,21637561363805454793592483637928201873274297452792807060566810014336763386118804171051
46,19215444302570550969263904701318766304368287672971364183590214949366391591916377011043
100,19215444302570550969263904701318766304368287672971364183590214949366391591916377011043
21,19140322855422916416494680293119336223414920657636193173750816276325674345180078113859
161,24351268357188233830732123470402016514322555339438549756515105061227197132682601499339
18,18599242867329463914511031488363562303132382143770395576560892259935089689615589041339
90,18599242867329463914511031369287948747668790629979539612797372606801806199755135680009
36,18599242867329463914511031369287948747668790629979539612797372606801806199755135680009
48,19140322855422916416494680293119336223414920657636193173750816276325674345180078113859
162,24323454769740707664739666208551551590478009961698804648909513925433768584896797660875
101,19152715408025809079401016909287289928779170957147059348354549305608114144109286478443
73,19215444302570550969263904701318766304368287672971364183590214949366391591916377011043
99,18599242867329463914511031488363562303132382143770395576560892259935089689615589041339
38,19152715408025809079401016786668248135960590508663464701307676276108113191946483117223
45,18599242867329463914511031488363562303132382143770395576560892259935089689615589041339
