46,4226371118523407821195383883763045473976937809651951808703003262458849
47,4164960108651681160959293965986330551369811136698720066218079015001525
66,4259651723222305053674524875193776229766397899885788835980796958724065
28,4164944668420193386917223381286546606431366256775185308518122350887523
65,4228872413913178841716796626810732763549703584684237195532649502889607
64,4228872413913178841716796626810732763549703584684237195532649502889607
25,4259130441420217696245548281809100320558799300940226701084219971833015
62,4228793096906130144034200857022730558705033091548820876807798736171101
63,4228793096906130144034200857022730558705033091548820876807798736171101
67,4226952351334444912161968888697443594144935073111048865944544655305948
61,4259948862486784491104016860351071552302033163027562224531565187405811
5,4164564250542441557689888887157107590556543023912666746652928105066397
58,4228913560423588271248621239362848158678873086063321262271715671336257
59,4228913560423588271248621239362848158678873086063321262271715671336257
13,4164782473089444962803699052882300127428335143592298595947484941951623
50,4263117721923287342238943599800198441266910889324870583202204358599520
16,4168152575960215109053345320502566335972368001483726239874286237541193
8,4168171650671145075992952293426414262331282945715003713718891363019419
57,4230154845768204256315049150488826416620071476544989173234232399682907
56,4230154845768204256315049150488826416620071476544989173234232399682907
32,4259283180609218662197724181861817227456385027836583921322134171185352
33,4166965141935958124703014520985695946062248621258970608115977556079051
44,4259282036033668398844536636623143071576998378523748877205546203522063
45,4259217080050618485722735219264727940086895801884768024120425438746997
54,4230714782499913214603261777215458672999806141679403925702081624476211
60,4227330063373765156490669831832872954250019025928207316179921491836664
30,4167111148263615982666320859425340464666056766845072502839347236699575
29,4226516749574457532571011034828485092430646774627125808621279261639922
31,4226529738199495587829909045665092225278343006244198212915014211616299
18,4227818923344697998085108299549502477542211619984375484599136951706739
55,4230069749792297475091538979530215148179357142866295652917602417951714
53,4230714782499913214603261777215458672999806141679403925702081624476211
52,4024882772009813723682307858658041782371255214943092725830100678298207
51,4024882772009813723682307858658041782371255214943092725830100678298207
21,4260167573182731741252106816038699359439746198542985565914125456474199
20,3756171961024345365246362431331076838206511149128958683004287222499125
19,4260558047852381099401034007694711938557345388181419244732264455171388
17,4260379146621422591802178822712186245386073181132285598793356884840907
24,3753873112964471976102432919287125645188771199468336412684034967293231
22,4226996275469416152340005437354313865399177863945339004159566436732673
23,4226976346156487300529505627638007141968840036255853148109642277962910
7,4167337936339805861198889499265446700044962674990576614241547259334307
6,4259314788598951595498273726452418425210244240494847400850326182623257
14,4226565006841215950701174214968435846155073104205770187372556536124623
9,4167322499483838899517999979190652797540956994486007491022849393320987
12,4226552199475690646417133589868616985515657708795815270431088245716943
10,4259249213637294483292139136485995266605529176974620635590778629243252
11,4226700958807252084225567771429221566962648808246124965306470753315123
15,4259142983141427072842469927069407641540256426365121601834461445322714
73,4259955048770989510761741771599455345776521683213884675594505526358116
68,4228992255527236227309349475120386821175659852162028678817608105074081
69,4228992255527236227309349475120386821175659852162028678817608105074081
72,4227323950167920543917339785946679916120263843904352123471318642426988
38,4168497217474498815196314228985553413826437300550380302550066064238947
70,4230069731782840513325859290960448195894124275977913540569718563759047
75,4230615401538646124897296410016724208331884032314864020601887936295761
34,4167740624059359595851104596310443671053054034963025158145323576720163
71,4230069731782840513325859290960448195894124275977913540569718563759047
74,4230615401538646124897296410016724208331884032314864020601887936295761
78,4262939181588373981193715157457928013046958677625746296122832375328388
39,4260942725757556952950640448928222511052888907346758936059327430932185
79,4230100690753825655506222283911893830209783926772168861662018088882392
77,4024816539817936585091153371846421130267734074894682100111899387992863
76,4024816539817936585091153371846421130267734074894682100111899387992863
36,4227474804732734558115762990850516519702595380222976825587209779507288
35,4260914218405076301055227584291111918932714320476958340092138538025583
43,3755028425345216080103005445731240716878372575393382017018054442992833
41,4226323943259063846230292374145938134960740813951521231240820174735743
37,4227497226720645802097692475699809236665446345707601434818002283971579
42,3755118488991838298729813233720065854435081806341693776601653908230943
40,4261089817246965500916438292978262215678341819497554514490131566535572
4,4164534827286253718026204653451041508405439409475008622336639669517853
49,4259069995376724891581456297862869179500745937904421877283886461938592
3,4259051202360400208921651898272101714390659968411777865422121802568770
1,4226355984219376068270890988783076734801546067117655099318991232542819
2,4164731295136242575000021711852185252266457652451922660680396544943937
0,4226343231619876292502565894819903834557013004466255660388947235776593
48,4164923629199690424027116610266426230569288509304956773864558179405957
26,4226345345891365813683357624376603318688135198355960069669751542806109
27,4164939045396729182969876064403806380043749833867320116609170608901505
