104,13486776512129930959528339855728452940023931553696359865605122
119,15302513479965095456936152686551955172246053374788937614702081
90,13486776512129930959528339855728452940023931553696359865605122
163,10115082311434014655305867672733665528134147678188961051850241
106,13486776510990712996179447504521747694380331817972093850419202
3,20230164664744146970041810774438755898091240728581111937368064
160,14712847028904834160030407835955458834975447802604445045358595
172,10115082383243034747134585628391310770785248863479070387814401
30,15481587843384348490851220996684881496000243104221529067374681
54,13486776507536997239774082516705307996764870772268201677946882
19,20230164766486069494269171256782621541570497726958140775628800
134,16184131813188855595415337005426097233256398181566512620503065
76,13486776512129930959528339855728452940023931553696359865605122
146,10115082380652747929830561887528980997573653079201151258460161
150,13486776512129930959528339855728452940023931553696359865605122
85,13486776510990712996179447504521747694380331817972093850419202
154,14747177897959146774255423663192429935921090295133139830045443
143,10115082380652747929830561887528980997573653079201151258460161
32,13486776512129930959528339855728452940023931553696359865605122
161,10115082332372073485020905387219377949045620364290555968684033
102,13486776510990712996179447504521747694380331817972093850419202
31,15293681250599685770941538622152374866563111865649276965561177
114,13486776507536997239774082516705307996764870772268201677946882
13,19927422810592286869433220271752202150198837159202270900930224
117,15293681250599685770941538622152374866563111865649276965561177
165,14712846998449475862263080251248968040922396622820306984509443
56,13486776512129930959528339855728452940023931553696359865605122
139,13486776415245352873741156896978220704178863570918614735800322
135,13486776507536997239774082516705307996764870772268201677946882
144,13486776507536997239774082516705307996764870772268201677946882
138,20230164761305495859661123775057961995147306158402302516920320
67,13486776507536997239774082516705307996764870772268201677946882
34,13486776443162764646694540516292503932060827152387407958245378
152,13486776512129930959528339855728452940023931553696359865605122
7,20230164768194896439292509783592679410035897330544539798407680
10,13486776512129930959528339855728452940023931553696359865605122
156,13486776443162764646694540516292503932060827152387407958245378
70,13486776510990712996179447504521747694380331817972093850419202
65,13486776512129930959528339855728452940023931553696359865605122
80,15239104972012373468519286653254254781647390395522402550497281
4,13486776415245352873741156896978220704178863570918614735800322
151,10115082384097448219646254891796339705017948665272269899203841
46,15270572131483882713292998964033302229868718858819488855843673
94,13486776512129930959528339855728452940023931553696359865605122
49,15302513504984086768126886492375255859289240344794579461092865
0,15293681276407052901131560031491668317193547284490465274504025
164,14712846998449475862263080251248968040922396622820306984509443
50,20230164622868029310611735345467331056268295356377922103700480
116,15277523179478037960730358683168912640008299834656261415728641
25,15453980754785695801041666755721332684881244667704081957111041
45,15481587843384348490851220996684881496000243104221529067374681
1,19927422810592286869433220271752202150198837159202270900930224
126,13486776512129930959528339855728452940023931553696359865605122
141,13486776507536997239774082516705307996764870772268201677946882
51,13486776512129930959528339855728452940023931553696359865605122
174,10114454616536565597047400052465733680376508917602935528019738
145,20228909233073131194094800104931467360753017835205871056039474
22,13486776512129930959528339855728452940023931553696359865605122
105,6743388256064965479764169927864226470011965776848179932802562
58,13486776507536997239774082516705307996764870772268201677946882
2,15239104947370560304729834574686575940371171767794929813307393
166,10115082380652747929830561887528980997573653079201151258460161
110,15026189990854818002195602991171590313188242449967169981557783
61,17271809360865126623309965017454306303497711490499272072583212
38,13486776443162764646694540516292503932060827152387407958245378
40,13486776443162764646694540516292503932060827152387407958245378
107,6743388255495356498089723752260873847190165908986046925209602
82,12919515584513832503641268480109817653154254089428103069529604
137,15239104972012373468519286653254254781647390395522402550497281
171,6743388253768498619887041258352653998382435386134100838973442
88,12873741123643291379480195219842847035807097044967768611445764
149,10115082384097448219646254891796339705017948665272269899203841
96,15026189958524783703409540265476733218223103808871167654079511
127,6743388256064965479764169927864226470011965776848179932802562
115,6743388253768498619887041258352653998382435386134100838973442
177,10115082332372073485020905387219377949045620364290555968684033
147,13486776512129930959528339855728452940023931553696359865605122
53,15026189990854818002195602991171590313188242449967169981557783
21,17271809360865126623309965017454306303497711490499272072583212
60,15026189958524783703409540265476733218223103808871167654079511
43,13486776507536997239774082516705307996764870772268201677946882
131,16184131813188855595415337005426097233256398181566512620503065
15,14491415288596907471095677117601816884900118684584885307728434
44,6743388253768498619887041258352653998382435386134100838973442
57,6743388256064965479764169927864226470011965776848179932802562
77,6743388256064965479764169927864226470011965776848179932802562
168,10109954148300729128500686554535631190732180311565092792510885
95,6743388256064965479764169927864226470011965776848179932802562
173,10115082384097448219646254891796339705017948665272269899203841
142,6743388253768498619887041258352653998382435386134100838973442
12,15293681276407052901131560031491668317193547284490465274504025
52,6743388256064965479764169927864226470011965776848179932802562
120,13486776415245352873741156896978220704178863570918614735800322
35,6743388221581382323347270258146251966030413576193703979122690
68,6743388253768498619887041258352653998382435386134100838973442
74,15446002201441421694931632973594776927983438646398096727083917
118,15286292783191400986108712134576235749225382305548419367487117
75,18831717627775398963254413838830551318543451076257926529387800
78,13486776512129930959528339855728452940023931553696359865605122
109,12873741123643291379480195219842847035807097044967768611445764
5,6743388207622676436870578448489110352089431785459307367900162
103,6743388255495356498089723752260873847190165908986046925209602
153,6743388256064965479764169927864226470011965776848179932802562
101,15026189990854818002195602991171590313188242449967169981557783
97,17271809360865126623309965017454306303497711490499272072583212
176,9763253430782407451582078302186395613540544555184146200412185
132,19526506861564814903164156604372791227081089110368292400824368
112,13486776512129930959528339855728452940023931553696359865605122
18,15239104947370560304729834574686575940371171767794929813307393
27,14491415288596907471095677117601816884900118684584885307728434
179,6743388256064965479764169927864226470011965776848179932802562
86,6743388255495356498089723752260873847190165908986046925209602
108,14712846998449475862263080251248968040922396622820306984509443
41,6743388221581382323347270258146251966030413576193703979122690
91,6743388256064965479764169927864226470011965776848179932802562
84,15026189990854818002195602991171590313188242449967169981557783
48,17271809360865126623309965017454306303497711490499272072583212
28,15636093985059210032574870153260544857082376540537061622426833
133,16184131813188855595415337005426097233256398181566512620503065
99,14741154645820610136851591252152982105953893004108011505876995
20,15026189958524783703409540265476733218223103808871167654079511
123,13486776512129930959528339855728452940023931553696359865605122
42,15617378096781139428505591456378057642155071719526030968384721
162,14712846998449475862263080251248968040922396622820306984509443
92,13017671241043209935442771069581860818054059406912194933882914
148,6743388256064965479764169927864226470011965776848179932802562
87,14712846998449475862263080251248968040922396622820306984509443
55,6743388253768498619887041258352653998382435386134100838973442
33,6743388256064965479764169927864226470011965776848179932802562
24,15270572131483882713292998964033302229868718858819488855843673
136,6743388253768498619887041258352653998382435386134100838973442
79,6743388256064965479764169927864226470011965776848179932802562
47,15026189958524783703409540265476733218223103808871167654079511
140,6743388207622676436870578448489110352089431785459307367900162
59,6743388253768498619887041258352653998382435386134100838973442
23,6743388256064965479764169927864226470011965776848179932802562
167,10109954148300729128500686554535631190732180311565092792510885
157,6743388221581382323347270258146251966030413576193703979122690
89,15286292812341698321016444667426380310036180416387044745528973
14,14494834111891777883518276500172269938268831052527537037930778
93,6508835620521604967721385534790930409027029703456097466941458
6,10115082384097448219646254891796339705017948665272269899203841
125,15636094014366323244294741718256218422102061474938947032919249
29,19639419979909255724183381500697456140253325944181326793038240
100,15662462075090910683049139352471568031294370646387740881740497
158,20219908296601458257001373109071262381464360623130185585021768
169,10109954148300729128500686554535631190732180311565092792510885
11,6743388256064965479764169927864226470011965776848179932802562
81,14747177826150126682426705707534784693269989109843030494081283
37,12873741150291729890026606856461026480603516827278889414688772
113,6743388256064965479764169927864226470011965776848179932802562
175,10115082311434014655305867672733665528134147678188961051850241
8,14741154694101284581661247752462585154481925719018606795653123
63,12873741123643291379480195219842847035807097044967768611445764
9,12911484655606322674058070244827591858084121334253843125305348
124,6743388256064965479764169927864226470011965776848179932802562
69,15508263283744183878851902500557925104093475186554041958972161
39,6743388221581382323347270258146251966030413576193703979122690
98,16583461465021586117323922476799790959685369333448824014532905
130,13440129477689256936999992287957555361729022447246547985914658
83,16583461465021586117323922476799790959685369333448824014532905
26,14494834111891777883518276500172269938268831052527537037930778
62,14712846998449475862263080251248968040922396622820306984509443
129,13440129477689256936999992287957555361729022447246547985914658
36,14712847028904834160030407835955458834975447802604445045358595
73,6720064738844628468499996143978777680864511223623273992957330
170,6720064738844628468499996143978777680864511223623273992957330
66,6743388256064965479764169927864226470011965776848179932802562
16,15636093985059210032574870153260544857082376540537061622426833
17,19639419979909255724183381500697456140253325944181326793038240
122,15617378096781139428505591456378057642155071719526030968384721
159,16605662845849297152891082870463371675871003085789498083738713
71,6743388255495356498089723752260873847190165908986046925209602
121,6743388207622676436870578448489110352089431785459307367900162
72,13440129477689256936999992287957555361729022447246547985914658
128,20160194216533885405499988431936333042593533670869821978871984
178,10080097108266942702749994215968166521296766835434910989435993
155,6720064738844628468499996143978777680864511223623273992957330
64,15662462075090910683049139352471568031294370646387740881740497
111,15636094014366323244294741718256218422102061474938947032919249
