335,214197899891228069148322097927006426110667148011627055248292797120246411867049634823718623136593928
29,223948279019051745943617910660235599650628340248393161119223854871540283659316869278409519384264704
336,107098949945614034574161048963503213055333574005813527624146398560123205933524817411859311568296965
100,111974139509525872971808955330117799825314170124196580559611927435770141829658434639204759692132353
116,111974139509525872959669509981537668591133731140738394771906888924579757887070469163264187408842753
177,111974139509525872971808955330117799825314170124196580559611927435770141829658434639204759692132353
88,111974139509525872959669509981537668591133731140738394771906888924579757887070469163264187408842753
8,111974139509525872959669509981537668591133731140738394771906888924579757887070469163264187408842753
86,111974139509525872959669509981537668591133731140738394771906888924579757887070469163264187408842753
338,111974139509525872959669509981537668591133731140738394771906888924579757887070469163264187408842753
69,111974139509525872959669509981537668591133731140738394771906888924579757887070469163264187408842753
246,111974139509525872959669509981537668591133731140738394771906888924579757887070469163264187408842753
326,111974139509525872959669509981537668591133731140738394771906888924579757887070469163264187408842753
250,111974139509525872959669509981537668591133731140738394771906888924579757887070469163264187408842753
82,111974139509467372701758714854365864951277315961302178924327011873022391086264992539554541406781441
169,170571923897599691786901782588615388135582947334922413221518827987486040527173458939014294756393089
328,111974139509467372701758714854365864951277315961302178924327011873022391086264992539554541406781441
323,111974139509467372701758714854365864951277315961302178924327011873022391086264992539554541406781441
59,111974139509467372701758714854365864951277315961302178924327011873022391086264992539554541406781441
211,111974139509467372701758714854365864951277315961302178924327011873022391086264992539554541406781441
210,111974139509525872959669509981537668591133731140738394771906888924579757887070469163264187408842753
167,173641011010939038538820701835605976180933400980592443660810322681986263178646480552124121556201481
174,111974139509525872971808955330117799825314170124196580559611927435770141829658434639204759692132353
213,170571923897599691786901782588615388135582947334922413221518827987486040527173458939014294756393089
139,111974139509525872959669509981537668591133731140738394771906888924579757887070469163264187408842753
263,170571923897599691786901782588615388135582947334922413221518827987486040527173458939014294756393089
212,111974139509525872959669509981537668591133731140738394771906888924579757887070469163264187408842753
62,111538442468632776189817480795759364806538628606203597755878028885436405869231748123098904596054529
9,223948279019051745919339019963075337182267462281476789543813777849159515774140938326528374817685504
101,111974139509525872959669509981537668591133731140738394771906888924579757887070469163264187408842753
13,111974139509525872959669509981537668591133731140738394771906888924579757887070469163264187408842753
118,111974139509467372701758714854365864951277315961302178924327011873022391086264992539554541406781441
142,111974139509525872971808955330117799825314170124196580559611927435770141829658434639204759692132353
42,111974139509525872959669509981537668591133731140738394771906888924579757887070469163264187408842753
289,111974139509525872959669509981537668591133731140738394771906888924579757887070469163264187408842753
302,111974139509525872959669509981537668591133731140738394771906888924579757887070469163264187408842753
282,111974139509525872959669509981537668591133731140738394771906888924579757887070469163264187408842753
315,111974139509525872959669509981537668591133731140738394771906888924579757887070469163264187408842753
279,111974139509467372701758714854365864951277315961302178924327011873022391086264992539554541406781441
266,111538442468632776189817480795759364806538628606203597755878028885436405869231748123098904596054529
17,111538442468632776189817480795759364806538628606203597755878028885436405869231748123098904596054529
190,111974139509525872959669509981537668591133731140738394771906888924579757887070469163264187408842753
321,223512581978158649161626436125877164631852798730400178315489956321206547698890182762303664288186881
126,111974139509525872959669509981537668591133731140738394771906888924579757887070469163264187408842753
317,111974139509488057397082814665227180880978546573787134855068467293071191962832205352805434396573697
322,111974139509525872971808955330117799825314170124196580559611927435770141829658434639204759692132353
127,111974139509525872959669509981537668591133731140738394771906888924579757887070469163264187408842753
48,111974139509525872959669509981537668591133731140738394771906888924579757887070469163264187408842753
240,111974139509488057397082814665227180880978546573787134855068467293071191962832205352805434396573697
71,170571923897599691786901782588615388135582947334922413221518827987486040527173458939014294756393089
34,111974139509525872959669509981537668591133731140738394771906888924579757887070469163264187408842753
316,111974139509525872959669509981537668591133731140738394771906888924579757887070469163264187408842753
277,111974139509525872959669509981537668591133731140738394771906888924579757887070469163264187408842753
267,111974139509488057397082814665227180880978546573787134855068467293071191962832205352805434396573697
171,111974139509488057397082814665227180880978546573787134855068467293071191962832205352805434396573697
230,111974139509525872959669509981537668591133731140738394771906888924579757887070469163264187408842753
264,111974139509525872959669509981537668591133731140738394771906888924579757887070469163264187408842753
332,111974139509467372701758714854365864951277315961302178924327011873022391086264992539554541406781441
189,111974139509525872959669509981537668591133731140738394771906888924579757887070469163264187408842753
40,111974139509525872959669509981537668591133731140738394771906888924579757887070469163264187408842753
286,111974139509525872959669509981537668591133731140738394771906888924579757887070469163264187408842753
165,111974139509525872971808955330117799825314170124196580559611927435770141829658434639204759692132353
191,111974139509525872959669509981537668591133731140738394771906888924579757887070469163264187408842753
156,111974139509525872959669509981537668591133731140738394771906888924579757887070469163264187408842753
158,111974139509525872959669509981537668591133731140738394771906888924579757887070469163264187408842753
73,111974139509488057397082814665227180880978546573787134855068467293071191962832205352805434396573697
66,111974139509525872959669509981537668591133731140738394771906888924579757887070469163264187408842753
268,111538442468632776189817480795759364806538628606203597755878028885436405869231748123098904596054529
274,111974139509525872971808955330117799825314170124196580559611927435770141829658434639204759692132353
44,111974139509488057397082814665227180880978546573787134855068467293071191962832205352805434396573697
222,111974139509525872959669509981537668591133731140738394771906888924579757887070469163264187408842753
75,196877607928836699730653108272734593099453485932653328456460531755200249370828016948052324733419608
219,110743654459970643598492373403413208618442585837117497256759049112300140271090759533279432662548526
112,88594923567976514878793898722730566894754068669693997805407239289840112216872607626623546130038823
22,111974139509467372701758714854365864951277315961302178924327011873022391086264992539554541406781441
39,177189847135953029757587797445461133789508137339387995610814478579680224433745215253247092260077644
38,88594923567976514878793898722730566894754068669693997805407239289840112216872607626623546130038823
218,221487308919941287196984746806826417236885171674234994513518098224600280542181519066558865325097050
94,111974139509467372701758714854365864951277315961302178924327011873022391086264992539554541406781441
172,111974139509525872959669509981537668591133731140738394771906888924579757887070469163264187408842753
247,98438803964418349865326554136367296549726742966326664228230265877600124685414008474026162366709805
37,111974139509525872959669509981537668591133731140738394771906888924579757887070469163264187408842753
57,111974139509525872959669509981537668591133731140738394771906888924579757887070469163264187408842753
166,223948279019051745943619541026759918658090196011106117432475201892680477652489530121754227754547208
150,223890050136657562605237476184531841622114972659940812362703476025263752762974782308400441593955073
194,111974139509525872959669509981537668591133731140738394771906888924579757887070469163264187408842753
111,111974139509467372701758714854365864951277315961302178924327011873022391086264992539554541406781441
325,111974139509525872971808955330117799825314170124196580559611927435770141829658434639204759692132353
157,111974139509525872959669509981537668591133731140738394771906888924579757887070469163264187408842753
236,111974139509525872959669509981537668591133731140738394771906888924579757887070469163264187408842753
298,111974139509467372701758714854365864951277315961302178924327011873022391086264992539554541406781441
92,111974139509525872959669509981537668591133731140738394771906888924579757887070469163264187408842753
238,111974139509467372701758714854365864951277315961302178924327011873022391086264992539554541406781441
287,111974139175469862312702582855013747103528855140254620824469497323078651863853098925175813082972161
18,223076884937265552379634961591518729613077257212407195511756057770872811738463496246197809192109056
109,111974139509467372701758714854365864951277315961302178924327011873022391086264992539554541406781441
295,111974139509467372701758714854365864951277315961302178924327011873022391086264992539554541406781441
342,111471626016121470461178632268945528694571492511226914956080961192153347328497587762713401889915009
72,222943252032242940922357264537891057389142985022453829912161922384306694656995175525426803779830016
311,111974139509467372701758714854365864951277315961302178924327011873022391086264992539554541406781441
108,111974139509525872959669509981537668591133731140738394771906888924579757887070469163264187408842753
155,183378719080742640590561194931252923626851587997496842818624693901927721417843976980203472365633537
291,111974139175469862312702582855013747103528855140254620824469497323078651863853098925175813082972161
300,111974139175469862312702582855013747103528855140254620824469497323078651863853098925175813082972161
119,111974139509467372701758714854365864951277315961302178924327011873022391086264992539554541406781441
26,111974139509467372701758714854365864951277315961302178924327011873022391086264992539554541406781441
128,111538442468632776189817480795759364806538628606203597755878028885436405869231748123098904596054529
327,111974139175469862312702582855013747103528855140254620824469497323078651863853098925175813082972161
5,223948278350939724625405165710027494207057710280509241648938994646157303727706197850351626165944320
138,111974139175469862312702582855013747103528855140254620824469497323078651863853098925175813082972161
180,111974139509467372701758714854365864951277315961302178924327011873022391086264992539554541406781441
14,111974139509488057397082814665227180880978546573787134855068467293071191962832205352805434396573697
207,111974139509467372701758714854365864951277315961302178924327011873022391086264992539554541406781441
253,111974139509467372701758714854365864951277315961302178924327011873022391086264992539554541406781441
173,111799452864078678856191405532978188794398113785978247005563244205073187335477654624740922720518913
221,111974139509525872971809770512372511217140508639229423302430898146252844289846039149197410697216001
235,111974139175469862312702582855013747103528855140254620824469497323078651863853098925175813082972161
4,111974139175469862312702582855013747103528855140254620824469497323078651863853098925175813082972161
271,111974139175469862312702582855013747103528855140254620824469497323078651863853098925175813082972161
249,111974139509525872971809770512372511217140508639229423302430898146252844289846039149197410697216001
243,111974139509525872971809770512372511217140508639229423302430898146252844289846039149197410697216001
96,111974139509525872959669509981537668591133731140738394771906888924579757887070469163264187408842753
187,111974139509525872971809770512372511217140508639229423302430898146252844289846039149197410697216001
107,111974139509525872959669509981537668591133731140738394771906888924579757887070469163264187408842753
313,111974139509525872959669509981537668591133731140738394771906888924579757887070469163264187408842753
220,111974139509525872959669509981537668591133731140738394771906888924579757887070469163264187408842753
262,111538442468632776189817480795759364806538628606203597755878028885436405869231748123098904596054529
63,111974139509467372701758714854365864951277315961302178924327011873022391086264992539554541406781441
217,111974139175469862312702582855013747103528855140254620824469497323078651863853098925175813082972161
275,111974139509467372701758714854365864951277315961302178924327011873022391086264992539554541406781441
141,111974139509525872959669509981537668591133731140738394771906888924579757887070469163264187408842753
113,111974139509488057397082814665227180880978546573787134855068467293071191962832205352805434396573697
2,111974139509488057397082814665227180880978546573787134855068467293071191962832205352805434396573697
200,111799452864078678856191405532978188794398113785978247005563244205073187335477654624740922720518913
192,111974139509525872971809770512372511217140508639229423302430898146252844289846039149197410697216001
343,111968127475189791045744169987781242894390595054872954608562311252392642794850611173941077950370177
233,223166714555361095555091472827880140476792251312117916401945500090679494230286441515071564299707170
77,111968127475189791045744169987781242894390595054872954608562311252392642794850611173941077950370177
225,111974139509525872959669509981537668591133731140738394771906888924579757887070469163264187408842753
198,111968127475189791045744169987781242894390595054872954608562311252392642794850611173941077950370177
79,111968127475189791045744169987781242894390595054872954608562311252392642794850611173941077950370177
261,170571923897599691786901782588615388135582947334922413221518827987486040527173458939014294756393089
288,111538442468632776189817480795759364806538628606203597755878028885436405869231748123098904596054529
234,111583357277680547777545736413940070238396125656058958200972750045339747115143220757535782149853586
110,111968127475189791045744169987781242894390595054872954608562311252392642794850611173941077950370177
102,111974139509467372701758714854365864951277315961302178924327011873022391086264992539554541406781441
152,111538442468632776189817480795759364806538628606203597755878028885436405869231748123098904596054529
273,111974139509525872971809770512372511217140508639229423302430898146252844289846039149197410697216001
78,111974139509525872971809770512372511217140508639229423302430898146252844289846039149197410697216001
285,111974139509525872971809770512372511217140508639229423302430898146252844289846039149197410697216001
121,111974139175469862312702582855013747103528855140254620824469497323078651863853098925175813082972161
81,111974139509525872971809770512372511217140508639229423302430898146252844289846039149197410697216001
33,198278318182875854116090028417165553459600584467884512409047598298503060244470456675258656096256232
49,99139159091437927058045014208582776729800292233942256204523799149251530122235228337629328048128117
64,111974139509525872971809770512372511217140508639229423302430898146252844289846039149197410697216001
229,111974139509488057397082814665227180880978546573787134855068467293071191962832205352805434396573697
310,111974139509525872971809770512372511217140508639229423302430898146252844289846039149197410697216001
60,99139159091437927058045014208582776729800292233942256204523799149251530122235228337629328048128117
32,99139159091437927058045014208582776729800292233942256204523799149251530122235228337629328048128117
209,111974139509525872971809770512372511217140508639229423302430898146252844289846039149197410697216001
280,127464633117563049074629303982463570081171804300782900834387741763323395871445293576951993204736150
239,209314987445028337899947864169597924860991352954814045728721296636775249760820386524480915481104809
35,110813816882662061241148869266257724926407186858430965385793627631233955755728439924725190548820185
130,110813816882662061241148869266257724926407186858430965385793627631233955755728439924725190548820185
284,110813816882662061241148869266257724926407186858430965385793627631233955755728439924725190548820185
259,98501170562366276658798994903340199934584166096383080342927669005541294005091946599755724932284625
143,98501170562366276658798994903340199934584166096383080342927669005541294005091946599755724932284625
132,98501170562366276658798994903340199934584166096383080342927669005541294005091946599755724932284625
133,197002341124732553317597989806680399869168332192766160685855338011082588010183893199511449864569248
308,98501170562366276658798994903340199934584166096383080342927669005541294005091946599755724932284625
176,111974139509525872959669509981537668591133731140738394771906888924579757887070469163264187408842753
260,111974139175469862312702582855013747103528855140254620824469497323078651863853098925175813082972161
6,111974139175469862312702582855013747103528855140254620824469497323078651863853098925175813082972161
281,63732316558781524537314651991231785040585902150391450417193870881661697935722646788475996602368076
182,111974139509525872971809770512372511217140508639229423302430898146252844289846039149197410697216001
269,111974139509525872971809770512372511217140508639229423302430898146252844289846039149197410697216001
201,149065937152104905141588540710637585059197485047970996007417658940097583113970206166321230294025218
147,111974139509525872971809770512372511217140508639229423302430898146252844289846039149197410697216001
46,111974139175469862312702582855013747103528855140254620824469497323078651863853098925175813082972161
36,221627633765324122482297738532515449852814373716861930771587255262467911511456879849450381097640368
148,111974139509525872971809770512372511217140508639229423302430898146252844289846039149197410697216001
248,111974139175469862312702582855013747103528855140254620824469497323078651863853098925175813082972161
270,111974139509525872971809770512372511217140508639229423302430898146252844289846039149197410697216001
41,111974139175469862312702582855013747103528855140254620824469497323078651863853098925175813082972161
202,74532968576052452570794270355318792529598742523985498003708829470048791556985103083160615147012610
117,111974139509525872971809770512372511217140508639229423302430898146252844289846039149197410697216001
337,111974139509525872959669509981537668591133731140738394771906888924579757887070469163264187408842753
319,111974139175469862312702582855013747103528855140254620824469497323078651863853098925175813082972161
11,223936254950379582091488339975562485788781190109745909217124622504785285589701222347882155900740352
252,111974139509525872971809770512372511217140508639229423302430898146252844289846039149197410697216001
105,111531553977867667940300640984655623821025328763185038230089274042907971387514631879832994054144127
183,111968127475189791045744169987781242894390595054872954608562311252392642794850611173941077950370177
151,111974139509525872971809770512372511217140508639229423302430898146252844289846039149197410697216001
223,111974139509525872971809770512372511217140508639229423302430898146252844289846039149197410697216001
53,111974139509525872971809770512372511217140508639229423302430898146252844289846039149197410697216001
120,111974139175469862312702582855013747103528855140254620824469497323078651863853098925175813082972161
115,111974139509525872959669509981537668591133731140738394771906888924579757887070469163264187408842753
179,111974139509467372701758714854365864951277315961302178924327011873022391086264992539554541406781441
12,111974139175469862312702582855013747103528855140254620824469497323078651863853098925175813082972161
184,111974139175469862312702582855013747103528855140254620824469497323078651863853098925175813082972161
162,111974139509525872971809770512372511217140508639229423302430898146252844289846039149197410697216001
91,111974139175469862312702582855013747103528855140254620824469497323078651863853098925175813082972161
50,111799452864078678856191405532978188794398113785978247005563244205073187335477654624740922720518913
188,111974139509525872971809770512372511217140508639229423302430898146252844289846039149197410697216001
1,223948279019051745943619541024745022434281017278458846604861796292505688579692078298394821394432000
320,223942266984715664017553940500153754111531103694102377910993209398645487084696650323138488647586177
84,111974139509525872971809770512372511217140508639229423302430898146252844289846039149197410697216001
196,111974139509525872971809770512372511217140508639229423302430898146252844289846039149197410697216001
114,111974139509488057397082814665227180880978546573787134855068467293071191962832205352805434396573697
154,111974139175469862312702582855013747103528855140254620824469497323078651863853098925175813082972161
67,111974139509525872971809770512372511217140508639229423302430898146252844289846039149197410697216001
74,98438803964418349865326554136367296549726742966326664228230265877600124685414008474026162366709805
297,111974139509525872971809770512372511217140508639229423302430898146252844289846039149197410697216001
168,111974139509525872971809770513379959329045098005553058716237600946340238826244765060877113877273605
65,111974139509525872971809770512372511217140508639229423302430898146252844289846039149197410697216001
226,111974139509525872971809770512372511217140508639229423302430898146252844289846039149197410697216001
24,111974139509525872971809770512372511217140508639229423302430898146252844289846039149197410697216001
339,111974139509525872959669509981537668591133731140738394771906888924579757887070469163264187408842753
131,111974139509525872971809770512372511217140508639229423302430898146252844289846039149197410697216001
93,111974139509525872971809770512372511217140508639229423302430898146252844289846039149197410697216001
205,111974139509488057397082814665227180880978546573787134855068467293071191962832205352805434396573697
255,111974139509525872971809770512372511217140508639229423302430898146252844289846039149197410697216001
129,111974139509525872971809770512372511217140508639229423302430898146252844289846039149197410697216001
31,111974139509525872971809770512372511217140508639229423302430898146252844289846039149197410697216001
21,223598905728157357712382811065956377588796227571956494011126488410146374670955309249481845441037824
242,111974139509525872971809770512372511217140508639229423302430898146252844289846039149197410697216001
134,199065136905756546483702781627070543788406305020066017520121719632126563489479476182765216705019912
144,111974139509525872971809770512372511217140508639229423302430898146252844289846039149197410697216001
52,111974139509525872971809770512372511217140508639229423302430898146252844289846039149197410697216001
231,111974139509525872971809770512372511217140508639229423302430898146252844289846039149197410697216001
97,212161527491733232999216967993907410195332111814267205270843651983564479256194928790072176258777106
258,111538442468632776189817480795759364806538628606203597755878028885436405869231748123098904596054529
237,111974139509488057397082814665227180880978546573787134855068467293071191962832205352805434396573697
329,111974139509525872971809770512372511217140508639229423302430898146252844289846039149197410697216001
307,111974139509525872971809770512372511217140508639229423302430898146252844289846039149197410697216001
136,99532568452878273241851390813535271894203152510033008760060859816063281744739738091382608352509957
95,111974139509525872971809770512372511217140508639229423302430898146252844289846039149197410697216001
104,191196949676344573611943955973695355121757706451174351251581612644985093807167940365427989807104222
76,111974139509525872971809770512372511217140508639229423302430898146252844289846039149197410697216001
25,111974139509525872971809770512372511217140508639229423302430898146252844289846039149197410697216001
28,111974139509525872971808955330117799825314170124196580559611927435770141829658434639204759692132353
241,111974139509525872959669509981537668591133731140738394771906888924579757887070469163264187408842753
257,111799452864078678856191405532978188794398113785978247005563244205073187335477654624740922720518913
27,111974139175469862312702582855013747103528855140254620824469497323078651863853098925175813082972161
272,111974139509525872971809770512372511217140508639229423302430898146252844289846039149197410697216001
140,111974139509525872971809770512372511217140508639229423302430898146252844289846039149197410697216001
16,223821568439093021729581951268831981159014723551407921560228852201783784717405571268569612991611392
334,111910784219546510864790975634415990579507361775703960780114426100891892358702785634284806495805697
83,111974139509525872971808955330117799825314170124196580559611927435770141829658434639204759692132353
244,111974139509525872971809770512372511217140508639229423302430898146252844289846039149197410697216001
208,199504037603514670133813274279163773758578515897836608478955561498449768075534787386793818517287937
3,223948279018976114794165629330454361761957093147574269710136934586142383925664410705610868793147392
7,111974139509525872971809770512372511217140508639229423302430898146252844289846039149197410697216001
186,111799452864078678856191405532978188794398113785978247005563244205073187335477654624740922720518913
227,111799452864078678856191405532978188794398113785978247005563244205073187335477654624740922720518913
256,111974139509525872971809770512372511217140508639229423302430898146252844289846039149197410697216001
206,98438803964418349865326554136367296549726742966326664228230265877600124685414008474026162366709805
193,111974139509525872971809770512372511217140508639229423302430898146252844289846039149197410697216001
175,170571923897599691786901782588615388135582947334922413221518827987486040527173458939014294756393089
15,111910784219546510864790975634415990579507361775703960780114426100891892358702785634284806495805697
87,111910784219546510864790975634415990579507361775703960780114426100891892358702785634284806495805697
47,111974139509525872971809770512372511217140508639229423302430898146252844289846039149197410697216001
276,111974139509525872959669509981537668591133731140738394771906888924579757887070469163264187408842753
125,170571923897599691786901782588615388135582947334922413221518827987486040527173458939014294756393089
90,111974139509525872971808955330117799825314170124196580559611927435770141829658434639204759692132353
20,111799452864078678856191405532978188794398113785978247005563244205073187335477654624740922720518913
303,111974139509525872971809770512372511217140508639229423302430898146252844289846039149197410697216001
137,99532568452878273241851390813535271894203152510033008760060859816063281744739738091382608352509957
278,95598474838172286805971977986847677560878853225587175625790806322492546903583970182713994903552112
228,111910784219546510864790975634415990579507361775703960780114426100891892358702785634284806495805697
68,111910784219546510864790975634415990579507361775703960780114426100891892358702785634284806495805697
10,111968127475189791045744169987781242894390595054872954608562311252392642794850611173941077950370177
163,111910784219546510864790975634415990579507361775703960780114426100891892358702785634284806495805697
61,111974139509525872971809770512372511217140508639229423302430898146252844289846039149197410697216001
197,94294012218548103555207541330625515642369827473007646787041623103806435224975523906698745003900941
304,111974139509525872971809770512372511217140508639229423302430898146252844289846039149197410697216001
331,111910784219546510864790975634415990579507361775703960780114426100891892358702785634284806495805697
254,111974139175469862312702582855013747103528855140254620824469497323078651863853098925175813082972161
30,111974139509467372701758714854365864951277315961302178924327011873022391086264992539554541406781441
99,106080763745866616499608483996953705097666055907133602635421825991782239628097464395036088129388554
305,111974139509525872971809770512372511217140508639229423302430898146252844289846039149197410697216001
58,111974139509525872971809770512372511217140508639229423302430898146252844289846039149197410697216001
170,111974139175469862312702582855013747103528855140254620824469497323078651863853098925175813082972161
51,111974139509525872971809770512372511217140508639229423302430898146252844289846039149197410697216001
103,223063107955735335880601281969311247642050657526370076460178548085815942775029263759665988108288252
106,111531553977867667940300640984655623821025328763185038230089274042907971387514631879832994054144127
203,111974139509525872971809770512372511217140508639229423302430898146252844289846039149197410697216001
43,111974139509525872971809770512372511217140508639229423302430898146252844289846039149197410697216001
265,111974139509525872971809770512372511217140508639229423302430898146252844289846039149197410697216001
124,111974139509525872971808955330117799825314170124196580559611927435770141829658434639204759692132353
344,111974139509525872959669509981537668591133731140738394771906888924579757887070469163264187408842753
185,111974139509525872959669509981537668591133731140738394771906888924579757887070469163264187408842753
224,111974139509525872971809770512372511217140508639229423302430898146252844289846039149197410697216001
54,111974139175469862312702582855013747103528855140254620824469497323078651863853098925175813082972161
149,111974139509525872971809770512372511217140508639229423302430898146252844289846039149197410697216001
283,111799452864078678856191405532978188794398113785978247005563244205073187335477654624740922720518913
0,111974139509525872971809770512372511217140508639229423302430898146252844289846039149197410697216001
85,111974139509525872971809770512372511217140508639229423302430898146252844289846039149197410697216001
330,111974139509525872959669509981537668591133731140738394771906888924579757887070469163264187408842753
160,197503282455158850486695389127799793921044475817607545041584740242320455499813155232529561841382937
216,94294012218548103555207541330625515642369827473007646787041623103806435224975523906698745003900941
195,111974139509525872971809770512372511217140508639229423302430898146252844289846039149197410697216001
306,111974139509525872959669509981537668591133731140738394771906888924579757887070469163264187408842753
296,111974139509488057397082814665227180880978546573787134855068467293071191962832205352805434396573697
45,111910784219546510864790975634415990579507361775703960780114426100891892358702785634284806495805697
309,111974139509525872959669509981537668591133731140738394771906888924579757887070469163264187408842753
204,111974139509525872971809770512372511217140508639229423302430898146252844289846039149197410697216001
135,99532568452878273241851390813535271894203152510033008760060859816063281744739738091382608352509957
341,111974139509467372701758714854365864951277315961302178924327011873022391086264992539554541406781441
301,111974139175469862312702582855013747103528855140254620824469497323078651863853098925175813082972161
145,110996231954668605240329965261245124889617678060727483387295067426806141800821801452175043096807041
290,111926059824230645238793612563589788011651959333705322592158110019193130636012556284729114876261377
181,110996231954668605240329965261245124889617678060727483387295067426806141800821801452175043096807041
164,110996231954668605240329965261245124889617678060727483387295067426806141800821801452175043096807041
80,111926059824230645238793612563589788011651959333705322592158110019193130636012556284729114876261377
340,111974139509525872971809770512372511217140508639229423302430898146252844289846039149197410697216001
122,109925304675874825591675727412225808174117919253476259154787288763063818060290924130464858200356377
89,111974139509525872971809770512372511217140508639229423302430898146252844289846039149197410697216001
318,111926059824230645238793612563589788011651959333705322592158110019193130636012556284729114876261377
56,223852119648461290477587225127179576023303918667410645184316220038386261272025112569458229752522752
312,111974139509525872959669509981537668591133731140738394771906888924579757887070469163264187408842753
245,111974139509525872971809770512372511217140508639229423302430898146252844289846039149197410697216001
232,111974139509525872971809770512372511217140508639229423302430898146252844289846039149197410697216001
70,111926059824230645238793612563589788011651959333705322592158110019193130636012556284729114876261377
159,111926059824230645238793612563589788011651959333705322592158110019193130636012556284729114876261377
123,219850609351749651183351454824451616348235838506952518309574577526127636120581848260929716400712752
314,109925304675874825591675727412225808174117919253476259154787288763063818060290924130464858200356377
19,111974139509525872959669509981537668591133731140738394771906888924579757887070469163264187408842753
299,94294012218548103555207541330625515642369827473007646787041623103806435224975523906698745003900941
161,223726780033628907437540086229697204855635632341153833702516620282156129567281443552040321242001561
146,221992463909337210480659930522490249779235356121454966774590134853612283601643602904350086193614080
178,110996231954668605240329965261245124889617678060727483387295067426806141800821801452175043096807041
293,146567072901166434122234303216301077565490559004635012206383051684085090747054565507286477600475170
153,111926059824230645238793612563589788011651959333705322592158110019193130636012556284729114876261377
55,111926059824230645238793612563589788011651959333705322592158110019193130636012556284729114876261377
199,110996231954668605240329965261245124889617678060727483387295067426806141800821801452175043096807041
215,111926059824230645238793612563589788011651959333705322592158110019193130636012556284729114876261377
98,188588024437096207110415082661251031284739654946015293574083246207612870449951047813397490007801880
292,110996231954668605240329965261245124889617678060727483387295067426806141800821801452175043096807041
23,223948279018934745403517429708731729902554631922604357848654023746044782172529985079109082813562880
333,223948279018993245673567670184483664776591486085498759483938939308792532915923427178759301098913793
324,110996231954668605240329965261245124889617678060727483387295067426806141800821801452175043096807041
214,111926059824230645238793612563589788011651959333705322592158110019193130636012556284729114876261377
294,73283536450583217061117151608150538782745279502317506103191525842042545373527282753643238800237586
251,111910784219546510864790975634415990579507361775703960780114426100891892358702785634284806495805697
