150,33526973747500600444737326220022469351374126253192110492420799670162449308685475548910627663643393
166,33537873283951248601162537681856704234131118362469952651186188220602110271039207972276288593080328
200,16741687801092627530271954835485862458943646919669402378530022202005696403816934474358492877554433
170,16768936579445561640461175561055226472754688636280267681452752760595450287804141970361865428008961
21,33483375602185255060543909670971724917887293839338804757060044404011392807633868948716985755108864
16,33514145007456711656725978798884896770872655124409859519278408155383123032267377617000906144889344
334,16757072503728355828362989399442448385436327562204929759639204077691561516133688808500453072444673
224,16768936641975624300581268840739773580670060163003036681590619036981810535230589594761921822720001
87,16757072503728355828362989399442448385436327562204929759639204077691561516133688808500453072444673
336,15719574069415514226231480012290500044023071783866374411725952971872666162254272081096280895002629
235,16768936579445561640461175561055226472754688636280267681452752760595450287804141970361865428008961
326,16768936641975624298763177087178176984161136663824957385306622762671000034957112592160147973865473
316,16768936641975624298763177087178176984161136663824957385306622762671000034957112592160147973865473
319,16768936579445561640461175561055226472754688636280267681452752760595450287804141970361865428008961
9,33537873283951248597526354174356353968322273327649914770613245525342000069914225184320295947730944
196,16768936641975624300581268840739773580670060163003036681590619036981810535230589594761921822720001
127,16768936641975624298763177087178176984161136663824957385306622762671000034957112592160147973865473
301,16768936579445561640461175561055226472754688636280267681452752760595450287804141970361865428008961
117,16768936641975624300581268840739773580670060163003036681590619036981810535230589594761921822720001
116,16768936641975624298763177087178176984161136663824957385306622762671000034957112592160147973865473
139,16768936641975624298763177087178176984161136663824957385306622762671000034957112592160147973865473
309,16768936641975624298763177087178176984161136663824957385306622762671000034957112592160147973865473
45,16757072503728355828362989399442448385436327562204929759639204077691561516133688808500453072444673
300,16768936579445561640461175561055226472754688636280267681452752760595450287804141970361865428008961
27,16768936579445561640461175561055226472754688636280267681452752760595450287804141970361865428008961
25,16768936641975624300581268840739773580670060163003036681590619036981810535230589594761921822720001
121,16768936579445561640461175561055226472754688636280267681452752760595450287804141970361865428008961
31,16768936641975624300581268840739773580670060163003036681590619036981810535230589594761921822720001
331,16757072503728355828362989399442448385436327562204929759639204077691561516133688808500453072444673
101,16768936641975624298763177087178176984161136663824957385306622762671000034957112592160147973865473
54,16768936579445561640461175561055226472754688636280267681452752760595450287804141970361865428008961
340,16768936641975624300581268840739773580670060163003036681590619036981810535230589594761921822720001
107,16768936641975624298763177087178176984161136663824957385306622762671000034957112592160147973865473
273,16768936641975624300581268840739773580670060163003036681590619036981810535230589594761921822720001
19,16768936641975624298763177087178176984161136663824957385306622762671000034957112592160147973865473
228,16757072503728355828362989399442448385436327562204929759639204077691561516133688808500453072444673
291,16768936579445561640461175561055226472754688636280267681452752760595450287804141970361865428008961
271,16768936579445561640461175561055226472754688636280267681452752760595450287804141970361865428008961
310,16768936641975624300581268840739773580670060163003036681590619036981810535230589594761921822720001
277,16768936641975624298763177087178176984161136663824957385306622762671000034957112592160147973865473
126,16768936641975624298763177087178176984161136663824957385306622762671000034957112592160147973865473
187,16768936641975624300581268840739773580670060163003036681590619036981810535230589594761921822720001
217,16768936579445561640461175561055226472754688636280267681452752760595450287804141970361865428008961
245,16768936641975624300581268840739773580670060163003036681590619036981810535230589594761921822720001
131,16768936641975624300581268840739773580670060163003036681590619036981810535230589594761921822720001
260,16768936579445561640461175561055226472754688636280267681452752760595450287804141970361865428008961
236,16768936641975624298763177087178176984161136663824957385306622762671000034957112592160147973865473
338,16768936641975624298763177087178176984161136663824957385306622762671000034957112592160147973865473
95,16768936641975624300581268840739773580670060163003036681590619036981810535230589594761921822720001
104,28633125017128338726684221894069494809681683756590165400976867288443249609563694485917589831680222
225,16768936641975624298763177087178176984161136663824957385306622762671000034957112592160147973865473
4,16768936579445561640461175561055226472754688636280267681452752760595450287804141970361865428008961
163,16757072503728355828362989399442448385436327562204929759639204077691561516133688808500453072444673
76,16768936641975624300581268840739773580670060163003036681590619036981810535230589594761921822720001
249,16768936641975624300581268840739773580670060163003036681590619036981810535230589594761921822720001
221,16768936641975624300581268840739773580670060163003036681590619036981810535230589594761921822720001
223,16768936641975624300581268840739773580670060163003036681590619036981810535230589594761921822720001
185,16768936641975624298763177087178176984161136663824957385306622762671000034957112592160147973865473
280,19088750011418892484456147929379663206454455837726776933984578192295499739709129657278393221120150
251,16757072503728355828362989399442448385436327562204929759639204077691561516133688808500453072444673
13,16768936641975624298763177087178176984161136663824957385306622762671000034957112592160147973865473
51,16768936641975624300581268840739773580670060163003036681590619036981810535230589594761921822720001
242,16768936641975624300581268840739773580670060163003036681590619036981810535230589594761921822720001
285,16768936641975624300581268840739773580670060163003036681590619036981810535230589594761921822720001
78,16768936641975624300581268840739773580670060163003036681590619036981810535230589594761921822720001
66,16768936641975624298763177087178176984161136663824957385306622762671000034957112592160147973865473
344,16768936641975624298763177087178176984161136663824957385306622762671000034957112592160147973865473
120,16768936579445561640461175561055226472754688636280267681452752760595450287804141970361865428008961
141,16768936641975624298763177087178176984161136663824957385306622762671000034957112592160147973865473
5,33537873158891123280922351122110452945509377272560535362905505521190900575608283940723730856017920
327,16768936579445561640461175561055226472754688636280267681452752760595450287804141970361865428008961
20,16741687801092627530271954835485862458943646919669402378530022202005696403816934474358492877554433
167,24524810189965971926794762522908748074933431123514055286293201129640207503377434600089108787636233
282,16768936641975624298763177087178176984161136663824957385306622762671000034957112592160147973865473
33,29693611128873832753598452334590587210040264636463875230642677188015221817325312800210833899520232
226,16768936641975624300581268840739773580670060163003036681590619036981810535230589594761921822720001
108,16768936641975624298763177087178176984161136663824957385306622762671000034957112592160147973865473
65,16768936641975624300581268840739773580670060163003036681590619036981810535230589594761921822720001
176,16768936641975624298763177087178176984161136663824957385306622762671000034957112592160147973865473
210,16768936641975624298763177087178176984161136663824957385306622762671000034957112592160147973865473
329,16768936641975624300581268840739773580670060163003036681590619036981810535230589594761921822720001
286,16768936641975624298763177087178176984161136663824957385306622762671000034957112592160147973865473
272,16768936641975624300581268840739773580670060163003036681590619036981810535230589594761921822720001
276,16768936641975624298763177087178176984161136663824957385306622762671000034957112592160147973865473
69,16768936641975624298763177087178176984161136663824957385306622762671000034957112592160147973865473
103,33405312519983061847798258876414410611295297716021859634473011836517124544490976900237188136960252
67,16768936641975624300581268840739773580670060163003036681590619036981810535230589594761921822720001
8,16768936641975624298763177087178176984161136663824957385306622762671000034957112592160147973865473
151,16768936641975624300581268840739773580670060163003036681590619036981810535230589594761921822720001
248,16768936579445561640461175561055226472754688636280267681452752760595450287804141970361865428008961
75,29483844645231866902120036348344318258073168832117732580088198461500672909001184775336408643010648
219,16584662612942925132442520445943679020166157468066224576299611634594128511313166436126729861693486
335,31439148138831028452462960024581000088046143567732748823451905943745332324508544162192561790005256
29,33537873283951248601161541346241662018558229546533920809850325749957015433988847681945164831424512
1,33537873283951248601162537681479547161340120326006073363181238073963621070461179189523843645440000
320,33536972938359733131401432646910916837926393074453697361211756698444856946405596339075802736923009
32,14846805564436916376799226167295293605020132318231937615321338594007610908662656400105416949760117
174,16768936641975624300580770673120831009279114773266960404925162874978507716994423840972582415712257
12,16768936579445561640461175561055226472754688636280267681452752760595450287804141970361865428008961
252,16768936641975624300581268840739773580670060163003036681590619036981810535230589594761921822720001
322,16768936641975624300580770673120831009279114773266960404925162874978507716994423840972582415712257
247,14741922322615933451060018174172159129036584416058866290044099230750336454500592387668204321505325
83,16768936641975624300580770673120831009279114773266960404925162874978507716994423840972582415712257
115,16768936641975624298763177087178176984161136663824957385306622762671000034957112592160147973865473
183,16768036296384108830820163806171143257256332911450660679621137661463046411175006744313880914203009
278,14316562508564169363342110947034747404840841878295082700488433644221624804781847242958794915840112
97,31772722058480130253731986538544732438634112201979503925121361236801383042726276751316471945560082
154,16768936579445561640461175561055226472754688636280267681452752760595450287804141970361865428008961
184,16768936579445561640461175561055226472754688636280267681452752760595450287804141970361865428008961
266,16703687861267547941434541993458882250488145455083042271053858739278202239496391063381249410204161
189,16768936641975624298763177087178176984161136663824957385306622762671000034957112592160147973865473
57,16768936641975624298763177087178176984161136663824957385306622762671000034957112592160147973865473
152,16703687861267547941434541993458882250488145455083042271053858739278202239496391063381249410204161
113,16768936641968169291976313470660224702266757791720894176521495774616658136542742756933037794852865
287,16768936579445561640461175561055226472754688636280267681452752760595450287804141970361865428008961
0,16768936641975624300581268840739773580670060163003036681590619036981810535230589594761921822720001
254,16768936579445561640461175561055226472754688636280267681452752760595450287804141970361865428008961
232,16768936641975624300581268840739773580670060163003036681590619036981810535230589594761921822720001
177,16768936641975624300580770673120831009279114773266960404925162874978507716994423840972582415712257
313,16768936641975624298763177087178176984161136663824957385306622762671000034957112592160147973865473
243,16768936641975624300581268840739773580670060163003036681590619036981810535230589594761921822720001
158,16768936641975624298763177087178176984161136663824957385306622762671000034957112592160147973865473
343,16768036296384108830820163806171143257256332911450660679621137661463046411175006744313880914203009
262,16703687861267547941434541993458882250488145455083042271053858739278202239496391063381249410204161
307,16768936641975624300581268840739773580670060163003036681590619036981810535230589594761921822720001
237,16768936641968169291976313470660224702266757791720894176521495774616658136542742756933037794852865
52,16768936641975624300581268840739773580670060163003036681590619036981810535230589594761921822720001
38,13267730090354340105954016356754943216132925974452979661039689307675302809050533148901383889354791
194,16768936641975624298763177087178176984161136663824957385306622762671000034957112592160147973865473
241,16768936641975624298763177087178176984161136663824957385306622762671000034957112592160147973865473
144,16768936641975624300581268840739773580670060163003036681590619036981810535230589594761921822720001
209,16768936641975624300581268840739773580670060163003036681590619036981810535230589594761921822720001
136,14905721459527261592867834196142421957570451370418572601352440688548140565815771339496033595424773
302,16768936641975624298763177087178176984161136663824957385306622762671000034957112592160147973865473
182,16768936641975624300581268840739773580670060163003036681590619036981810535230589594761921822720001
106,16702656259991530923899129438207205305647648858010929817236505918258562272245488450118594068480127
208,29429633881357864673065905546779046163004840107102871142680860333523010834292131130335594076845057
3,33537873283936338583952626941320449404533515583441788353042991549233316273085485513866075589705728
10,16768036296384108830820163806171143257256332911450660679621137661463046411175006744313880914203009
36,33190339885626277273375994337988242323641401226788936602961427123720669185006198916580052943577520
288,16703687861267547941434541993458882250488145455083042271053858739278202239496391063381249410204161
96,16768936641975624298763177087178176984161136663824957385306622762671000034957112592160147973865473
35,16595169942813138636687997168994121161820700613394468301480713561860334592503099458290026471788761
317,16768936641968169291976313470660224702266757791720894176521495774616658136542742756933037794852865
14,16768936641968169291976313470660224702266757791720894176521495774616658136542742756933037794852865
206,14741922322615933451060018174172159129036584416058866290044099230750336454500592387668204321505325
222,16768936641975624298763177087178176984161136663824957385306622762671000034957112592160147973865473
112,13267730090354340105954016356754943216132925974452979661039689307675302809050533148901383889354791
68,16757072503728355828362989399442448385436327562204929759639204077691561516133688808500453072444673
48,16768936641975624298763177087178176984161136663824957385306622762671000034957112592160147973865473
18,33407375722535095882869083986917764500976290910166084542107717478556404478992782126762498820408320
64,16768936641975624300581268840739773580670060163003036681590619036981810535230589594761921822720001
274,16768936641975624300580770673120831009279114773266960404925162874978507716994423840972582415712257
43,16768936641975624300581268840739773580670060163003036681590619036981810535230589594761921822720001
172,16768936641975624298763177087178176984161136663824957385306622762671000034957112592160147973865473
88,16768936641975624298763177087178176984161136663824957385306622762671000034957112592160147973865473
339,16768936641975624298763177087178176984161136663824957385306622762671000034957112592160147973865473
191,16768936641975624298763177087178176984161136663824957385306622762671000034957112592160147973865473
168,16768936641975624300581268840928352117065559181234976325593094110301055135519603986138144296540165
49,14846805564436916376799226167295293605020132318231937615321338594007610908662656400105416949760117
159,16760856094321755726262539468133870753880875500363420552689635759154686165556094064203216767759361
89,16768936641975624300581268840739773580670060163003036681590619036981810535230589594761921822720001
73,16768936641968169291976313470660224702266757791720894176521495774616658136542742756933037794852865
315,16768936641975624298763177087178176984161136663824957385306622762671000034957112592160147973865473
240,16768936641968169291976313470660224702266757791720894176521495774616658136542742756933037794852865
70,16760856094321755726262539468133870753880875500363420552689635759154686165556094064203216767759361
130,16595169942813138636687997168994121161820700613394468301480713561860334592503099458290026471788761
265,16768936641975624300581268840739773580670060163003036681590619036981810535230589594761921822720001
81,16768936641975624300581268840739773580670060163003036681590619036981810535230589594761921822720001
41,16768936579445561640461175561055226472754688636280267681452752760595450287804141970361865428008961
99,15886361029240065126865993269272366219317056100989751962560680618400691521363138375658235972780042
156,16768936641975624298763177087178176984161136663824957385306622762671000034957112592160147973865473
114,16768936641968169291976313470660224702266757791720894176521495774616658136542742756933037794852865
60,14846805564436916376799226167295293605020132318231937615321338594007610908662656400105416949760117
267,16768936641968169291976313470660224702266757791720894176521495774616658136542742756933037794852865
239,31346432114202595202632883541433339972327990047522884569463570061291743119172521198992272224489897
215,16760856094321755726262539468133870753880875500363420552689635759154686165556094064203216767759361
146,33240951956975037036124347396504437098799776790385734503200842095036553631120256084979514923420928
161,33500646894138904512969068860539628013634150046560623054007098673904026706363383085643417383760025
234,16710414178527118766109441593778802558777788812098596553574329628262142471617704315639262766731666
143,14751262171389456565944886372439218810507289434128416267982856499431408526669421740702245752701137
110,16768036296384108830820163806171143257256332911450660679621137661463046411175006744313880914203009
259,14751262171389456565944886372439218810507289434128416267982856499431408526669421740702245752701137
137,14905721459527261592867834196142421957570451370418572601352440688548140565815771339496033595424773
318,16760856094321755726262539468133870753880875500363420552689635759154686165556094064203216767759361
56,33521712188643511452525078936267741507761751000726841105379271518309372331112188128406433535518720
134,29811442919054523185735668392284843915140902740837145202704881377096281131631542678992067190849544
188,16768936641975624300581268840739773580670060163003036681590619036981810535230589594761921822720001
34,16768936641975624298763177087178176984161136663824957385306622762671000034957112592160147973865473
173,16741687801092627530271954835485862458943646919669402378530022202005696403816934474358492877554433
268,16703687861267547941434541993458882250488145455083042271053858739278202239496391063381249410204161
47,16768936641975624300581268840739773580670060163003036681590619036981810535230589594761921822720001
39,26535460180708680211908032713509886432265851948905959322079378615350605618101066297802767778709580
93,16768936641975624300581268840739773580670060163003036681590619036981810535230589594761921822720001
312,16768936641975624298763177087178176984161136663824957385306622762671000034957112592160147973865473
198,16768036296384108830820163806171143257256332911450660679621137661463046411175006744313880914203009
79,16768036296384108830820163806171143257256332911450660679621137661463046411175006744313880914203009
160,29093375496583932681135489308486468285231249237553712660561205400726481952005213699197074954860057
11,33536072592768217661640327612342286514512665822901321359242275322926092822350013488627761828406016
145,16620475978487518518062173698252218549399888395192867251600421047518276815560128042489757461710465
28,16768936641975624300580770673120831009279114773266960404925162874978507716994423840972582415712257
186,16741687801092627530271954835485862458943646919669402378530022202005696403816934474358492877554433
205,16768936641968169291976313470660224702266757791720894176521495774616658136542742756933037794852865
244,16768936641975624300581268840739773580670060163003036681590619036981810535230589594761921822720001
133,29502524342778913131889772744878437621014578868256832535965712998862817053338843481404491505402272
308,14751262171389456565944886372439218810507289434128416267982856499431408526669421740702245752701137
24,16768936641975624300581268840739773580670060163003036681590619036981810535230589594761921822720001
264,16768936641975624298763177087178176984161136663824957385306622762671000034957112592160147973865473
132,14751262171389456565944886372439218810507289434128416267982856499431408526669421740702245752701137
37,16768936641975624298763177087178176984161136663824957385306622762671000034957112592160147973865473
100,16768936641975624300580770673120831009279114773266960404925162874978507716994423840972582415712257
58,16768936641975624300581268840739773580670060163003036681590619036981810535230589594761921822720001
325,16768936641975624300580770673120831009279114773266960404925162874978507716994423840972582415712257
171,16768936641968169291976313470660224702266757791720894176521495774616658136542742756933037794852865
181,16620475978487518518062173698252218549399888395192867251600421047518276815560128042489757461710465
135,14905721459527261592867834196142421957570451370418572601352440688548140565815771339496033595424773
128,16703687861267547941434541993458882250488145455083042271053858739278202239496391063381249410204161
292,16620475978487518518062173698252218549399888395192867251600421047518276815560128042489757461710465
55,16760856094321755726262539468133870753880875500363420552689635759154686165556094064203216767759361
306,16768936641975624298763177087178176984161136663824957385306622762671000034957112592160147973865473
44,16768936641968169291976313470660224702266757791720894176521495774616658136542742756933037794852865
122,16424597709547823734332123229841292876107284630814262070569980826358157283269176633064697645774361
193,16768936641975624300581268840739773580670060163003036681590619036981810535230589594761921822720001
149,16768936641975624300581268840739773580670060163003036681590619036981810535230589594761921822720001
289,16768936641975624298763177087178176984161136663824957385306622762671000034957112592160147973865473
6,16768936579445561640461175561055226472754688636280267681452752760595450287804141970361865428008961
230,16768936641975624298763177087178176984161136663824957385306622762671000034957112592160147973865473
269,16768936641975624300581268840739773580670060163003036681590619036981810535230589594761921822720001
164,16620475978487518518062173698252218549399888395192867251600421047518276815560128042489757461710465
314,16424597709547823734332123229841292876107284630814262070569980826358157283269176633064697645774361
123,32849195419095647468664246459682585752214569261628524141139961652716314566538353266129395291548720
190,16768936641975624298763177087178176984161136663824957385306622762671000034957112592160147973865473
155,26411208171277334077413540691252472404931920354577839312704348672615655205680196144074797746503681
305,16768936641975624300581268840739773580670060163003036681590619036981810535230589594761921822720001
162,16768936641975624300581268840739773580670060163003036681590619036981810535230589594761921822720001
124,16768936641975624300580770673120831009279114773266960404925162874978507716994423840972582415712257
324,16620475978487518518062173698252218549399888395192867251600421047518276815560128042489757461710465
297,16768936641975624300581268840739773580670060163003036681590619036981810535230589594761921822720001
98,28242419607537893558872876923150873278785877512870670155663432210490118260201134890059086173831192
40,16768936641975624298763177087178176984161136663824957385306622762671000034957112592160147973865473
92,16768936641975624298763177087178176984161136663824957385306622762671000034957112592160147973865473
201,22322250401456836707029273113981149945258195892892536504706696269340928538422579299144657170072578
23,33537873283902888502854760450011726511110433539564693663716437565636836799725962094626321108828160
333,33537873283927068552008150898126694264834331543049307236783381657796926116857404888285742970126337
80,16760856094321755726262539468133870753880875500363420552689635759154686165556094064203216767759361
50,16741687801092627530271954835485862458943646919669402378530022202005696403816934474358492877554433
299,14121209803768946779436438461575436639392938756435335077831716105245059130100567445029543086915597
216,14121209803768946779436438461575436639392938756435335077831716105245059130100567445029543086915597
214,16760856094321755726262539468133870753880875500363420552689635759154686165556094064203216767759361
74,14741922322615933451060018174172159129036584416058866290044099230750336454500592387668204321505325
197,14121209803768946779436438461575436639392938756435335077831716105245059130100567445029543086915597
153,16760856094321755726262539468133870753880875500363420552689635759154686165556094064203216767759361
303,16768936641975624300581268840739773580670060163003036681590619036981810535230589594761921822720001
157,16768936641975624298763177087178176984161136663824957385306622762671000034957112592160147973865473
17,16703687861267547941434541993458882250488145455083042271053858739278202239496391063381249410204161
15,16757072503728355828362989399442448385436327562204929759639204077691561516133688808500453072444673
142,16768936641975624300580770673120831009279114773266960404925162874978507716994423840972582415712257
202,11161125200728418353514636556990574972629097946446268252353348134670464269211289649572328585036290
147,16768936641975624300581268840739773580670060163003036681590619036981810535230589594761921822720001
227,16741687801092627530271954835485862458943646919669402378530022202005696403816934474358492877554433
148,16768936641975624300581268840739773580670060163003036681590619036981810535230589594761921822720001
293,21899463612730431645776164306455057168143046174419016094093307768477543044358902177419596861032482
85,16768936641975624300581268840739773580670060163003036681590619036981810535230589594761921822720001
199,16620475978487518518062173698252218549399888395192867251600421047518276815560128042489757461710465
138,16768936579445561640461175561055226472754688636280267681452752760595450287804141970361865428008961
311,16768936641951444251427380225005863255555216769782346831858218782818418399862981047313160554414081
90,16768936641975624300580770673120831009279114773266960404925162874978507716994423840972582415712257
169,23866607328219647963034053449718041103416501669243154364522032306724724000888787037341006912553089
295,16768936641951444251427380225005863255555216769782346831858218782818418399862981047313160554414081
211,16768936641951444251427380225005863255555216769782346831858218782818418399862981047313160554414081
233,33420828357054237532218883187557605117555577624197193107148659256524284943235408631278525533463330
213,23866607328219647963034053449718041103416501669243154364522032306724724000888787037341006912553089
284,16595169942813138636687997168994121161820700613394468301480713561860334592503099458290026471788761
304,16768936641975624300581268840739773580670060163003036681590619036981810535230589594761921822720001
218,33169325225885850264885040891887358040332314936132449152599223269188257022626332872253459723386970
118,16768936641951444251427380225005863255555216769782346831858218782818418399862981047313160554414081
261,23866607328219647963034053449718041103416501669243154364522032306724724000888787037341006912553089
192,16768936641975624300581268840739773580670060163003036681590619036981810535230589594761921822720001
220,16768936641975624298763177087178176984161136663824957385306622762671000034957112592160147973865473
178,16620475978487518518062173698252218549399888395192867251600421047518276815560128042489757461710465
321,33472624503243172242015312666579713259767260228350002675979021614256709956490814904353831825916417
105,16702656259991530923899129438207205305647648858010929817236505918258562272245488450118594068480127
59,16768936641951444251427380225005863255555216769782346831858218782818418399862981047313160554414081
109,16768936641951444251427380225005863255555216769782346831858218782818418399862981047313160554414081
330,16768936641975624298763177087178176984161136663824957385306622762671000034957112592160147973865473
207,16768936641951444251427380225005863255555216769782346831858218782818418399862981047313160554414081
30,16768936641951444251427380225005863255555216769782346831858218782818418399862981047313160554414081
256,16768936641975624300581268840739773580670060163003036681590619036981810535230589594761921822720001
195,16768936641975624300581268840739773580670060163003036681590619036981810535230589594761921822720001
279,16768936641951444251427380225005863255555216769782346831858218782818418399862981047313160554414081
337,16768936641975624298763177087178176984161136663824957385306622762671000034957112592160147973865473
62,16703687861267547941434541993458882250488145455083042271053858739278202239496391063381249410204161
203,16768936641975624300581268840739773580670060163003036681590619036981810535230589594761921822720001
332,16768936641951444251427380225005863255555216769782346831858218782818418399862981047313160554414081
298,16768936641951444251427380225005863255555216769782346831858218782818418399862981047313160554414081
140,16768936641975624300581268840739773580670060163003036681590619036981810535230589594761921822720001
84,16768936641975624300581268840739773580670060163003036681590619036981810535230589594761921822720001
281,9544375005709446242228073964689831603227227918863388466992289096147749869854564828639196610560076
253,16768936641951444251427380225005863255555216769782346831858218782818418399862981047313160554414081
42,16768936641975624298763177087178176984161136663824957385306622762671000034957112592160147973865473
255,16768936641975624300581268840739773580670060163003036681590619036981810535230589594761921822720001
257,16741687801092627530271954835485862458943646919669402378530022202005696403816934474358492877554433
250,16768936641975624298763177087178176984161136663824957385306622762671000034957112592160147973865473
61,16768936641975624300581268840739773580670060163003036681590619036981810535230589594761921822720001
179,16768936641951444251427380225005863255555216769782346831858218782818418399862981047313160554414081
258,16703687861267547941434541993458882250488145455083042271053858739278202239496391063381249410204161
91,16768936579445561640461175561055226472754688636280267681452752760595450287804141970361865428008961
283,16741687801092627530271954835485862458943646919669402378530022202005696403816934474358492877554433
270,16768936641975624300581268840739773580670060163003036681590619036981810535230589594761921822720001
212,16768936641975624298763177087178176984161136663824957385306622762671000034957112592160147973865473
231,16768936641975624300581268840739773580670060163003036681590619036981810535230589594761921822720001
77,16768036296384108830820163806171143257256332911450660679621137661463046411175006744313880914203009
341,16768936641951444251427380225005863255555216769782346831858218782818418399862981047313160554414081
204,16768936641975624300581268840739773580670060163003036681590619036981810535230589594761921822720001
125,23866607328219647963034053449718041103416501669243154364522032306724724000888787037341006912553089
290,16760856094321755726262539468133870753880875500363420552689635759154686165556094064203216767759361
7,16768936641975624300581268840739773580670060163003036681590619036981810535230589594761921822720001
111,16768936641951444251427380225005863255555216769782346831858218782818418399862981047313160554414081
238,16768936641951444251427380225005863255555216769782346831858218782818418399862981047313160554414081
180,16768936641951444251427380225005863255555216769782346831858218782818418399862981047313160554414081
82,16768936641951444251427380225005863255555216769782346831858218782818418399862981047313160554414081
22,16768936641951444251427380225005863255555216769782346831858218782818418399862981047313160554414081
71,23866607328219647963034053449718041103416501669243154364522032306724724000888787037341006912553089
94,16768936641951444251427380225005863255555216769782346831858218782818418399862981047313160554414081
26,16768936641951444251427380225005863255555216769782346831858218782818418399862981047313160554414081
296,16768936641968169291976313470660224702266757791720894176521495774616658136542742756933037794852865
323,16768936641951444251427380225005863255555216769782346831858218782818418399862981047313160554414081
165,16768936641975624300580770673120831009279114773266960404925162874978507716994423840972582415712257
246,16768936641975624298763177087178176984161136663824957385306622762671000034957112592160147973865473
53,16768936641975624300581268840739773580670060163003036681590619036981810535230589594761921822720001
102,16768936641951444251427380225005863255555216769782346831858218782818418399862981047313160554414081
342,16561231601292475327082237524328414978342998098741884242882231555781379735726880643398308168990849
72,33122463202584950654164475048656829956685996197483768485764463111562759471453761286796616337981696
294,10949731806365215822888082153227528584071523087209508047046653884238771522179451088709798430516242
263,23866607328219647963034053449718041103416501669243154364522032306724724000888787037341006912553089
86,16768936641975624298763177087178176984161136663824957385306622762671000034957112592160147973865473
2,16768936641968169291976313470660224702266757791720894176521495774616658136542742756933037794852865
275,16768936641951444251427380225005863255555216769782346831858218782818418399862981047313160554414081
63,16768936641951444251427380225005863255555216769782346831858218782818418399862981047313160554414081
229,16768936641968169291976313470660224702266757791720894176521495774616658136542742756933037794852865
328,16768936641951444251427380225005863255555216769782346831858218782818418399862981047313160554414081
46,16768936579445561640461175561055226472754688636280267681452752760595450287804141970361865428008961
175,23866607328219647963034053449718041103416501669243154364522032306724724000888787037341006912553089
129,16768936641975624300581268840739773580670060163003036681590619036981810535230589594761921822720001
119,16768936641951444251427380225005863255555216769782346831858218782818418399862981047313160554414081
