62,10481423714465899093220642770549068346483275899994175295666429049221838425037
58,10482382668272342352601975808734730786639338262638718538323642091192232504366
64,10481423532731640797934547381154120149108109963887663815312747985605252467539
32,5241351175954012754939401710644145971729756500014712599172572644128771411585
13,5241351175954012754939401710644145971729756500014712599172572644128771411585
70,10472474474573843163958914906625625108629130653673203461920879858046415432787
3,9365336436263836172780647718736891739624047725910399633454296330086972926338
11,10482702351908025509878803421288291943459513000029425198345145288257542823168
14,5241351175954012754939401710644145971729756500014712599172572644128771411585
15,5241351175954012754939401710644145971729756500014712599172572644128771411585
2,9365336436263836172780647718736891739624047725910399633454296330086972926338
10,5241351175954012754939401710644145971729756500014712599172572644128771411585
8,5235259617223865305282324537810921827316323278115309811825036863204165501377
6,5235259617223865305282324537810921827316323278115309811825036863204165501377
4,5235259617223865305282324537810921827316323278115309811825036863204165501377
5,5235259617223865305282324537810921827316323278115309811825036863204165501377
9,5235259617223865305282324537810921827316323278115309811825036863204165501377
0,10470519234447730610564649075621843654632646556230619623650073726408331002752
1,5235259617223865305282324537810921827316323278115309811825036863204165501377
27,10482636839128096682838495435510046607995097751181688140869915023694357590200
33,7862035454381738267155633170782422674912326327862731103196151520639355289565
7,5235259617223865305282324537810921827316323278115309811825036863204165501377
44,7862035120146282917392248391095461924043282360426855886975719559866688083763
45,4866971798169162348591173630830222191324450102369016820618695602285980876467
28,9733943596338324697182347261660444382648900204738033641237391204571961752932
69,10472474486661432000785653202253971833624955653507239529021097343193001382280
68,10472474486661432000785653202253971833624955653507239529021097343193001382280
71,10462235597071621688211947570811894962439491905474160277849016975257644554952
75,10400819013493281399867192516111445541302076703489915667594860367292562081428
12,7864785761759481135645622303533564605564431120177878374727528500440406969655
16,10462897432284082834795255669838016856601221159689143449217997888516932249089
23,10482491330164234177237858214060049612165996124791135992390673899602426356076
22,10401446622150024319058706405503046357970734438731003418728561841856513683505
43,9172567279021856290109484292578041261835192231132767614062106206398152094273
26,10477871158750332680405909630331928438132089630373847648946169697402325221656
72,9172567279021856290109484292578041261835192231132767614062106206398152094273
51,10405877565912523183010700953158975915915454645301579923194327735890386217032
53,5202938782956261591505350476579487957957727322650789961597163867945193108517
21,10401446622150024319058706405503046357970734438731003418728561841856513683505
30,7779264055936393629712760427018917615935472221658937245946131261072610356414
31,9808431883806401414483785852000096336551483475965974403600943500270756089462
56,7860526935823529616422783154766642578225216402243506316250613364215519793773
49,10402082894277931184818947974583380745860642477943834677954641445851251683976
55,10482685224024656260534925662684632903065760811447830549164685410431662894304
54,9843450741910977135940719285218416937288118407501100653973272659151289285433
50,7860031503026098221031527518987602020288266918935986177868565825532902708026
24,10477640038781327538053781000121787759309216611503871326008853763216713031466
29,10443882889244489172364061246734723124297784793003119790419371763471629809738
38,10321565812979302259299965135126631235264788584426752791682721907588770812110
39,9094841090431522883759347560717304114425458313302347077537270083969198092506
52,7685015330751155109450700282449836316922028354317481816229964622609286469042
20,10401446622150024319058706405503046357970734438731003418728561841856513683505
37,10321565812979302259299965135126631235264788584426752791682721907588770812110
36,10321565812979302259299965135126631235264788584426752791682721907588770812110
19,10401446622150024319058706405503046357970734438731003418728561841856513683505
35,10321565812979302259299965135126631235264788584426752791682721907588770812110
34,10321565812979302259299965135126631235264788584426752791682721907588770812110
18,10401446622150024319058706405503046357970734438731003418728561841856513683505
17,10401446622150024319058706405503046357970734438731003418728561841856513683505
42,9172341473439803087788178044778087967481158156699070403711000170059593725968
41,10477591822882793781322103424053026583783002844025117741814456514490963804584
65,10480144673704020872746751802299275717231251063739258507294307322465904504531
66,10472465828628666615703093520839323518516223992852930528190227445011081802295
76,10400805627664408903187985645536711683426816614506188477504298970882303049259
63,10480144673704020872746751802299275717231251063739258507294307322465904504531
40,5241277134323090221930536349277080358625293329317862875081518641272909077697
25,10482554268646180443861072698554160717250586658635725750163037282545818155392
74,7487643857742659522812022374157236562121969888896095316214386225375408109167
48,10482701400839723331936831323820131186970757844454533442700140715525571352831
47,6988467600559815554624554215880087457980505229636355628466760477017047568556
73,7487643857742659522812022374157236562121969888896095316214386225375408109167
46,3494233800279907777312277107940043728990252614818177814233380238508523784279
60,10462229158117677350099486779042890246471984192493929709605160184045878505365
67,5238791120508865513538582183770051994168965289073479310935194804690491638987
57,10477582241017731027077164367540103988337930578146958621870389609380983277972
59,10477586739187303627458871891069913425228670663188778484724644540670016302453
61,10477586739187303627458871891069913425228670663188778484724644540670016302453
