219,5517608385707253136460297627019432916276440157981734504940611137067
348,5518075546444759324881243194176658177723758547804036995121710263435
1181,5659385247724725283325924139371243166401581766513031235828186259008
477,5488927685096756534175418527367479345948452344513813663454966919179
218,5517825288977824530544813807013810361769812840714010497593800961835
1079,5488719266009302244353594228710541407199456152495275676608116637915
21,3784116423712067127785686337012984802946691826340375058823527216002
1170,5676174635568100691678529505519477204420037739510562588235290824000
37,2843173883771873241961606673775852517695175831828953545174712451073
1158,5686347767543746483923213347551705035390351663657907090349424902144
23,3789785789659437806980392856744522942738488389686035545353453605250
29,5663479982234967613942464985353849310049183879041846290018587082097
606,5527038311297026910357093860358691134323776681137356586444862804083
391,5483316018260614306243286171667974290490036888260569991148443222475
1135,5679665964234807938882822525503862748482416568169674458882045137745
30,1895360724552188813767702443525649115703956136441652149662549473922
216,5204169500829030946035417501397460478328445313897109878117728447355
41,2835214384279893892842434390561384585645860271303598407802601368913
1169,5670428768559787785684868781122769171291720542607196815605202737824
1153,5686309405654307901772600471523438004295401695996864631767180619136
35,2843154702827153950886300235761719002147700847998432315883590309569
13,4264760825657809862942410010663778776542763747743430317762068676611
1154,5686082173656566441303107330576947347111868409324956448987648421760
31,3790721449104377627535404887051298231407912272883304299325098947842
347,5518112559979612446664935258765632978642512857790838001552099654987
217,5356970828098074638037734350626270626681965792839118981317304478932
1078,5462982315272963825601636348174645986801084887038803270019661569467
1120,5300254286195467439604763642660953611747895348091640992623781233076
33,3789212576232416266296037080630164657640166680730523343590143723586
1160,5683818864348624399444055620945246986460250021095785015385215585376
24,1895218694818632744642028871720357172767929637444056738200265850786
1148,5686348225160925641218025318797345006589419241846786258339734978560
1138,2843174112580462820609012659398672503294709620923393129169867489281
1178,5659087820482148344850247821923455629153202728998118678028675027400
46,2829543910241074172425123910961727814576601364499059339014337513701
1172,5685656084455898233926086615161071518303788912332170214600797552352
43,2842828042227949116963043307580535759151894456166085107300398776177
476,5489181206534519302130974270843384412032459087286175639300299014091
1142,5658476590843004545082850156012833694428304110220853477816770837125
864,5432907185457654430191727205646650996918105589821967879937731942145
44,2829216124462805672608515982872875467709256277976171037892419615365
1175,5658432248925611345217031965745750935418512555952342075784839230728
32,1894606288116208133148018540315082328820083340365261671795071861794
1121,5462982315272963825601636348174645986801084887038803270019661569467
20,1892058211856033563892843168506492401473345913170187529411763608002
1144,5566701506232825019825584068780301383818129950833191332137811582045
390,5540167352595370882574241227848999339639154268156486460430400773387
605,5524624358247137647899716030416162996708679658691694605797208456259
262,5444335798867158910716305480920804185469483172359372385561517195579
475,5300943453503668419813309442295634336052973689962737720633490239636
1159,5626789641006789997008801146998432982339783241806362718303633023616
38,2813394820503394998504400573499216491169891620903181359151816511809
1077,5300254286195467439604763642660953611747895348091640992623781233076
45,2728512673588452169303140904911117684509037727427904719797684558941
1177,5457025347176904338606281809822235369018075454855809439595369117880
1119,5120952828102242069676721589402941649035669250447003038396418687627
1126,5658343565090824945125391161902634864689528693959938573140727558725
1136,5636028092706838171843486926376349637354432418402420061416456765205
1076,5120952828102242069676721589402941649035669250447003038396418687627
905,5198938952165341332274283050329868945834982468866811519079365609700
604,5375135923942126088537729235438284160950646939196448894481988362468
1131,5637676967356010997348566950195248050036860174447520449264891624725
950,5513475110207351791821126272218086230173405410614730472806956271787
474,5122129478877302098216780075361412317425432445671728620523218383131
1075,4950814891729626134569468068936505519062777859561361813926029001568
1146,5636374163059351875489456278194486381497247583159728083285925478309
389,5346578545558374535287829428917870294218184736518563765665235624212
10,3790898787825626495760820168982528371759239061449008870113630464002
519,5487247668853820828767335214825937565290054882255179188433410835659
1167,5595251670172090171974314712632218433443327803537221586146717420712
17,3730167780114726781316209808421478955628885202358147724097811613810
434,5457025305602183798331799727610892961142145635656161268145710009905
1141,5658925652242164922825688964395848828082896835524915734405397366675
18,1842104894263991223428223234069220230412676288035520372086172335098
1073,4638029584146222568817326626378360757334999198067069554256168207620
25,3790437389637265489284057743440714345535859274888113476400531701570
433,4828880072457920071680226567625889906305221379627745107618093105965
820,5549231698494723176914143119253506799645586936205396485830881344609
819,5338618420683723628837460143684890559698987935832557672778669801552
1134,5650175845475239468900988430247609187810920364947831823306057972211
992,5513717258219295386520583194391678920107821081015913669145622778515
1132,5600883844754252133217549327607093383850502202641068163425886197749
1171,5684678684489156710470589285116784414107732584529053318030180407872
42,2842339342244578355235294642558392207053866292264526659015090203937
1157,5028291270825401553815772657299027452571604609667553517951037510920
214,4922075537311347981291523084432896605344266014614910932989768263875
1128,5237673029065062976124457738031142606809222634743574961943462848225
907,5429067777122474659152180598192855577506437785596748841424427839939
1137,5645444163524064743879638374682797907988978097858038223149623006899
1122,5488719266009302244353594228710541407199456152495275676608116637915
22,1894892894829718903490196428372261471369244194843017772676726802626
1155,5643441380223218643561621654547644799964582841787504333209049297984
1176,5620603542351828735024427482699199625121631597778980928249466862116
603,5230640605479044018465119472790484115270962437835184014460801577299
1156,5686348181738439743641230253473792557638858592173513305170445696000
36,2843174090869219871820615126736896278819429296086756652585222848001
906,5434552468357682433055220380571531427310740564459052533480421013107
346,5357666558885638093893784806877667639653696536415290822203305405332
562,5495507076768156524680601900175304538760036425029727624814870009107
1071,4361898363445256742348339314986519326564559363608764213614198851232
1074,4789840477077619634283003081261645221829221175434717319212612174899
821,5463831474870718860880996786275974327738653294365366969770636215933
518,5408402730234731341959202692475806879769636733099800922459294972948
9,1895449393912813247880410084491264185879619530724504435056815232002
305,5445236053381267130253684286450666855156122153191950678658801881179
304,5404279561025828807450421532930253086467040755096214841786559864891
1140,5632030807332832216569401580918010038916185015031927427233888452785
903,4772377801691614077482859859804676568833554156248468829896379152160
1180,5643205180376423219565057374036631149302778157149625513347054380708
303,5215293086595130852900992879628483418161299168295803217680510002356
388,5216577222900070684142430918748120993524226786580344041854010228827
386,4976783027715270741281808596149686478869993492115264099247506046691
385,4866990155188774649566584783721001264909718147588403880452227259940
387,5093312050285702752807090641158726388408163038445910819714767036320
561,5422235711391911311632735495771229487426833748746078305005544794084
431,5028291232946211728232355649062026592062424107730096295074681434765
12,2843173883771873241961606673775852517695175831828953545174712451076
991,5348886008074707416060808049886263148135762431876646172371976893316
1070,4237578035675687981345028458477962360288341506518106637928673462123
34,2843174112580462820609012659398672503294709620923393129169867489281
1036,5489447147519890915311539918418609945082510980761498323630959624243
1118,4950814891729626134569468068936505519062777859561361813926029001568
16,1865083890057363390658104904210739477814442601179073862048905806906
1072,4495382212935434938172438704286652125580111927458418519056697099731
384,4763933432706214477661419203872670746527337004865330163328930676067
472,4792012300524734833320460495905837253974162187869910948436289139235
902,4575945476175020149569334217142470823503581160360063463058454924859
560,5300693810468272062417682232339872638842941669734218659769071695267
429,4639439399778959418825467534749070654867641759948883456641576589025
989,5045077817725559532908475665327238656863270199943529390787587640512
11,1421586941885936620980803336887926258847587915914476772587356225539
901,4390745317138606021310599209547192040287435604752168748056243365204
904,4980042293688387805051176137533809276277354592417384848570016047107
1173,5586766292047607191208514557723694281834905909034001027071312920928
28,4190074719035705393406385918292770711376179431775500770303484690699
1069,4122421229626728655162506134760981226751458356186445792000120932404
473,4952485761217657569385830426564813290065828611640786363124151349664
1161,5626423456488482315037924538808128895302320412879012177300565106976
344,5060323198718677669630564702423054429018315924050042867547692181920
343,4923388826110838476354802985267431756452997323073541085810483816611
345,5205082442976944208810225309626466390085215661830626113011966044827
1133,5653781334948435726224624975764392170212229439612655896423832172085
1145,5661741063249004653991203244601680087861078789232450617791098292453
19,3684209788527982446856446468138440460825352576071040744172344670194
1168,5526314682791973670284669702207660691238028864106561116258517005288
993,5512784285523769386858517561167586684284312768112938449691851867875
818,5219612507611104475843704784858967129324331727938793695170818177569
990,5192983852141970798077460751272813805662081575820176486070555484195
1174,5645290965029877957046226649690999795216083120861999722675360042788
469,4365613460246297381717829012754647093306787378117685760639931446176
470,4498576150039054739486459789000754155594641571108360647194179187491
213,4792782901062708708549945516697142880713607194274721091061384111972
1117,4789840477077619634283003081261645221829221175434717319212612174899
517,5279260134785193538243908115280579372366105826344167954295946025499
259,4994439877081051831196225446647125673701999162040090876071742612651
428,4459969323003603174381731964181059098227102778612596587914245564680
1116,4638029584146222568817326626378360757334999198067069554256168207620
1143,5642403068671316336279877399754948496316683058803342501413369601299
563,5549944062685362090641526625306354269965936532533267090210926090787
516,5156670821472302246039754038313832911900459291937481729987074422816
520,5544098607820915657185637769899515434111052012204380634477121265163
1124,5593794014439924549295628518659529516704181318962387527114021423101
260,5213788366675320707347344852944196960999526756597750527922881925876
382,4578028437872901893281262741917073796496257324830542234098284116955
1127,5620949646202462837451675567630098393004264858773701538848026761011
602,5093552355907780700139264572415290997284723177053561946381302448576
1163,5528178210477077549617621548454932696474081405160764511764333418648
212,4671326495154204242228614376125741297323902260135137669556730586627
1152,5506409504640675095011888764206668720788032509797586885258236735672
210,4451922374357599728846691376475994554267354050457790087818615415611
1068,4016427945298378763800772343835575925953909912613781675828541262075
381,4495180165522149480806271859809807364847558787518828021990934141716
1130,5680726142323792622378554152450472925252782851923262218830314883729
215,5059204403900122060453347079333002471215878721155707195341883042336
47,2818129403137590320530348834683139572711413444473169406752799129509
1179,5636258806275180641060697669366279145422826888946338813505598259016
7,2842591753222119720581861199672623103378258415329418656976669143460
383,4667612860267590225566311856604694923722850063946042947877616295072
1139,5606071735886036265384835842727542028735246387659288557442369154125
1067,3919598182690638307259827085701746457895696175800114289413934451136
176,5537588749264852515610082739015330349226254310651250439880934033597
1147,5655262640271651943670736336886543088895611116115943658358280049491
1151,5685183506444239441163722399345246206756516830658837313953338286912
8,4263887629833179580872791799508934655067387622994127985465003715187
27,2793383146023803595604257278861847140917452954517000513535656460468
342,4794279325153426628982940158159598372389259858901120767800340948900
14,1894906190370507754987140131599719071178768634837496867657245375650
988,4905167904825473620553852792049537701739328304246704886523073362267
1125,5678702280371378694566417370013114698345934543462669474904175408513
90,5515738962065069115953911095683104676333060865534109059543888963795
430,4828880036426495603442342096376059819479415536321383359028388545720
815,4899837615079503491161126410972158864190418008091773678651952048008
2,4200800614827260690021664040371357043863231726236404683539187334731
1149,5601067486436347586695552053828476058484308968315206244718916446304
380,4419068043215332988141339210282895628776754452010900311555566369355
559,5185318359914444342996366835012283724214260295497688154501506794336
132,5550015773752978150934495121730005641558920362482601652848892342267
209,4353974659469499681786099517397649394600510774920025927585153769940
0,1400266871609086896673888013457119014621077242078801561179729111579
860,4785713486282709248657110282021895360852559037453909640398461389848
5,4263202004007228658343217841098960362086855753056173971457712991779
1150,5684269338676304877790957121465280482782474337408231961943617322368
514,4931152041256459196164867385065783131782819340170949512932763251748
859,4591772603268212483127173908414843111182476288660433083039751817329
817,5106813735652861401899730709798204036614684670684075036947081343984
1115,4495382212935434938172438704286652125580111927458418519056697099731
211,4557706319585834582327529662718691855175151212196160668475807687840
15,3789812380741015509974280263199438142357537269674993735314490751298
1165,5684718571111523264961420394799157213536305904512490602971736126944
432,5237672989338107793195508192806970972616667474175022264780455256160
987,4773254113441713061013592131439710940290255888729702973277012649460
302,4996519281380030911583156033007242246654389637485070922235570059531
261,5403633223317145103781250971983742663192528766982713547772854395611
861,4990549544319115161677847956096214091698524837245324292334361268157
558,5076109359730428153368789303788462743540789626036486789202850091291
863,5295343739952013683673355357591320175048672623980451985106804651997
6,1421295876611059860290930599836311551689129207664709328488334571731
1123,5639832520323660706858620282472118285676675929925938967180296459313
515,5040634790296057465346740461575567498372697129879742249532680164899
301,4788914637735967306300173746586943340635393560759753792323982052704
1114,4361898363445256742348339314986519326564559363608764213614198851232
1066,3831931941803507285539670360359492822576817145745443632756300499587
471,4640709096798533890020670283384484209150433174359102376459631751844
4,2842134669338152438895478560732640241391237168704115980971808661188
1064,3684090025191073546561722508049713050157063205913092508711951174659
858,4408726895275624865088038835275057342688276590864894620258232550600
556,4876190710471830363494847839652124584059480401440071478512261278859
133,5550888388440552052335771068797245650806870015130906761585444172059
1063,3623914349465770829303931381082186913056188296135412041325235801280
89,5436319012199655338090115349302518634957539376854402693102129036643
88,5354959256403785168313201877582513363604023743970100725842219111460
1164,4154469534231819572557496259909180038966718806807493578317876495992
1162,4459997319754247521175622579681831214060615147309625169067549126080
39,2229998659877123760587811289840915607030307573654812584533774563041
40,2109566119105698052687879765335293838886882130594837854642366673617
1166,4219132238211396105375759530670587677773764261189675709284733347232
1,2800533743218173793347776026914238029242154484157603122359458223156
341,4672994695846442127514976221099554276827103531532781913517263578787
1113,4237578035675687981345028458477962360288341506518106637928673462123
131,5422838588644469642942340978488391034326367404032128787391099338484
816,5000222104808994407005537918502601281570046764068401698107459300797
3,1421067334669076219447739280366320120695618584352057990485904330595
257,4589339725685222060547510299091590910624230436536658189731951855635
1065,3753429222636985698640302167808815019997272822449769705855639407428
949,5505357608964525592065069209875202075471514876733443867093652578091
1035,5394392102728121590447509255400963316688676396802315263229125460355
467,4127198851560948044477306614675301942534891222916536515665050432660
735,5452667648934049493916382435979517009805924294351214121305627772129
648,5548680048445195060122587631097413295024430597348592521716036012995
26,1396691573011901797802128639430923570458726477258500256767828230235
649,4435273281562516393254026670113220053839166480214177650220884394867
945,4908200487704639098214651734237938450920480444420565037580306793027
130,5301034107055992212983432128418682357315008997362503391370303786187
814,4805660266464388654366496187206876784475798402754190978580559585617
300,4592479155662940037052046020367586700104310938119851827945745981875
468,4241821027420261816714777954646163022286870595387077716796888527899
692,4126428498560915712963308626854044278224397564205057935977116359905
898,3902537838910442434463137997162917463321963579611548514063884692115
208,4263863174921534441145754085483656376174621385582868187775422750827
513,4828222574353507438494134808784479812130825922811103520187323683363
87,5201930221692453034868829467163506544595362972716206960838607765363
426,4130940849069430506013677796221968808859729201048661951438026313040
511,4642023486957543457686091156907316313640492205138251766259876580891
599,4726730020544903255642229044925353209486676838186552613792931001083
601,4963871175228336133560164534312704806991929156851582690243490976299
297,4070187678870076245516790202915170371438543794712636928011149385376
1061,3531053563176993699250714725521862137072442596857041295822723632692
600,4841597063440710318727819358482725544392580377229246246047367160468
298,4233115676229994506660354248531700215505886055096293395789329648211
733,5379540051256952098281118505301294968730775055230637386066252214568
1111,4016427945298378763800772343835575925953909912613781675828541262075
557,4973066809916223493534949638668409696822529661350614563873101586132
1062,3572902195461077546866928786906236608694648093116728303695493287291
946,5047588192136641224467563741690778652261054126549637504537032102880
778,4190946484600570982533963547279761477927509837615678619096343987707
734,4433040435062257194039928874877920140229433775493308385095060947405
555,4785481061397248763248483906739607405251641846304857533120329169472
378,4287052248733507762241648608970136243368828386406404395700777433267
1059,3474846863770654308480652201127840692046035724614657469348102901664
986,4649336443574277854287693683497758372516052953392523651049405502091
948,5350225503387997571270801010680852541887516609646720222150356842260
512,4731846389587202192334542732731657539416716877800204271296361459744
944,4776766750735087670060877478146562745228345135237805165190206189732
942,4537761179183336908050742220048204820789389635711223204109879102816
554,4700937862692478692795857839930858160399013995944972727697305257971
175,5423029977046491078312503135986663819008070403164435388385984224625
862,5206280777377430222189386930637799303720373688034677038847451452256
1060,3498368452613519286455289196929063498189571807356351017706926837483
812,4635926992577287217926579590971793638041586643996161536590119032029
943,4653286981227986940006240973416651535184648199001357887366730292995
947,5194929864031094048819613500505083349250066181625022566060382119291
206,4107148896846008379125802503148726763045704265510371969427152592275
984,4425489468388383499278983425617475817992255523257632779649551903667
598,4619270046540914944303393593640587802274218539723501793480182498144
296,3918428843081194320408080717499582792859114988414395625766321058539
463,3760412717790910883183218436168087536206347835635040138249746282084
730,5174455041421243871771177804049790719063374568002749111664106075633
897,3762266345794747504823565529835346528561127785125696406404523803044
941,4430189344601137574194381218041222602042569445367401115419652619195
129,5185474943675119762459044518588119619772794795122030573523057515168
255,4229035344679669598770160038254199896236176995849074326542144924531
464,3838353865783337484358370903588456650886577567065313968536765085171
690,4101247673769268124579083662015953889922877311328392575731468416840
465,3925465270742485878299103089146448756834744708755654641534988711296
205,4040546103318447557746196352727790168342676534775033490888613452836
174,5452759024246288153766595065455387697286374910955137847444835136600
84,4789347143258167519713733081995993049891638760815213078016124764500
1112,4122421229626728655162506134760981226751458356186445792000120932404
983,4325560163069924350996171615679145831242661028459921230477305452612
940,4330571477481388938437157967395704878944187627969891621296050842132
379,4349692070952452415286464793336338588283844318306759102792180799872
900,4216777324582371692706654837018840219185117489424784684889744473195
256,4403588063883661166049914557833127434843989305590885155243300411844
86,5056651857931072715620793864426084219307078551772427764533054925504
85,4919124165119644210569095069370246387739170481138763136925560591883
294,3648418656216539478295225427271234432163997738074158517876720212859
1109,3831931941803507285539670360359492822576817145745443632756300499587
425,3981382451910614082089359198830890076132894604821014183689138085745
466,4021746932668356065005414992842063854050849260706062157244417160459
299,4407212835160949103838772854349172325061141769565365029100861847044
340,4559534938189884971950911174087299469766528340968524522961251706272
732,5308795417445785362711829756420266573248633687799034306046206745965
982,4233626979267790555527722018408690038167936013842032272323512566995
339,4453900052183755162290745017122833951207534287208348596132305331355
777,5589915256914328725774821644857032398428117769878365563070301186523
254,4065681568073247358708246740354808294800793507311225703628485393696
128,5076161098501852291369178148996702821699724797310710333849360525427
1129,4185370780781979703361646561181361172149841039135699502753748825101
896,3633227019159232374838783697574702555914119430920354950580875581619
899,4054041498506317163757501099557415360196626814377911273558958248832
293,3530167305140766561291079622458473650048309294032162712231947694016
173,5371934281432789229507461518128300939482682213790674399992268415985
204,3981779540131021542786836629471205714880602690240301432773804939955
981,4149689916981982112873634633806108438768080479403965905188173246816
646,4392974096776846117608760396367578670175292761090203578185545199315
857,4236576362304946394539705062602538055369959944067294252053903589661
895,3515419859003897044508792500380985545380938516995524146592940027840
776,4165620941869002130902130232105980650522056403767451811003066821204
811,4560371067305300618281293218501992571321994490575714794671070940832
980,4073748976212499023033909461871401033043094425145722129071287492075
979,4005804156959341286008546502604567820992977851067300943972855302772
597,4519217141428745384711313004628429322755205481840093785109121651651
689,4078927059856876807404821365394908874062158048177497497580932666797
83,4667320792346642643054707902303324205764483390801777587804747443355
774,4123550489043633241268351606409555113033552505248309041101849067264
1057,3455294251246752656993743807900122577976967679408260561901373608196
338,4356090037828052698534477750206157721150121370252254133030424454036
1056,3459263227565715983481472410473627270051435716943557202813468250547
773,4106805578949833203266406295886910402950502040577393079293908479827
938,4155197645629243761220124720189062919692739112013810416748721407680
731,5240433747500549287208516189336431823359500192056404881245491366320
295,3777839168863348731334225792284937479767599636201569489054844667700
728,5049646520860425021094426578868089447250146934962358538159325761133
172,5295114520824355742832682097034070075815176219157860097523233871752
462,3691641826765206074773645686885341412794055514464833150673932302035
1058,3460488796648398765326803738118193718641834348631960650746251825235
775,4143155610016689550480259585149245195557403959644995285004901847723
253,3913526734064394445864174664134952630537838839977339286502321819339
377,4231148576558499029006890657184288594031706656309836190281356269540
1033,5122804615100784975951403204207477396242694977419478083023842050195
727,4990816706378911585855013738973029279733044925975623734235930737320
376,4181981054427426215582190937978795640272479128017054486533917308691
127,4973092571536189799713833019644431963095799003928542672349212816964
1034,5301599430038903745987603203970534065366625418682021987855765340260
1032,4953062702705534605202939919129439937710719656973866609135189754048
977,3893902883002001870400907222074523977917353143449926346831351620480
691,5531475424351366512603717438530313641090199097273325689551500943117
894,3408844865328741513833591938254195496961585043351203994440717141707
985,4533414895223168000376157448223679998416719498235166919840251920160
1110,3919598182690638307259827085701746457895696175800114289413934451136
939,4238907577824091000779072468111651651494244183518694721739073771627
856,4075321004356177071482172590397285249227526348267631978426764934512
126,4876269362778132287493009130531307043961017414975527589022614389779
937,4079441680896847219760314723627938683539672413455238706324993750291
936,4011639683626901376399642478428278943035044087842979590467890799460
170,5153489946222685082236185633544176030888724337487178927535761312432
553,4622561114357520152136969639225876849501596850360417062243189544356
1108,3753429222636985698640302167808815019997272822449769705855639407428
978,3945855459222508901797545756005608802617730757168702349892876678907
1106,3623914349465770829303931381082186913056188296135412041325235801280
772,4092920879735289436474423653581311065308252565632247399581080085412
1105,3572902195461077546866928786906236608694648093116728303695493287291
337,4266104895122777580682109373337270779594289590100241133655609074315
169,5088685132229447908314468591148512849629778450449312060017323297345
975,3813986095109963866050716792215976909541206356551842113763662199940
726,4934369855763328810681576080875162757808950788677862585531865802465
171,5222299742420987693742256802172695106283856927056694940037731503901
725,4880305969013676695574113604574489881477864523069075092047130956568
258,4786290330084352282262947262029590323576900388686393430008099255904
813,4717690058963649896621647247206755042426187948055653597893281913624
510,4558753866464531234548780081311456134802151904825246005077869046804
723,4779327087112164445557114197364725065594715606918421070735651531648
892,3229391377418969851447562719201396286464360416904095645643409372379
810,4491022283147690097685788129797351842267411487794313372136137640033
252,3772570842653110860237943809594632903447312993847415075163654201460
461,3632041192706223059129652655740218280649700603554693005809323145024
427,4290469806100426870111135384672025149557798592312522752846395472685
647,4412932207236715925398405942341802539210725684807703786593549752612
1031,4792373692853152633742213348736421689770699457345187566189808451819
375,4139549682340289321967549451353657382091145801528059284458460550720
460,3581610815613961836251239342732718139773283102904619703655918811051
935,3951791653819406231138107984590083698178854135177033069177412555187
724,4828625046129955240532626310071010650739786129149261253781726199629
1104,3531053563176993699250714725521862137072442596857041295822723632692
891,3156512883184353719736734062275387124386489264101307448998324489184
82,4553045112385069580592019530292239855357704371098456666291428628448
1030,4640737585543639061569223493028422652422634378533440954187698143508
976,3849946428297820191818630900811313346891845009910972934788280127491
125,4785691472227679754706706481657328064295380030451665083869565243872
974,3786021883438432893097164896288514665865437183372533883757497837827
509,4482037528108165522922609505944077002901695976861186987750338857483
934,3899897591474361783975711242113352948971102555457399142453559017472
890,3094866555429917387680696040416304924422445551579029904188952273635
808,4370946138175597293644121803683551397153272934148646485218615409629
809,4427880640104455656140064324857871450877837635651957268985319129632
81,4446520103373448332325667965962739998671301701705250313476168319779
722,4732412091960304310647577266455633126042652956376554542908906952625
168,5027885300441276171977105674985705562507019265943094337482417458640
807,4320218777361115010197960566274391681093717383284381020836026480024
207,4181587920713704006925655080734015498989685882446316868389422358272
1053,3526151286846262571869389414943596342710848070103427504091589333940
292,3423085115636029980321788377846655133420534304075582072120527111171
1103,3498368452613519286455289196929063498189571807356351017706926837483
455,3467012784653482613342868549759562304410256753555255833556969486756
457,3485341226137508924209477712535955664751655062514800853462934747360
973,3766053793283227272957975213028926615864537490373048244769787041152
855,3924960821429316895915441418659298924260975803465907799376816585153
1107,3684090025191073546561722508049713050157063205913092508711951174659
645,4375398950182906969885090032190548446732867709061677024996870734976
1054,3494691745365470940919295213995364152418375912291140673908576113419
167,4971090450858169873224096885055754169520446783968525759931043796317
166,4918300583480129012055442221358658670670061004525606327363202310376
508,4411874471888446322807579430805178917939124421246074714277286012928
456,3471591876912134872393383272078947488946987202904994922154349705539
595,4341332537879862520767416413421933146797515087812206204192062928003
854,3785495813524365867839511547388579080470308309662121714904058541584
165,4869515698307153588471141683894419065955861927614336039778893000817
423,3712177337209521054760138977225665434592929797474357749169804428205
853,3656925980641323987254382976585125717855523866856273725008490803805
893,3313502038133765782813182011194332410656059009987394494124206923220
336,4183944624067929808733639886516173126540038946752309598007859192192
335,4109609224663509382689069289742864761987369440208459526087174807667
688,4059466656823741761440521736990909230642239774752372701525509109776
852,3539251322780191254160055706248938836416622475048363829690113371816
687,4042866464669862986686184776803954959663122491053018187565197745777
373,4074895388297823294168441175844444952462161753961428385323493643412
1029,4498154380776993888683970352005442825666524420538626773128858829115
458,3508260832329604768791151871130586831824260332384673627482724612219
164,4824735795339243602471195272663035355377849553234714897178115867640
250,3524255887623251670639005765552601260783547765199453269848806835136
374,4103854460297088348162966197308873819487706676842850584054985995627
80,4347745765311778898255653209314824635705275382622158529358966517348
459,3540350695488422406138405747862840990164803012514613244213719300116
972,3754081824644347005633147742437212759538507277553385196800529809915
644,4360206767454898482227394849810711868883450528722124127027526359595
249,3416896824004676066666298576050889345210308382681415675872627086691
421,3482854461997147788123474719856351224937904170272553449288394500065
422,3592530619667244451355237353011519525779799586355349082399358997960
79,4256722098200061278381975260348493766459625413849181313939823221155
507,4348264697805373634203689855894761879914437237979909184658710513139
453,3485365371036343473538578259533660909140608085635978184495823518304
1052,3566774350047663637640272148683404365742654934674711064031575413851
851,3432471839940967668556529736380018436153604134238392028948926245617
162,4747190936018619943224364828898835616630384912070420046927158130432
161,4714425979665906269977480796366019588460932645285746339276977526401
889,3044452394155660855279448653624149686572229279337263011215292725732
552,4550350816392373141271819304624663472559390409551190536757982028627
451,3540398985286091504796606841858251478942709058756967906279496842004
550,4424429571571513708922732233733540520540609642258724905694291590827
850,3336587532123653230443805066978364517066468844426358322784929425208
1027,4240146678872308740776674214014540803930169866999795703840993182083
454,3471603949361552147057933545577800111141463714465583587670794091011
1026,4124722181734268765754631217046618608949925271455778815611966849444
643,4347397548592820654635674849228068936627041220071544884277512073172
888,3005270399361584122532991901898921410835840447376006770077345845475
163,4783960874576399054055602987664507538936023881386742899560870910845
971,3750105977521792091122682484513373096887346544913544739849726144116
424,3841794614623977598338179592498788951377294803629579449599730790800
933,3855957496591768034912452250998086695411789348684077810296330186315
78,4173449102038295472704634119063747390934351795386318667218738431200
124,4701358899884832201354925073022495024098886850356955156890065379243
123,4623271645749589627437664904626807923371537874691397808084114795892
729,5110859299207869116399814600560343260360256815638066997302050873904
1051,3616560934969674138231943415214788221513796506004991353728534353152
420,3383148864199231065064851077760160532067243549225970849836910934520
1025,4018350587139097190020324934763715624561635796728694358326211510723
1055,3472395725605288744789989545838707794865238461237850573482535752288
334,4043098696909516302548397583017345685936281070468690917893555920740
291,3327172087702329735387351693435778882280672768204416597542458464324
596,4426571305208394576865987277888877770929637664536328588679748461604
970,3754126251915562529426579439257407627911055292453526873917376043755
1102,3474846863770654308480652201127840692046035724614657469348102901664
771,4081896391400001940892403679492757100106804080412872001963363884019
1050,3675511041612294073644403214537747910024272784094268373182466151843
503,4159358422839547994899536558537904197194532228404714504729181961643
932,3819971369171624983948331011244284937500914514857069072705726061716
504,4196755068376034637458864132534397047467681922275093058929848082368
76,4030155122564619303938962259539008121044933609390937079870744370004
452,3508297049677856592784802691627144698407689867066439624032057768635
1028,4364624078553217115086453925667482209502369583360745023013290508640
969,3766142647825658320544838606669316352609633520173331599003479508832
203,3930849207283730334247723333378973402659482731906175795082727053632
122,4551429709821952032954925976470266762113333103454993037451713493819
371,4037185694431100945609565830656651305144754513609943492876455547616
886,2960602909213970056004450303649245745704545104295026243308590087899
372,4052672466342494159983974386960370781014511032883792688263983494075
202,3887755104776573932128856464451093231679316659772656577815379793867
1100,3455294251246752656993743807900122577976967679408260561901373608196
160,4685666005518258034314950890066059454427667081032721776610329098752
77,4097926776826481481223629785460585509129454527233570589195712147483
505,4240704996049167791529332206759370944678715988494418356984991547859
1024,3921031895086794013573755367165831850765301442818542331983727165920
642,4336971293596673487109930030442619649963639783109939296746827875707
333,3984413040805950568311624766339615898386773837533003773427002531411
770,4073732113943970716520346373621248507346156584919266886440759875648
931,3791939209213932631083347522851947675238478053976372929681746643675
289,3168853516548038253623042005216853176464690058718331144986376978624
551,4484306968797037660200406836127218029572394673517293151241682710784
290,3242428221339665826487769569225844896628724686418666288497741753475
887,2977320571047687189441325785240620097213279055695261180775111632864
1049,3743624669975523443877651546652283431274083768942542122393370809924
251,3642813893839396601829554176733849113529215968921453069612482540059
1097,3494691745365470940919295213995364152418375912291140673908576113419
885,2955117413860432722222365457124798356309638593175301957677781210580
1101,3460488796648398765326803738118193718641834348631960650746251825235
419,3293413826273494282179366426722947447167817723215601284044908301325
594,4263500839443149216415600411227595450358837751667726631646065050848
849,3251598399328247939821881698043977079155216605612262711198122910589
501,4104224978176514244314302911230361637461885957710797627891281754491
370,4028435072563643651045215506933286524852892196139880799160909804035
74,3917863826890750391958637630740606826037020824636013767314984333760
1095,3566774350047663637640272148683404365742654934674711064031575413851
806,4275698557661008805801580612630392302699170983059160875837552340817
721,4687880060674374835804015517343734832083598177523661670301492462560
288,3106447973327447016793169001408803721788568885103411167008364139771
369,4026420600740122276290923415790276440138924080473604607117346263332
502,4128515059439707863851349484769892393859266906883282694382993185684
75,3970134139252708940850631541299015226680789041858418139243835098763
248,3320736702983669789911432608228713366809497821367340287683943294724
686,4029126483395240483141810484834046061124806197079433955699998574800
500,4086488179049967136288396837919311928002389380887259305254047668064
367,4042600107224887286212513931245320357444670454552411728046165790560
546,4246584486367533201749412485196509823965576564977743323193809089859
73,3873344185478743657262980527863782919113628957723723964084192074995
1023,3832766105577359236414922514252967287560922209725322736584513815035
805,4237385479075278680454981942751553261969633733472986050223192992008
120,4426481792589491782293011840874622258004356174269641230707558733507
72,3836575215016688736763660232668543505910613441121548729551458322468
287,3055211591677892115998150557801696532600361165573906354563703236916
590,4026244734614483516475885025176313941538580812886236460878950106688
1022,3753553218610792858543826376025121934948498097449035572128571458068
286,3015144371599373551237986674395531608900066900129816707652394270059
121,4485833092101919417906708288552871540324272536647740844992861473024
685,4018246712999874250807398861081182535027290892831620005929911596845
591,4074448157483921813840681578280223927203477186712144785658197358059
415,3034179273292346552368817733163871187282462369536253357471707092045
547,4281796082113811033852135623175115597176518777134995008865567418272
418,3213649348219937439467020766744711970239626692241444751912386600480
768,4065984191669677081406119766529367439147264563109367501680888437972
930,3771861016718690976317501785821074908624479966041989381224391932192
804,4205279541603924634158164556637874558905105634525856543992948433597
450,3581671177861048209573990710226981250745665660707563031238140738411
640,4323267675202171132256365938263302013415860524253649087343449747651
545,4217539340991066899440427213321671984709845057595820777490958959332
769,4068428047367195763358251735966785287026310079151432053013268060299
506,4291208205858947457110940781212825888827634427062690398894612358116
1099,3459263227565715983481472410473627270051435716943557202813468250547
967,3814163804194825961224443579496756383031398416152408822231047135300
332,3933552256352812179978750839709675399338847741401398092687514639680
928,3755566534115559761083223565843722862341798909012160068009556628900
284,2968517416155445429822222588186028557963218731497882910429832144339
499,4075304662060066539773631264836743265480777176412667726471290926403
720,4645730993254376021026428950029030183717551270359742452913408061453
965,3894169446629295013161497402995693188152641232850776409532429023520
719,4605964889700307866314817564511519180944512234884796890744653749304
966,3850168564653897810785789384912287688754585084411681320372511296691
246,3162013288734365218055224337622969221525163162351076128669063580224
159,4660911013575675236236775109998955214530588219311346358927212847485
244,3048085644875337955070380953735368824930543788150660792804167691636
589,3985448380636863970857843334345010883567129679639970948041390511763
968,3786155165252079464477459986749099270983081228072958915108036539347
1048,3820901820059362248931688411558394785263229460549812601361248327395
1098,3472395725605288744789989545838707794865238461237850573482535752288
548,4323174128229900395748596627257489304342671694067575834506233944571
368,4031142278960536821346689557227621051002850166611114916745764925507
366,4060794085533173670888396537843374359464384944297495041018548858491
449,3632113627402726707116954296733334013816559672918224998907989457856
416,3084032071729363574561746419965173840296949015401770788625785995840
592,4130058649245178862952232993656740840561818801117695922379132265876
639,4319990311803815944928546664869433663531482702358964465470755817060
929,3759736791685900019650793800151666637658920251053918427333661927267
1094,3616560934969674138231943415214788221513796506004991353728534353152
414,2994297034727509470349028037421546142239210518706948959977109120600
71,3807556915504585630460676745154888586427974274829488063716783076179
69,3772772329330234860443720193172332228623824993175710438141608102315
549,4370718624715801287438795497443630945464035315775485800115808668756
417,3143855430038560536927814097825454101282670456303501253439345831985
767,4066400546851414670663950465308994963709020036793073232443621008667
412,2944444237214375126828865619113828876066411202156979265966355974760
1021,3683393234187094879960466952482295792928029105989680838615900095019
413,2964385356034852328502377332738198705167193462913857596141992081505
964,3946166450121017568351567633746972881225566861469694089710800315787
285,2986246313091891322512677351190308950687686088771142226274437239200
282,2966567106995662652545876742780294568978024379207609775340677762611
683,4005067804846910599768463618226591600154663253513302952675074220001
243,3007920236842178314404721094310872532391877332856396433552963682059
68,3767006042667987196729747128703430790302314877813993478401108374740
365,4085724213885395975374337377021783057061993635846364855662914129300
718,4568581750012170371669181360791201823764481071098824983795229526113
1046,4002946685388868163502127739745344991459524964041343748567921940507
682,4002768667089313181063939999124864191379550918442799849190323821112
542,4167402607080537171275898594319766070673914764102027980195857755067
245,3099449995506066922953882034839401054641639064648887357842867657691
963,4006159575129065476356000077166126767973361970268434360907625173492
684,4010227153483764289682949905545364381370576578309576338254936811912
766,4069677112912408531131743832305667860711576500202549245301465772384
201,3852497232609552336430236022687565201940104473839743780971763160660
681,4003329740210972033569379048240182155045239573098067027800685615245
593,4193076209898254663810539271305864681613605656102889871041754830139
363,4155792920721648343776393753119664538990893624355463989967591279552
448,3691726333911126997425497601377309768155391095388953809289043000339
847,3114305658803164801050438861577001646860361280977885771756080798721
717,4533581574189963537089520338868078112177457779001826732065135391880
197,3789828047342814017838218527276974495392794592114156797834602893412
638,4319095912271391417666702573272758959240112752153253498817391975427
716,4500964362233687362575834498742148046183442358593802135554371346605
198,3793740998149296387855853260383093960168191233244643912983297020387
364,4117390492281554199670336448780546450237496529199021171979261602987
960,4234115679251161317255470683430833590265964177743590720608821139235
883,2977842922593897453622567669276684463861307891777385341923301458880
803,4179380745246946666911128454289356193505586686217772357146818665584
1045,4107714400634535273018530203026183843666674775925604416806718036148
961,4150134189694137350807951602008057122493560628405382676356635585216
926,3771087921362231338245496351312228798652871343767581133061220151840
360,4311417106305546294954915061619146978718450120647511453964473526515
281,2982345694772325767959985660378840972717297384190595956096128475744
962,4074148821653438737174794733253154848396026559246997223122903596635
544,4194660645984412126925179807550602079409324254989227371757017026691
848,3177504441554751796690759629576856122419847417796105194188506701760
241,2961186248568567014726925040500487758831830885879754332413043532339
1096,3526151286846262571869389414943596342710848070103427504091589333940
329,3827919132895961090403522400106589633204556273831069832831443950075
361,4252806227733644391418683059538964803231370420079709130960197241316
765,4075813889852658662809499867519386130154933953337795540254422729123
927,3759350244007670200614791082897243582673115939916714303252076037091
884,2960864084987075188095071245667277929028559522336088323882685000907
283,2961957680790035873166622385382690430726664828310038760118578985476
280,3009293444120025219408949138178329641944483843258997302384931124875
199,3805490179295913564293734420653565566184541760575737448555721773920
158,4640161003838157875742953456164706868769696060121620086227628772600
362,4200931499205678407692509290039137323322184921315693309627903158995
411,2934473678266077865328492896548436654936863736436313969450200800365
588,3952059095551063176986556505786314753289123786973348247145518573284
680,4006751024211887157284780765572545491151729217479104488506159602400
802,4159689090004344778713873635705998165771076888548733489684803687969
637,4320584476604897550470833663473277900541750673636516187383358222752
1020,3622286152306265300664844243624488861499515235347258536046499725888
587,3926076879357081134862024539500225550704563134886368358191334291251
447,3760509297386249080499620624158908513762159928119749462381301365860
764,4084810877672165065697218570950149772039092396198812117302491878884
1043,4344740396287697796513700727962589046298978519971115942555228805600
1047,3907342491863810488806513809256081971991709858916079810086098704256
331,3890516343550101137549775803127524188792502782073873875675092245547
1093,3675511041612294073644403214537747910024272784094268373182466151843
195,3805510836750253697063688342557791989564862968455001828808406519136
498,4070674427206812454770006191982655649897049344287022891543011529508
196,3793751326876466454240830221335207171858351837184276103109639392995
327,3796621408843530426872864557276812231622934312804591644896057644995
247,3235775524560232840374407862086073325581116081257227105282755459235
641,4328928002466456979650160393454364008893246217837307364435473767200
157,4623415976305705952833485928563314417144990603463542958511576874097
679,4013032519092058552210145151121954199699019851585912231306745782577
326,3792709854292956113963383970933607463584495037497474746518962738852
445,3925585995236658624944605824134974978779509824361541296699432566016
358,4448847313581157861457553763520575416426292127194475604988972705547
1019,3570231972968304120656958249451701140662956485521768664420370350675
541,4163023263183316988141864786859999967239026075821421994368640416084
66,3778725482193347311890811422810381394820423698020903265014284438304
330,3855305302397817441024699656593162266747738959550431122389735349012
242,2978953771406588000956902456565912177025639698766094280089255628960
119,4373375811284669126113836633435518915153584016320694194595805275268
357,4527666642284867524423960463341821678647054433173637433009195599380
543,4177948401347568884203670267883300108064014157157963105991983291936
1092,3743624669975523443877651546652283431274083768942542122393370809924
761,4128963106406221901620150690544712932336373663136483541017372486299
325,3796623171392809146957802274638191984047636898994439311868933330307
924,3818425178458705707804320142226592717557697270308252576379382501012
156,4610675930978319467508372527194777859656471849337114975779057151976
762,4111385485948946685102543982462813173129812251098156117683966757472
678,4022174224851486218345472204888408280687111475418490256202444155776
925,3790779566179243173975339371088678510281065120564760557436988973147
1044,4221645637600811817355721199098598528613159294568861814802486991179
444,4021879729611946086315468001329442698190090887872537477925305400651
239,2959248030685233023920493873408246733961499723718961054423107208531
959,4326093290324510636517351977521484251713237207261621355879460258692
586,3907501732054917844484247435486743275813447723379031281178837665664
585,3896333653644573305853225193745867928615777552451337016108028696523
715,4470730114143341848128123840413411625782434809874751194262937390288
1091,3820901820059362248931688411558394785263229460549812601361248327395
67,3768990426955691347212110871916113845701181112762391087358667153403
409,2944444239986023162847164424594585036591473190103622477396333248625
801,4146204575876118969566400100887800475701576241518739941606903500752
635,4330710496869701796277021389265896719924050131669962530173280984276
446,3838462517828092956339323365078130250636866171110611958184764554419
65,3796211208380955090765848781386233437660042633589530011367960229443
584,3892572644126047518968957814277599509111552622103285562978907383828
410,2934473679189960544001259165042022041778551065751861706593526558320
497,4072597474490204881277521619357049081251205884510324800469209477379
496,4081073803910243819296177546959923559543246797082573453249884770016
1042,4476998676695193210492468789618155396724132452132366800064943479411
714,4442878829918926993746388363881868850974435132844673908190833522929
800,4138927202862269239468707849834763123297084745127791712913118103933
956,4650002852642510711189169135800681398104273176894648807802099009691
958,4426067022914185308593595484280009106835379716959474582168552943587
1017,3493282321920986958504396405161183330765704348321586213997924582003
154,4597210786938742809611208103156272427087994448679206445264614236880
117,4285899803297838752059049939274750047859472313710257856892946202624
633,4350368372598228682347109842247290121678381076459303493840524101632
634,4339347952800999909279078024857996598004711668220146184397237498475
1016,3468386850211630976359720555043453241705010960946893635201608188544
328,3808357835044532085686244033667806288162954724915790007000218048736
1018,3527230696173211339936808969963932630418352856513211223737511969380
238,2975077335639920019344040122381430127284977374444507724109382981344
278,3096696427528533130411439774380133776862597123652045491562592231131
153,4596485688226552637039157080486303552008035802147725897482691043905
194,3825106576964175746306792890944728948512327985926333974930904271835
495,4096103415466929268825973974791279084773172082003768849885037407419
760,4149400937742753389347720066843658063983736064900581246445890408148
193,3852538547518232601970143866496018048700746889598272541477132651092
957,4534036877020185333484201203706408155632391706837150399476099193920
881,3045497097248081383641932421696278419868286951501511333511672377764
1090,3907342491863810488806513809256081971991709858916079810086098704256
192,3887806748412424264053741269211659290130119679470817528447091656907
152,4599765571719427902051460184049190571064263858147894494684300027312
1089,4002946685388868163502127739745344991459524964041343748567921940507
763,4096668076370927739794899942597958786364051828785598976445673221667
279,3047410355038761006892767176178760576659583756412813814207085710004
356,4613222121032513107200425395743422636445710940956585762701400696091
582,3907271831764452200440687642158883453183438483146111092545727727776
70,3786289286942434338354030065322818160665711458847541966580166336128
200,3825075590782665547151862008088389313441846174107437404551877154011
240,2954617668328115355714788846114599277810450894197376590524327392196
155,4601940867855998419767613252059097196304139797742336138030069606237
713,4417410509560442799430628069147519721759443327503570277338059744528
923,3854024758200618939732438664725971420482767792998057189888400735435
354,4804541528659612032183529958287688638776706561933841927101757498147
632,4363771756261388115481116841433777290945058356387434458503140793747
408,2964385360654265721866208675206125639375630109491596281858620871280
922,3897578305404982869759694938586814619056276688634174397964043676416
879,3158079937822984512280459714383580224330575772347679932442893967232
151,4607050437417368604648117413844933484256678616679712236869441187101
63,3854434673606026091104933921582691004500409555657127210169487330435
799,4137856970962795588420796882546886108557602399375888803603447497512
351,5142041765429779818233623546456747859107406506928124936242159222816
191,3930911179646750732557585099091652672800446355543968935840781289280
880,3096172434295443048133800750506465841042517641784340307059426838675
846,3062002051073486952900919394044413652476758195157604443900845201472
118,4326515148187451449369182666235561511771956062800899736657601098307
64,3821447605518514683837222947643669974220037919468271326419694526820
581,3925732028921382668796684849508435816759549274536988075241669384419
630,4397727415185498961947056385198332566257436531310617353486364444851
150,4618340285320374744829128769873532291585280077743179124038114523272
350,5268014144441040919870437874340476990373428225533792275966257536795
710,4355303331680574176879198275727634207672515141614101316095718943073
844,2990080360679858699074284360381037107237201176510856071921944924344
758,4198857233053585178432746824092684444600863837606087503588262830912
882,3006053926680899518804854727953017960807883701499193011799630584499
149,4633635115428446322594494252134986993050068241338295156190320035825
359,4376764134921384118301205296279683849783424023019100278640732014592
349,5400722673496237941317310434804560817217344145943246117362338053652
148,4652934927741583337944213860629297588651043107465060333326057724760
877,3315591444318606839538149547338589877248174354315891138716966227284
355,4705513749824094609786948560725378289822261650543320594065587995680
1041,4618420478823298059292025384065297579888621091052614387331631012612
842,2961739370373867035210854528586726486701176361855860078251805870376
190,3981851841221212007481675356135998196711726917817726763658201548211
583,3896218703499340483831445297081938017300772932334876921791473727579
712,4394325153067889265180842956210364238137459393851440301704616055085
709,4339366866785812622827338708182059660829554823028892306120265520504
629,4418279690446450375278988929776400672303137426305669283806971403840
1039,4928754648241336061353504171334309444435602489170099751135924657184
798,4142993880177698016422667199024169431483129204263031213677891681489
353,4910305457539065374390169588430353683309045675128149761809909203492
876,3411195447286687702649180416416485146877714805720762719607571358779
627,4466533132566145182140779564324117821173562831362694110106175588692
843,2970462278015908293397168794250248556381247243684389027798280244465
796,4171889121950631109575751683274217090329210265954451991979124420637
116,4251529776615831034183438452553084523416132769048768555301840588219
636,4324456004804334343340939935470990487436396466808752531168654559035
60,3999899903568271198086087689489261057663782566084382273607216778708
61,3943660822630904348229366292505486546222281878965182683763248456379
841,2963911637753734924515341563390470898196988531025269223282521802077
406,3034179281607290660423714149606139668857648333376182991761638913640
845,3020593618365718252242201226979092139269038160335261210622799910013
580,3951599294970131888899436919130595108029105306507507869879298697508
840,2976979080155511961310629898661481790868683751192616462890428039568
875,3518031616734948365415001920561307378621082697406144952333889157920
628,4441214929573332448676896656151662423941846192989694869346908451787
878,3231219607830705776081909313327621569732461343191530209662073763435
62,3895172412643489312568981703203296528501157542156097662617338640288
797,4154337930506976523474318799266613092073665159789218943136450655864
795,4195647454508661774726965851046981426249764522758730360205912975808
494,4117686309160261229866910902851115656940981739273910990374667389588
540,4164810369655908334801568845504001797759348092316145148510331274987
405,3084032081892073039962175373394613095555509637872795897202369333345
407,2994297041194688221058391916876643850131021823915783119980389426285
677,4034176141490170155690761926871907734116004088976838563193254721997
675,4066760607405306844011229375490042758296192285270846023460212433505
352,5022805536462454636406867451153373423419278990126244098190043111715
676,4049038269008110364246014317072452559985697692260957152279177481240
237,3002105583192176341985427593034149457780883846374016599583154710635
759,4172698979958541148285252111359648568071899456390449233969520523019
631,4379558103790478208681099022417458105804743508004539078385087574820
711,4373622760441266390997033025070402400108483331888283981290502454600
674,4087343156681759594986407102124678329047487868006505176736359578792
839,3000941697579198145596719534399759164716262022357901797075524582849
794,4225612928181068518927961302584906099835327930202054047816816321377
872,3905933123960809151641210243397335846534151014145355561527118561219
1037,5275742904541811802698137089769624639939922714323572033968109739316
443,4127343720953955340451909896661533408868609361643600501862383058324
673,4110785916837468617171547496976359272239584440467934612107618917101
115,4223405068141428295742348206070564938441937428816431831884284255092
871,4057697959329789013026194287809865926732828666952780401596287030944
147,4676239722259785790878287595356464078388204676123474655445327590077
236,3040332773342001991844656285366404725449219139507487680844422396404
626,4494234299424888575670637654293766863998287341424667006084772814555
189,4040628733135808088826012040344695861863961366292091011899352433700
920,4008547302201062824111620740392894503148609598745346597815203678052
1040,4769005802672012342912370511304015595792444436731858704355291405203
235,3089758906089396968921726199378195930289983253844920967893186038651
441,4365782474538139227021532841738583804029458539965927077870152842784
1015,3452544281045143393502781419610742363236272694389133487348562789003
708,4325813365756981728841454322433678759579602376132656951364142186893
624,4556785524740167342928279379624645886426759976615533763699957533155
873,3765400455072009089911016834051732728449300801618441373293662759140
707,4314642828594081494921545118482491503922657800925395251827348942240
921,3949085820071797497886088963809122313278223957216604200606311323955
188,4107241855390538976590595151717745668257149700967061680564233945747
672,4137088887872433910566650560045085587872482002655134329573990448432
186,4263976790920405171380500655956901704766388028918822279165188849515
493,4145822484990239702418988331139433276046675768892999874718774716523
870,4220694961178948674065968967289322969045333760040715893501168168315
622,4628868605519168750449821832144299491227264098562295142192462607587
671,4166252069786655475171716291330857275946180554568104329135474172785
869,4394924129508288134760534281835706973471666293409162037241761973332
623,4591635583196702716656063014985875866030508101744427625336545025892
439,4640902255989210284653474659366126164262057359328521024722741919396
438,4792217532164828502617815145386331831280262884399918262215843692259
442,4241977969262686387353931510131247110815065245674730368510665539035
234,3150383981434361273216637335069523072303176189386316460729445637376
757,4227875697027885479790204205042765693570629208547496055302117331827
792,4304165298869010244479296056956236460001482197005837381190967383709
868,4580385464317807395109890231449017940011826267058118832818068445995
669,4233159066252867418011735758553536769415980627571355174543778200557
324,3808361360143089525856119468390565793012359897295485340945969419360
756,4259754371881442052357624254209892314981195569214674889111084025764
232,3305230959916997863459983271490785167846848524080994063764452704260
753,4372551661717649397319660411013544413857700589570833083108657265707
755,4294493257614254896135006971594064308832562919607624005015162912723
231,3399452863054670149408418072220720121377327923234276173963200172419
538,4186883933710525617502190561103309260665624239631578876700437586451
404,3143855442049035359673775588242064130224605737405621836302580685400
233,3222207999376894904729389692440386151488797946131674159353201192579
539,4172763926498311211255010770251771562234880813586197442620930331776
187,4181691207985404670775424690255147615891291921842638769652846084352
1038,5097667015531269214615426364156179125818095248367337527673530768555
437,4952703065307168513347735349544160489566405819731382342420150288160
621,4668484591707565444309555831099916762017027967069136314267710278240
402,3293413841979499819616392991113899023476502321579912815481446186560
146,4703549498983053681396715456316486462261552947313538122548129631776
184,4452056647810810591851391868853466306239441901673008559461066259515
323,3827924420543797250658335552190728890478664032400612833750071006011
954,4905923168436137525042191637992850464072644557549113397509459337547
1014,3445754614421524209933578998863050695359489548648305770438788383380
400,3482854481398684040251566358221644348613338085899055929298235417120
754,4332092354226324011122352357195281675124731259726343403014353992704
752,4415871180088231054726931133048852525031470909141093045298072731732
401,3383148881753001959847410179138282882059302806221377855560100335665
183,4557850921766215511717207116048276818837399667351011330244600904352
1013,3448017850340773425652113292800378238074661523724410484472284971675
867,4777078965607506455114036816129255868665813680987586280230087586304
837,3081552457492297956641302707278113355939067717682286749177288586781
403,3213649362078177619558514794148492772864936631974660809062272969805
399,3592530640916546060828861528363983423138608160612947036695851430925
866,4985004633377385314772974035876420759433628535197564379477819394259
836,3138200599981711583399796244418190173314295141841386367093956047432
440,4498757236780313859454713891483543488511789244517190629940844969571
793,4261785542967851342178738037887991111085900488284423054811834457344
182,4671481426061755238003268790407439472676311319229620521451866175747
579,3984873629910699860748943851025361326992106579057670476458615667043
835,3205743917493034357649091082025533471865405616998424079587813813873
322,3855312352594932321364450526038681276446549304309821790281238090260
874,3636099952663388827835614059773056572478278029372037836895919624707
953,5045877508607438961190246208090746287569134468146079578890819849632
1087,4221645637600811817355721199098598528613159294568861814802486991179
833,3373516077581407348620084658642019512495275720306313788307100264125
397,3841794639568809922502868841825594396102852695149368352469526255585
955,4773964949781161441708499280562828834251024127131969807146552390900
1088,4107714400634535273018530203026183843666674775925604416806718036148
59,4063889655455589862139145894154620062825659603513696432149243607275
670,4198275462580133310986744690833674336460680096206844610792070090160
625,4524318430149562629266470926060609552416019723175613557282700129376
229,3621493497122722702958811338719197839955573185152727011723182978171
1012,3459333988802891040658384301422724991381788619617447629449052553888
668,4270902880804857796246689494490444574812082148661636020390598503976
144,4770183999044785775186633556935098912416809597288612491704330244320
789,4468547413258743425679657816751934532738282227004352276633054905192
667,4311506906236104445691605898644397752648984659477687148332531000417
790,4407546234014456286229755946388208170827673066365801992101577607633
838,3035799490024793477373610470605303019739723344521125225837811431920
952,5193827970295065750152662990856516304740493858922868351290633927155
666,4354971142546607366346484971015396302926688160019508558369575689880
919,4075962751792778848436290268338131188667433613220401589590720738707
492,4180511942956864686482206259656231942090254170861035502917359388224
321,3890525156296494737974464389934422950916015713023112210539470672107
491,4221754683060136182056564688401511655071716945178017874970421404691
398,3712177360306588021579295689565300105635113030363051177752948377080
320,3933562831648484500488377143877953913887063258540484094524768751552
185,4354098604195540478405823048823007934882438022195612209101262241236
951,5349774553499017891929441986290160515586722729879479714708901570116
665,4401295589736366558211326711603440225645192650287100250501732572365
834,3284182410026266279389187220100143251592399143153399886658861886104
865,5204162467627443974086701890690512612315270829688053130561263869860
142,4852838427926779619313968162485134939116813057390283440794659562392
791,4352752195884545225829635359789642146582073056366297026954215100472
230,3504873708789911762574694094630191012080236143591520489949443597056
145,4734864257911387009499497443509364740271087921035250734634463849857
319,3984425378650901608906188787869274165359691940861937442237132328595
620,4710483541761892798235265011852727678399799707264951141562288037851
578,4025555033743086584345205645192734473648553092187475894979620293024
663,4502525116753653755570898197430664188404604599999594481051382916401
706,4305855255297111921067611096328497893858721097407107207509885786545
662,4557430196581181761065627942669844228445512059444497019468876377952
58,4135630078292860340388540906501563561707912991253125159389328942080
1011,3479703029807877054952392024730090955280870836327417205369091130019
618,4801630333468339486284608918749930447944366802723501761809433823947
435,5301184902492013913104314912272686779942503921174511030962377949076
619,4754865455682150812226949374402732240375579319149739624076195886420
577,4073643506467292059688222301632714547998444845896924125442312575451
1086,4344740396287697796513700727962589046298978519971115942555228805600
489,4323900009676618707738703046577514221848295610858822850639977471923
830,3706888130378285441257584777071247182259203757752684060714957232928
181,4792948160697429770709576891930954267756176857308836133082862073700
436,5122358855416230316843235271839612139120486165322913265335661707099
832,3473744920158457565341783397651162254574035348457165784532528947936
831,3584868937757416929554283437127571477828678027605955875335147937537
664,4450480247805382021286131120408529520804498130280462224729001647872
490,4269550705300054189142063617375272414991064091843946990877960765924
750,4511090849467163183171360581770604864701414517458923815962240242848
488,4384802596189829737846482976008237075643411502222645454256471522688
751,4462050909338068983344164523301206008646042218437123289582600390779
748,4617751362363120396455640703360538694134562084679835715006856526052
661,4615195487287966037770320356126069640927220508615169839981482032525
659,4739306701339303404809593187689656583213040376133826327292029920737
829,3839802498021063100451687417482189367865612538897350340671956834109
114,4201525677874630536735779199827191292936886293013247686640277203243
1085,4476998676695193210492468789618155396724132452132366800064943479411
317,4109625087607017863453508745995282533809692715917088528843055975475
537,4207170391292551553543108218058614893051578370452289450748853039012
179,5059390320989183255382932376471040281638769592069086617616045749280
318,4043112797303746063227899321908383705333901759987472253676561403236
316,4183962249560717009583017060129970650787064808650786267736616045312
141,4900173115675374697754166654609436793671094841238592632815122486001
57,4215121172080082632834272726530091554310542729302668455327472783123
828,3983612040685749907136591358360398034647904371039954715206146741080
660,4675820988874006585684975437799340425849729947511612942589199880120
749,4562991000475513654208519308457049093197587806206494624436992287939
56,4302362936817256739476341354240204040633548817662326319963675130404
487,4452258464839687279465403405667440976376411765935414801727442918219
228,3749312228053102970560769804487740605003339047917895739284418315764
535,4266242657566038015006157130280529959689118746419698018752408537792
574,4262351337990820996197801444588296337208791550503125688480515361408
705,4299450645866073007279652255971697929387792265577792818411752719808
747,4675371935129983409912724766481073667512337352878947087671832957187
657,4874858758907665856688716692121425015262064202555563942983026581037
786,4688793797677861318328051130434075644460164612754275046532175540257
276,3228776057221186385553348651385706973732364220386754342873661081379
315,4266124283164843501616424264312448056266018038188565470357241612747
1082,4928754648241336061353504171334309444435602489170099751135924657184
1010,3509124973355731468534136462722476129771908173854319212232400700068
54,4500098479141460395349489032705182494440690045311985755330255343680
617,4850778175120458820408243644894322301106162157986237554762001850432
55,4397355372504382660314746789631901020676931256332098753297935983923
536,4233623299244389019377763741117688459392743206048329164766176689459
616,4902308980638508814597853552835907799860965384937947002933899965875
534,4305028466257498540428288385547139393940704991566396012707548584011
784,4866660426195820308675886425047971407266465289782783490052163248957
746,4735852718776102694579771497818654013330913610803828742431921581344
486,4526267615626191332595464335555125924047296401997130893052891658516
787,4609171195090445941728805408774868269554528000198588803848353871504
180,4922251125673239109836131420618821204076996281588658165137588598211
825,4480411718811265212136110983798622922050078173455396406271858296733
745,4799193713301478250456780897373279731590290858454480679287122398523
143,4809508722383249978458123796593688978698717976073623393757728815165
1009,3547599819446454281403617615399880514854900632198153650038981264035
178,5204365746645262207349979759487611500441496788750121490518233526907
1084,4618420478823298059292025384065297579888621091052614387331631012612
744,4865394918706110077543752965144950822290469095830902898237435408724
785,4774623541379652773977078135858443357030810375949006608600111999408
783,4964904452126363922424475998002659795167129354255605690888329288904
827,4138316758372345861312296599705873182606079254180497184317526953841
918,4151332168846945570860097547644832369834696000641769175932862505920
140,4951512785629035213778719272966594542361563327618550969819117585992
782,5069355619171283615222846854722508520732802569367473211108610119249
277,3157151661589341589964966932782449242553523944976692334451450688256
139,5006857437787761167387626017556608185188218516530158451806644862365
658,4805652624683856495144173605797018113017151794481809994089972154376
575,4192041658591159265614520201330495479778564075054749022192760109643
113,4185891605815437757163731433822963586900979361639216119569819432672
615,4956222750022489468853438642574686944208776483578630106325128170276
704,4295429000300964753557668597412091610509871305437452084532949742029
53,4610592256728489944580568083460048461924825184601987326060633209675
576,4129139048083316286777993820345301550041781840186015167846692514324
1083,4769005802672012342912370511304015595792444436731858704355291405203
573,4340068086282301478527837550118704122332464266531145166709958269619
1081,5097667015531269214615426364156179125818095248367337527673530768555
177,5357177402641475965737273569668534860485177871631762783844151931092
656,4946925104010731489443222446662877289947777600355088173971193200720
275,3311569614424067517176584930189906970399117949882231516829223410500
485,4606830048549341897236665765671291918656065410407793728232817743579
788,4535755733617406644179340970880821232313900538281947880548646993149
314,4356111188419397339553730358542714750246552404530426136704932677780
112,4176502851963849957026204908057881820334216634694337130672910943379
274,3405532333197984984834675769195049232553785133463123856318137675619
1008,3595127568080045493560835482762304110529848211358920518788832821920
654,5099638426854631568582121960396917956641607365131447482232863019152
227,3888329901581052565380569491935819307223533731887026672633149609835
655,5021851659993053393407690869421374937074291987880382687054472013425
703,4293790318601787159901660120649678937224958216986085005873476853208
1080,5275742904541811802698137089769624639939922714323572033968109739316
533,4349980725318770595644157506917516762147501941488423146631596828116
702,4294534600768540226311626825684459909533053000223691582433334053345
272,3626965255458928928255421127808160553326859862881154031896022013851
572,4425191903465600712604628517921718835149582223138807456881088834276
826,4303916651080850962978803141518614811740137188318977748006097472392
313,4453922965324378523394935342820770732728667907676368266779689240411
273,3510664213542938788527621168401133760196365771129431361340403876736
917,4234655553363562991383042578312998046650396761009449356841628979691
226,4038546517706571487418210401063433946616157237060119811769376860384
652,5263792593215556732560872146999140113098641088810887918874981609672
701,4297661846801223952787568712516434527434155655150271814212521342440
653,5180285404595466014966515719589506348649723732108282559506366217901
484,4693945763609138973389007696015938960202718791167403307267221173408
271,3754435458945955404018075647416129611945267408718291867984992086964
270,3893074824004018215815584727225040936051588408640844869607314096075
311,4673021134085622928789041981520250563197642324380496918110398858467
915,4425164224784149926726345893733722887227113400583747502359036046907
532,4401099434749854180653764494391662064309509596185779420524553270107
824,4667801961563588608784220126545897513535902209589753159114809426864
111,4173359416319867136323199622531945993236598112178610719949551735364
569,4725005768366410925315530594966404539761607536439651199044606466923
269,4042883350633117363647948367234894525645822862648813036762988041184
110,4176461298883489295054715577245156105608123794092036887399741808627
614,5012519483272400783174998914110659734149595453908286864935686463635
570,4617660744507655435998475040345569043864153858093060473048412932928
823,4866087379337821152923130569760438586197609296722048006534950862785
531,4458384594550749295457109347969575300426727955658464834386417909984
225,4199962076429659736673692531870584523181209563437175156693100067411
138,5066207072151552558580886888379477722151060407973415078777704315120
310,4794307525941886150341943635941674411184501237938683439366351913892
52,4728836705265471308007983941896498923129336674202103465489069581908
700,4303172056699838339329485781145602790928266181765825701211038720493
650,5439387603093506981379473006469543759318878771393409483897548972280
912,4770581987883410565484834002075793865455476157042539179884831946916
651,5350159992714903721365191242625819249988359435239263560338709194465
1006,3717341772975833115738481361542208933655608732131251549118348919444
109,4185808499654716433220752772197512157448793680434615633023481163168
571,4517722789540718698428174347997340475660145420326112558993907055379
699,4311065230464383385937378031571964700015384580070353243428886187504
309,4923418789448576717798744180410887547672941288300951424349370466915
566,5091483253293589903747226432464552593614640014957280248683313007584
822,5075267972133962844552842313442246140035199434852280948532282604496
913,4647488766054539654466200214600305710397583531943296026142941940355
914,4532349511688119441546704178486282050988129279790365466967676640352
1005,3792028229238029525758909372959690161106421673742815710698013459083
568,4839757861116985166379341011859846963352506455365884736982487657364
565,5228456552719620400051301436175815800285874655622442222446257167363
306,5357701809871212495592539154105262688147748260212244161660819111572
1007,3651708219256505105005790064809746916796750911336619818481955373723
530,4521836204721455940054192067651256470499157019906479388217190747747
909,5187585458144727487135561872671045304519784270018144208510250205947
268,4203861038833252847515166567445690380727970770742196369452013922291
916,4325932905342631110005125360342628219114535894323442132317020160020
911,4901629177174732174602605540912746516161807155088094928193346660035
698,4321341368094859092611245463795520254695510850063854440866063743473
529,4591454265261974114445012653436705574526796788929823082016871783396
307,5205115931413239890424041939492681686154564799437731785496604065755
137,5129561688720409387358501885435203153250089001948320850732295944257
528,4667238776172303818629571105325922612509647262728495915785461016931
135,5268285868473319357666794258245221697856706297493079829592075731677
613,5071199180388242757562534367443826169683422295926917278765574845952
483,4787614760805582561052490126589067048687256544275959630156101948003
743,4934456334989998175840687701133667285431448322933095399282860611947
134,5343655431657372499197471633999514811364294999062933036497263889960
742,5006377962153142545347585105339429121013228539761058182423398008192
610,5261536054931352641120991818226487349842950052116650451571220526651
395,4130940877709793544869432119523115800952036409830641802881124809645
567,4961917022759378159189906291025896314636850614871761086862056504251
781,5180013927330579387070998995207517583963484935118386050713005739992
741,5081159800195543186064445177762236329035809746314791247659047597459
136,5196921287494331653720471008723784478485304298454875767670419749776
611,5195707466217718686535530819501739977530099595031099072083341877460
312,4559559613879787053140039217146616003712364547626391860581511300640
51,4854831824752404485631736608014533878054224514112334173615564460379
697,4334000469591265459351088077816269454968644991746329293522571388400
612,5132261841370015392016045002574186250810257009634521347814793317227
564,5372836921037469648102131302159685934650554536867247008150888983588
1004,3875767588043094335067074099062190599149189736171312303220948992640
527,4749189737452445052607867423318907584447708441302497889522958448352
910,5040630333928504481819514831111163662516576526079963271068486079712
482,4887837040138672660227113057390676184109678669733462696899460067364
908,5342494549823401190550746665592391442171430386902637740518639038740
780,5296879376604251237968932419457686984859176451508344209701516151133
108,4201401018633548550821311207389014148758607771206346956820769798987
50,4988577615189289477451826081814153326699488704332679450440117845088
106,4251322011214027724325991798489455949785668566037267338935994914459
740,5158801849117200097991267918402088909499191942594294594989809379748
308,5060354924605694631159443614927889972662962475467300873059454517536
396,3981382478703211763599580985144866294541827154971898560845585066440
779,5419951966992299167916647127473016723419877118537347688074141352672
480,5107941445214792393109780419679337595768176037695309061949608340384
224,4372576577750317313147015884357271036918690711018192707404319230916
526,4837307149102397816379901607415660490340980324651829003229364077659
394,4290469836588555266312422244960342915333480459725598078576145485200
609,5329747607510917255772427998748428367748808380891175486278429264800
105,4285650484815674780230113954398395759502915270096456397253931394112
107,4223238855819985647856390882819662079537566066407230858791607716084
738,5322666579598282735474801404332930187748359304330612135936669523392
104,4326224276624926815568757350546481508689306178584798033745417155043
525,4931591011122162109945673657616181330189462912776489256904677904852
523,5138658086271125286458431356328526811752060203351797184162030152896
267,4376007888604424667417239327857428501298032132920994867674391739396
524,5032041323511737933305183573920470103993156205676478650548899929931
479,5227823570957822026817824851166389872004251280199652360256398494043
739,5239304108918113281128053327258986862403375128599568224415683355059
696,4349042534953602486156905873634212300834787005117777801398409122285
223,4556390021668544216838180458523493487828600679803172463903034350899
478,5354258978837498172037009782881923195178210895052942402417665992468
393,4459969355339496927928551361456547637686159304656767387930647093105
102,4426107814866245824549607863560090825469520608848939041249036520739
481,4994612601608409270912876488420766366469985167539912507497295531491
392,4639439433962618529717819469011729968010072944624149730944629633360
608,5400342123956412530489839361067563031247674581354674176204968091907
266,4559323899946632823354166648470108887356006949185208531430121492499
695,4366467564181870173028698851249348792293936890178199964493576945128
1003,3968559849391027543662975539849710247783912919416741326687155520115
101,4485417561298312798191814980425614393063344130624738412261170125504
265,4753809072859877315325948529283731538901895219534837360719203181600
49,5130074076576126283468252363295357269065129244863139295962729736035
103,4373043386641783830341921986933713197344841291502292248410452197252
1001,4181303079715499158717988565479807176829224648358396666449381556819
522,5251441299400324169405417004840351453466174905802444857744068573747
694,4386275557276068519966467010661678929346094646927595782808074856929
693,4408466514236197526970210351871202711991260275365965256341902857688
264,4959463407344158143332584970298296455935696943969881355541636806699
222,4751402408184340447747186254369251875910939469792114426189245427360
521,5370390962899334582146140519455944029135500313028421671295015192484
1002,4070405013281829151546613695322249107010591223479102781096633041508
1000,4301254048692037565177100150322384457239813194054622982745401066048
736,5497972153596390457798185563131952955760730624970010805263978439124
607,5473319604267838465273225905183891340339548653507146521350837007972
263,5176286903399475307374075971513803638457412122490340515897422367796
48,5279321208912914903681015452458145705151146135703713710183400133220
221,4957613737297706005874033271894546201165707080985018594262952460299
737,5408889261157708461031512149623918885534144469787426329552767884747
100,4550972625937984751268543337530283900126311856829690361446853011547
999,4430257920211444370923948449849980948242356860567781729984691569195
220,5175024009008640891218721511099376463592903513381884968124155449716
99,4622773008785261683779792934874099346658423787463794888806085178868
998,4568314694273719575958533464062596649836855647897872908167253066260
98,4700818709840143595725563772457060732659679922527051994338866627467
997,4715424370878863180280855192960231562023309556044896517293085557243
97,4785109729102630487105855850279168058130080262019461678045197357344
996,4871586950026875183890913636542885684801718585008852557362189042144
96,4875646066572722357920669168340421323069624805941023939925077368499
995,5036802431717755586788708794810559018172082734789741028374563520963
95,4972427722250419208170003726640820527478313554291738779978506660932
994,5211070815951504388974240667763251562134402005387561930330208993700
94,5075454696135721037853859525180365671356146507071606198205485234643
93,5184726988228627846972236563959056754703123664280626194606013089632
92,5300244598529139635525134842976893777519245025918798769180090225899
91,5422007527037256403512554362233876739804510591986123921927716643444
