88,5404414960345069539341953381218452862393919644421972042792724491300
87,5250049743242727273488194806534693697018615181886150079067912948595
89,5486484223592688697856571384591003694431538677999155753956536166755
86,5103502871462877266242385889857528039707243770566847486347834436288
90,5566598522769904063803661613908805535833157158174313377522269064403
85,4964774345005519517604526631186955890459805410464064264632488954379
1123,5691774667079210288329754371244000224784434473139794276687807988785
84,4833864163870654027574617030522977249276300101577800413921876502868
5,4302450322887923135154989628454313788002245792357380562442410000931
1150,5736600430517230846873319504605751717336327723143174083256546667904
1125,5730985942717306733749143741422304345694996497312039033628228103553
83,4710772328058280796152657087865592116156727843908055934215997081755
2,4239503373534396776196561591133183769758116986505471001069334152779
1149,5652671164712529034928748788177578359677489315340628001425778870368
1,2826335582356264517464374394088789179838744657670314000712889435188
8,4303141418411649887445557914118466707829318472229725054109849107443
1151,5737521891215533183260743885491288943772424629639633405479798809920
1130,5733025869959919778361688321103344994232155479711755358096604892305
4,2868300215258615423436659752302875858668163861571587041628273333956
82,4595498837568399823338646803214800491101088637454830825514850691040
3,1434150107629307711718329876151437929334081930785793520814136666979
0,1413167791178132258732187197044394589919372328835157000356444717595
1165,5737052947277979234786780462007989397805778314336401021208218302432
15,3824701964851986156524520308005326265203852209557600680805478868290
133,5602051550413799007276423695800487017602072006569889655602923103643
1152,5557142670621574405892177733511618010384920956531551903897179878072
14,1912350982425993078262260154002663132601926104778800340402739434146
820,5600380323749911933285522516221675885071068241555642466201018905953
175,5473014479363322053733362583588695608495320255962738178077114900337
219,5568483365708763618574999506658469466111716335513759781268388814379
1163,5579077556991646921690219355339366575034511646259420542510164994456
176,5588604707830399251394817779107619741231074695179230726323567725245
132,5601171974292692231633882241318837846913070414005087575298909695355
648,5599781283639163846991212846074711768166867186658696958871828605315
649,4476164366183747566038545480673258182413012363595749234729245290163
1153,5738657391427564093903722336660385879783459294280088175424091827584
35,2869328695713782046951861168330192939891729647140044087712045913793
819,5387923525733507275885290291348679275365171906540912662514373953616
348,5568951850605523665152949858381743602517399723592261092702004657291
130,5350010784881931082602464068952212174326037220816994964535300482635
173,5421462570204007934636556169917608292513913238467629462888169334257
174,5503013166004294580840530999156976328604443588161687752948787033688
818,5267876112755176734331722353688999577984776424607558315064024288033
39,2250557355364514349793549158722103101230598372441442288383950158433
1162,4501114710729028699587098317444206202461196744882884576767900316864
131,5472881181635931640390330423620794761119942870295676841954756994548
129,5233440360151797333912824631794739257220355058133844023344553567904
816,5046565679713617932423720079597395783964115135476028613026072449213
13,4304022040362599807668807589676735791592731352393185289150540533763
817,5154090164081880286511198949771905080851090834252596965234590453232
346,5407139632062384770103943767350526361077641523845538852937172142996
345,5253220735798147408756704063566734155464184695039921456129594284699
171,5270484216680888715279542363572698349941154811049966932709422911773
12,2869348026908399871779205059784490527728487568262123526100360355844
172,5343952920429539312782893291389515632959483646097055856141714626952
1142,5710609548551121948396950655349273252797329632337703695958097296005
344,5107195161812811581111230747030366985677029237175408902279271082400
1167,5646802744605270640191559767895794270866092545142800350277820777128
17,3764535163070180426794373178597196180577395030095200233518547184754
1078,5513392829581860941156000602097654155905958366363386479671091158459
1126,5710475553927088065081970192135685830202837263093048987679356392005
40,2129136138895557883746386125000174203261617683799373405443677369297
1166,4258272277791115767492772250000348406523235367598746810887354738592
170,5201056458958056142126503386467156443458926733326362692591294188720
1131,5689599335863900320181118785406797475201420973922247764040498386965
1161,5678237195682321946299416509769538530393806559520258383012511408928
342,4838823980678844526925583275699907753581622434269698323450388645796
126,4921528918104596942433267825388978524032649490857576817144570406803
645,4415742112536988709512434389030057115144057883103928803894118046848
814,4850301103892195505447895940476132790930293412658070901471783933521
31,3825619017013544022472499123926560501844218629110780337598058886402
1154,5738428525520316033708748685889840752766327943666170506397088329600
1135,5731954824609166752776698182090429930596246663754060321810630001489
1160,5736145116936395847084712577877957436421099822533008567468946271328
33,3824096744624263898056475051918638290947399881688672378312630847554
778,4229832727526663567310653272871007092282658681515280817960127182843
127,5019199426763130263828226510013122432073661193154134949649188529988
7,2868760945607766591630371942745644471886212314819816702739899404964
642,4376963028873856669165644425391320537188501397666486765980247558715
1174,5697285730280957827778665565654416915634803346335372431584104558372
30,1912809508506772011236249561963280250922109314555390168799029443202
520,5595172173541673054016491612115651008558140393514729857670989424139
1164,4193027516352971068832056896823338163555096209934194469372605941880
647,4453618818303313856509917213680583994510761092870211491904063236260
1139,5657684637547591649004502198939054170421945608926651433125631079629
347,5568989153927910590315553455103575308493035714521196808775297871179
262,5494690646344569148294060561588378603507054505853734357807428092219
821,5514232403016871911171902762750944172992277280052660007585639449981
1181,5711510593896756109906916059292601013322643864297034206796546760256
218,5568701828620227676033837991484898905537159897463408465339619426091
6,1434380472803883295815185971372822235943106157409908351369949702483
606,5577959775233558836301626013071112851324632262197414425637173872755
128,5123169907445530394321412112148376009802896382246224018382516250355
1137,5697443706075953937006753994935911116977679873593482160867462186675
125,4830158381469930430136536058275944285679861275356549620868661880800
477,5539551157803111872437513665385771565414288955914952403299015995403
1170,5728443368405371078994564192691228521452538108452067489674008055104
21,3818962245603580719329709461794152347635025405634711659782672036738
81,4488043692401011109132586176570602374109382482218125087818437330723
777,5641396093855033240636752020696482583961449676128496200539133311963
563,5601071726181096712917137047544965857106235706121183376135288384035
20,1909481122801790359664854730897076173817512702817355829891336018370
1144,5618050174546715046533237313744000868919799629450129596638112570461
1124,5645311807905644782401304834145815788810622414423850313031407847933
1122,5539342586778266227823335841452380559761456398943907832102348112091
391,5533864784993236490569145392350216151037747919208335147977310288331
1140,5683904661946356511991591052217994419017457740275976975185814323377
16,1882267581535090213397186589298598090288697515047600116759273592378
42,2868506390697805424693778478445587093357632319756170964827818290465
1171,5737012781395610849387556956891174186715264639512341929655636580928
32,1912048372312131949028237525959319145473699940844336189156315423778
1121,5513392829581860941156000602097654155905958366363386479671091158459
562,5546161230056021410031327036450071763445984812074127113910595765523
1173,5638244784163064498249500877102000425375219182949506279973905858912
28,4228683588122298373687125657826500319031414387212129709980429394187
343,4969062910106377287167523817741424851716175150252001191386202536099
815,4945302659650389672069285743165471687323849328277853258438470275976
44,2855282441838221993706116577296089202174408478225146886327649680005
1175,5710564883676443987412233154592178404348816956450293772655299360008
45,2753728847985735520109498229747234686247234772783039559862116686941
1177,5507457695971471040218996459494469372494469545566079119724233373880
646,4433478067087727571001213516466183638754442932706271348292354155155
10,3825797647399090740493823752309473047838623396200585315476773939202
644,4400410954651097272043579831372204423679605944063183858709354911339
1075,4996743287711981311011506923657678703341719381856004629559392387936
9,1912898823699545370246911876154736523919311698100292657738386969602
27,2819122392081532249124750438551000212687609591474753139986952929460
1180,5695207060668930700331056927848036931116318978261886701242218030756
23,3824675187597073899591704637927449457810176426341561286437091053954
813,4761561012439035432559550671529379094783447388616681542126013421848
340,4602026088660483607547001353359148664791421115128407116450524833184
80,4388406892556114653534475207932997765181609378197938721126757000804
1134,5702234494307664204828915566605611444137526939096505344190095276531
79,4296588438033710456544313897301986664317769325394271725439809701283
639,4359827115194351444998175589757048448546342907283423120987633825764
641,4368846260982507503756563577068289342161848790310534618435903341600
1136,5688037986122308150806040170755204320701774004439488903862485401365
26,1409561196040766124562375219275500106343804795737376569993476464731
519,5537826692212575849951243038497507096727281245203309587293239385291
603,5278907446357083985919637514063373834273859445329339226687873915219
34,2869348257384191900169354806158507798977656341077739961477285068801
11,1434674013454199935889602529892245263864243784131061763050180177923
640,4363134289756005762367407298523531979281129293516180070105032097283
518,5458260317065246501525177012457915333816470877590581768235245915156
604,5424696906080320250422035144569243777596927031799111817132891607268
169,5135669647261041593323776360072889913512799412926243135787328457793
341,4716478373530213300385409120905815691273371089228500298471829411491
217,5406442873865092339092497618692373952966428239104816275563251436756
602,5140591396063850042794433121553503021355429502788096654302120796608
1133,5705881640992762978736743869261997992142311380125988259595972490805
638,4358924737297544551648868450768838749957489631612263771083708527043
1176,5672451874137591688599952796333019828001703086622320343823462013476
1155,5695477259263344817914383530494352403407301479606975573262974694464
864,5483171005809589387400720628096809116262306130353102182727169193729
516,5204272675508493807694359536529227100804627526998392904645722232864
561,5472220009750933224743085727912849972406614161132668928737166419940
517,5327960484387520086084466320595774031231966588751802783893490184731
390,5591210664636813863308431951731987282974068845397448570232480515339
811,4602865222447817567981993734863627303229885015269081816297219890848
907,5479313755231112502858049574877017836110699059192257412321849438659
78,4212588328833798518162102244677569071517862323807124100757595432160
216,5252307049989302195261243021991554213330463654439339989281676196731
1143,5694415441233419589337682760556851669808606885824173282317688474899
643,4387484593430053258594649843492625564361087115584036512738064748628
601,5009748755200618421046421967039631338841637204175384099975632251435
1119,5168366203725857011549884243496729383703828521609786620781683950219
1120,5349232636747951983820493882761630002510407527305754354962669191604
1178,5711226838445411513038526875719633809507996749331964080389038641608
46,2855613419222705756519263437859816904753998374665982040194519320805
22,1912337593798536949795852318963724728905088213170780643218545526978
1077,5349232636747951983820493882761630002510407527305754354962669191604
1076,5168366203725857011549884243496729383703828521609786620781683950219
1079,5539342586778266227823335841452380559761456398943907832102348112091
1128,5286272738820983027547196335454569251792819389450632483242109765345
1127,5672805813480900098125519719645520072534601284549921107471890753331
560,5349589967645905382562558618981609782322235187567465225274580379043
1148,5738696514768383800338709612317015597955312682155479922954570137600
1138,2869348257384191900169354806158507798977656341077739961477285068801
600,4886379523767389120675604050521758786732482549491201563708408279700
515,5087196890428167666354856660258274542534453692330352130491942059555
812,4679082385290909453404249936325210598883311256153685180401158740957
637,4360427156065585082319485881558902883514569466502702020393256201120
41,2861330461205219098888930824013238862173819194917759921281048178001
1169,5722660922410438197777861648026477724347638389835519842562096356000
599,4770483701764162141681979371999885365027965538735549045500448881403
388,5264743581399167328056510406213509128661025149237056097076176365659
863,5344452957657192816292559460211015630024004047240399018678917912541
38,2839309917640777526792646283127367526293275633432331955902491287873
1159,5678619835281555053585292566254735052586551266864663911804982575744
605,5575524790029536935122187450547863033154024007933050417484116452419
36,2869348235549318055370367814232104785878967547150438986607580454401
1156,5738696471098636110740735628464209571757935094300877973215160908800
77,4136406564956378838387840250059744986781888373436495847080114193435
862,5254666535996208188833913784987916020971376587166530412758264943456
215,5106075894081393187081235716556010247203822581517330922423663094304
167,5017018861944466568769258159418182983228847044096458072121885972317
1157,5075141643316919762366627655738152363701352202156485696162564527368
1145,5713899437171735780017167851407266928946148526285968299792209381605
635,4370646383596208415720494452473852647066528467968371316652770467668
213,4837327586169218577674962979480749635478510970903714446978323302244
1158,5738696053816799743558410119568981055456975136524247052200720711680
37,2869348026908399871779205059784490527728487568262123526100360355841
1129,4224206915633817857763203556918345050991666889646803537646302287373
559,5233181599866013186375555720751245286853098785425572265747530261344
514,4976733129146541662065957691782916356421445084747680461432149664804
1118,4996743287711981311011506923657678703341719381856004629559392387936
636,4364334371498473037010027882127240849217582411954737868916276847995
906,5484833362771730253110356549329734506074466972417143802746856060531
595,4381634508051277439479413037872382982256273934998239153261257022595
558,5122994906411256636182077033221756485999204954706990050156016066843
513,4872881391663615794827662631103152542465601704250377897466345048611
434,5507457654160010486307120757947364225001351653457831386581257842225
212,4714810434164952976448697547841032989879840433212107038390996612611
168,5074323781589845068871361284389898760102772849849608262297525718992
210,4493490134060065180949908558357427019210469893059293879487029646139
305,5495591631045878769315389854917399433399587388570586418563735933019
692,4164734079948575400699332269715327744213523328460919606066265702113
510,4600998322007039015416400895837427333541062925270684836132857871380
211,4600197950128568510873679407466592117790493407263966849227232060576
905,5247291173466041843305772843971998736329922762657790008062239705316
209,4394686985959442986677385000513537694139769890598088129170389369300
303,5263748306585601376864556620417195837239354551167397322691074712756
433,4874064409459281244677290420345218708220067983683638758485597659949
508,4452803061229488514395245944638249055043863208044401654047138646016
302,5043166497717803933388235924963598783277236582091310685597177248011
431,5075141605222033479913585349884123229318733678235637761521186820749
304,5454336928839464353435690125037081227246709847271861400427558182971
776,4204279140138662487926956328728662246137079793671149030000255732820
1036,5540075607082770083975097359650556102735728415143718604677893263411
301,4833846204442486438886427768556608271513233481342326507282043538784
261,5453691710372005715035802913256321542755256517433593739815774167771
208,4303788505826701928056108733934924142578393399880349598277311230059
594,4303105733198062067371754549330505212574945143885236725349620491488
596,4467636692334495132964264764410259882342240370039771599232158127140
1132,5652524138614309906345094747609064065530760483242193353216056981493
1033,5170230638730916588623556994762787753180084126041758467302780416147
1034,5350587135387475698996812984715158335310098078316222409711913164900
430,4874064373222682097953664812337727580392699143856490723095018865848
735,5502875273100549618395861081517952811793010794153787251108171882081
633,4390484797786221445201201302501897739202219911680431009766176625408
597,4561112286047715147826309728944135912832844449009834063262323805123
165,4914531860731163641615987761608577559089297704560611741713095455345
299,4448990164669291296806349072882446874579571884825665526988067386884
691,5582434228399319420099993718436700821650474116702162432722539102477
164,4869349779163239214564820488770687911823674170777915601479944685048
1141,5711036666511767782222650771448118409294014282522705018946473875347
593,4232050367774849016641289298784626573298253996700764315497248533819
556,4921286542477150473775692290265405968137145007539757850779595447435
475,5349924183011757041827783932763159232762229209869772009590075601044
555,4829764871997800861562786234838544251128978891091107866994689022528
163,4828208643621132811863965166644073641094151394318704144560956906877
24,1912666626563698238863758305907437808805956831176309083118359117730
904,5026593177115226219121031455311420425005309500232117629783267155971
512,4775641677979390064639971478218983100666923550838444438594528210976
124,4745087816859130726938031208674019717015296546651053360821462951979
389,5395906033699107248726218005669807509729239213332465876401041551636
76,4068043146401451417221527913448514410109847474282386964407365985108
591,4112359865218429879311938511680866685958784634117409549970298338795
509,4523594679718913696380521466340041008213880453114858692543004369419
339,4495467126069655448410359973059906674135772511969418777386474910875
1172,5737999879691094716591274917722313426417870493528927249355077353184
43,2868999939845547358295637458861156713208935246764463624677538676593
554,4744464875843586895343404390112558228736055346065768627145318520819
1147,5707361067489170565500988276418504982388914225948211560830376317779
1117,4834363888706324882205361923244477961424080108044408381295794504755
338,4396801485757728822975484980008089719306425279751535281279679644564
590,4063724728085223792713052975122985437896006418718527194295720101440
386,5022807573781855450236754568973243147245480946387615015180656645859
734,4473910738031686770024700090799845183427573842839821101990555598925
385,4912034018464483493086706331189275546898150807633583712610002112036
25,3825333253127396477727516611814875617611913662352618166236718235458
689,4116805095769137426829149114460296309815370960232372494355653539757
214,4967749406141365314552475702385742054586505020338789074989212129475
634,4379363192358791218450885592598738277061407634543602363602737060139
19,3718224835278300875839858695716462714731992392319569748721983977458
1168,5577337252917451313759788043574694072097988588479354623082975966184
73,3909862962671622705370288851654383728477323084119176542417519542515
162,4791108454104844433513421795228734746900729375182977370956132120832
74,3954771345259073350712752214245833780957564829623727312076068659648
387,5140377428093416728560022593981321007833105726922105810002714730400
297,4109180187266015950624320533394711646438369761617414381809146257056
690,4139326606420630853365029675594313792966948245226978947727281568072
18,1859112417639150437919929347858231357365996196159784874360991988730
260,5262244009682010309118750780113416291687579170366549790195369267956
75,4007498073169016254663165234843877341501739626344797452739350807179
589,4022563000382020027491360676561103320237865847248174856680406437523
632,4404011199878499095971441582183331033488965299378857255143089163475
300,4635787426759648893359132151196224301947345248920444787745673585075
592,4168468411781638287288017286234747064426200493444821923704141149588
428,4502071494163253576507518070215385980371178981562096194450418067720
588,3988874682108818583646861615995220332984362919706352537124357347044
429,4683041002869755463484975719114815164076847578298643534071429281505
507,4388623466538763469460574330732051474031011190059313720645260701171
474,5169547601146251541879559488022003754810148705530629325270267146523
688,4097169547994095121091690586313275294758791473477100245951381617168
598,4662061289190937484065547931474011073728086171908426545351754056544
557,5019029887281635731982122556393143379760553695411718578500037795540
473,4998421412206595372592840331162305131558047442897524350339590631840
166,4963754888324906093017466985157742582891021995666792565260409217768
298,4273454418171413649228078533615275989409913389057988725009224944211
337,4306029167724703731242376374203697800303379418474756628130139034251
950,5564301423772494605636417671383409451965485046327209876273937352875
552,4592529906510565900885213332763213267795935970285022379253185286995
861,5037147512970294602077441118699798438474849760275804532655383605181
733,5429077785874299739121427377474812880697443052609751558919651742504
1115,4537335641719669839789768880695626292922211158247773113644679775699
631,4419942398635624170761606431643038159921643797638881099733474674340
259,5041088615532639516182819341464953817307901937204616803560911856811
72,3872772925406664318635775147069527184061014389831145143763703455780
1032,4999006117113092752855329389793444356345686558320326777450495017152
1073,4681228006708887725131449242257127157950910700174997875990890300676
1074,4834363888706324882205361923244477961424080108044408381295794504755
1114,4402686793738671226180320838559975366337981482262734094257162929824
858,4450503124617359512670028180760098767751685577378702231542877062344
29,5715670692142788707829901014010990562895264697824876080216023358833
775,4181611515627112529341681417573313868086498704066351447007740388523
732,5357685095312897283866918243209946781747808421627313465944604575725
949,5556121529554538461170379123738006771487427903042402456291473760043
336,4223150171970580173211034155646730917126634928139082817937853079936
384,4808056762141300857109877880629418206791115310660011902290751128931
123,4666317224272197832837753276583204818038955304741088037002973620340
553,4665386554014508575117546756087447900958374372463740131231483942308
1146,5688386303660952692679757518052555406470495098752765240662231793573
1113,4277281462765891884303105115850174378198221672219880817828339763051
551,4525894933331758872646404120139854329248740139529615371210422554880
47,2844135098907368922754345275461566822664874324922839042011564212133
1179,5688270197814737845508690550923133645329748649845678084023128424264
860,4830613936731848627131302629232456368772725649680924542418525178904
161,4758049210614374079513190374524671229243408113370735280665470326913
859,4635065807280870263995498316585889811865004255381890442047689664625
586,3943918273852422660089443208851451749691269996408297952190052886400
71,3843501233464198190509211100491264147708638746759633116114620399443
471,4683920213104831026003917881087278449153782642749427528645633421988
903,4817219766178665630303825408895282902136859271915240277484931790624
122,4593846603709131747835702262003499588750837549626653649413193885883
810,4532909523909759776292782067144629207823168665962871449814196871521
257,4632651554773462069029091492647528380867941777856505573224801273875
506,4331055895646738561576506624621448265175324399159594892337370534884
1030,4683952998993650905133959334803839118563740576536560155416466268436
629,4459019186144416592401709839897273909224800125843721586554664614464
432,5286272698867809609364737331754002110854951181436084649349933146208
587,3962659773265619461179555793425336476135497636093060235627572830003
427,4331155847103176437021291865639440029275693353646848704231985224493
511,4685013988093864471502884233130408031025410624511880084816699151899
902,4619170940656360076854154704723586167724572077707157951167233609275
258,4831224463896456769486266245642991180368022806367935397904055858784
469,4406420585706464002061016582538079185549434809425481544508203971488
256,4445369888163655414811295082478565418807658851670327329523148102084
383,4710875804812307542306269217293671126924374455466899584222903696544
1031,4836913570534004191692130169807128144806905375151927340155056967915
731,5288697201416342252632333678723354514944106901206472972183030381744
901,4432446700548309558772019342796330221768447917607870650830172611924
468,4281546361396054486081823865085664835797229755322565116523187155995
728,5096162299715761703048127403933220707408601003313537086179145636589
685,4055578681927674928669847199794191058159039802647288730542702483757
809,4469215289676736078336614933168216312663162208235054080952089682976
1112,4161119648801331814158121712566223328502931728119213284358210275380
382,4620491146477503548675880341182034307297928242054246758406459814875
808,4411782519748746474113492332934388617749865642085629709710898325213
1111,4054201351844991015745370628708122217252111649960731493846774466811
381,4536902787136888876218711252294507747911776670422053424841419483924
807,4360611214125790963623414266443146123083278967514598336090622798232
470,4540545202942722848701714587871950390001619105234435681882352726819
806,4315701372807869546866380733694488828663402184521959960091263102033
476,5539806525722482686384917761170405490709906730915843651566119632843
686,4066556341073363872012039628980222668930625894684558364044906089168
379,4390114965438227494824032436191785409860357452499045234465549474176
467,4165922530011494300764136435514707340745003942925686397927302280340
378,4326915503080180785886522708976589631195089806208230377654719795379
380,4460110726790463524934761950631091448765919740570319583527782703691
204,4019241264974549050083476580273227671426122554444067668940620049075
682,4039961481749314823433802110158075034414268315971485059840228301880
205,4078521073235765566099763681790738128950204998187937322139449637924
684,4047486985658437106126076803595155915482451508849353302007854984072
376,4220905475346655331531162616218528854585438438967979140787271089939
203,3967866124681213669718436770020992987411363622443665235165352597824
681,4040527674109430363285297812920029296022673416891552246207449119373
774,4161829853992013691554828539404961958130915412700888068982581149952
680,4043979829345997023935215548668980025726076316050953637542026042592
730,5222114104184634645417673684015036080286338491347230077634929160561
335,4148164498495358148881458324337189069776191808744513850702821781619
550,4465481634478087490401119118217371085316786880197519107103195745963
687,4080419963095503936152654091153250747797209784961162202514465800305
1035,5444190304231477349816593082750256410384961368549647867552297267587
1110,3956526571896869489064851864275871044445761437744435446294032337344
628,4482164774896083939251648398691802532095277955788538228785469043723
630,4438278394057596669571695850881019118500255406460502543537333158003
206,4145705549464863217767298074573524359983610953675274194761841364371
377,4270512339716323398122232768985504112770116801697875013095293667300
992,5564547030236883155743453708841052310243378550775362530929558524563
375,4178094909971176586113312250675663856641054718018542760730652063296
207,4220794693661842005086079758621586364526340420906078286807795228416
626,4535670342393960905011299225615681274274032947362964310887496820635
70,3822047886844224320990596711919594619420196154904640459470270373504
333,4021873118381618701327605823460380482554209682778690445104523152979
627,4507715160312598710121511527264604987111688896294952470229746445780
1072,4537335641719669839789768880695626292922211158247773113644679775699
625,4566030321140170523921011493745031393582310108992573750758720168288
729,5157935803617774462222938259084991477774503192049584782300300912176
426,4170294061689524045026297105386977310790390694552901063416130751824
425,4019486137922296400522533789457997824915271004280253272002854649713
900,4257047045854514076057419323113515064268486791617378376473748798571
201,3888829847998186315942099023312350939909816293673262025885504108116
424,3878732075801493503510001917852501571650334282828905329992156918160
296,3956167471953098200995075072220753845664941002503942497387831325419
948,5399614093974353916805634766211946728488144750783817290026290067220
993,5563604800045739464321722928047692126890891144668621998489183241955
805,4277052995794982223842391734688416734490235293107714581712819236616
584,3928855503316036022040797753691679688016727648824363439492806719508
585,3932650183869228180376523862273566153651680000652065686811797516235
472,4836545616192788533967626462184063363005925421970457084798046056995
683,4042281252265650404380728440383117240900861013290752078440363590113
332,3970567411743101278103329153893113742682670676207436006741255822656
1108,3788907563025284250900511293688918514166470611138400580064629115716
773,4144934155233365974566397694223606516270329919574758895924778017107
988,4950638184135575539387143844702773928523365871711715448147084343643
583,3932534232192846185082264883105792352786412940925191210233080496219
199,3841412243186683504770750441664811986445563011876727694299904168800
1107,3718963334101820539416689487534217156693529996748661761387968023555
1071,4402686793738671226180320838559975366337981482262734094257162929824
1029,4540124402492032893180816884783577277616192162474225223234722918715
856,4114334099652740845450090439570843217908256370259863480131320593776
582,3943686370499658669500925250515904147960735876954548999032618846368
68,3802596229571753357777216908796036087035110124844213259195769412820
374,4142080643589887161868681672356909118936965638849565872925436587371
679,4050317947459014805383555317404927223524477013449689233843959071537
202,3924395652355759425004644251034034076905928202186730020813647284171
857,4276925888741316373154892221755083236432769615671359910904087372061
69,3808412885546742710079931981354518599195686614266167173830653377963
987,4817562857530364961985688331873796889163976730076982104142488233460
1109,3868095308956967234116565419269469810083881091470325141699983886979
294,3683926588104702548660121767012657870712428089258306104881492728699
1106,3658262622186576099665100000805365737665059248301108685670000610496
200,3861168711608494342530801086855943576423027896903261250380923069659
466,4059549091552783446107954293825206700392757372234845388720549344523
726,4979829681906278456758279402964500663114595957526234491577254003809
678,4059542028448483707630317119127870889417875509087759035113248206208
197,3825613310246705236204391025078376127018603777054062240408552779876
1070,4277281462765891884303105115850174378198221672219880817828339763051
1116,4681228006708887725131449242257127157950910700174997875990890300676
423,3748031875327115353988701490570488550995580530198857237384037557165
1067,3956526571896869489064851864275871044445761437744435446294032337344
854,3822106861837992625471489405664689719242438028324408288183855773200
1068,4054201351844991015745370628708122217252111649960731493846774466811
66,3814417953589251428995635737698851586905756299649863542940200573728
722,4776022006265481052417678238366346560277783192690800492935146411825
677,4071652072314403730675500953837811023406271802965163041349893446605
334,4081072147299037658253648880275072258252050060291049726425045139300
727,5036793592478596367893241118559723769188631925139086989271463333800
120,4467805278654600005126280985377418139239272499784377682919763208515
720,4688546948434166894366925074736912501734975473642669088894930452621
990,5240988430192793178788681979969431019521134766906574088453390901283
1069,4161119648801331814158121712566223328502931728119213284358210275380
804,4244666083087128994551447269424929840563778293271862200955291201981
723,4823366730178409267472941674848474337768086718057262593775463850624
252,3809155646856309260333892870067711944964508170178130164492549546100
158,4683117156297871163614367816680132935488048871874917109678462897912
855,3962727757351632929555622834207378712178145841144212939224576727489
422,3627385536499161951958632507611958762951009746390108994178496566728
1066,3868095308956967234116565419269469810083881091470325141699983886979
159,4704053561710887444563663385250370323537067861716705150026635715453
718,4610691077262242432395870190220573771775900196840928081708606384609
64,3857513058896718534645853198628041119032134679321591310703563856228
717,4575370336673551337440229602629815155015262224282453976935653809800
725,4925270567998807969643242257147551389186493100474979593096517646616
724,4873116250756184906548129681108875947404323353985322293829254262221
160,4729030913149721749863270904531883088122187608881977873688971525120
986,4692554061874086546117108522247720853897584459084046077570263569035
157,4666221696910672907015384198821170923975130639356613752644453072497
505,4280100348553413790743042826306439428476802835345245169123468147155
255,4269379464067036806832877015136102294187174027809400666799096343411
1028,4405427781029150155832702819746342621964260132964922543609826918752
421,3516793059317633297419794968976912207516621931402660600375533946849
121,4527675955169932471931878164934904029150943281307750198052123748608
503,4198025325762864660227926953063204871551255388972653037977626707371
463,3795931133731746866108439596045445907535893110398548617435082176100
716,4542454392749707666504513584817330370400557362285577471376174207789
549,4411290009949551754149358326995763536000076192288733586931504860244
251,3678330192812442837312988174031248170103215755618209825678903439899
65,3832056333581738852516769639160149598936978963877467741319515699779
581,3962311918236473475296778855922015073539696456912436805891421769955
292,3456731766626226692223218617990988064552374649321079547490209154051
461,3666437793146969132749622903599556319131213144371205983523763763008
462,3726559266976433334098278605881772685983563506531858445784856999635
254,4104680282483606245093837290620139007006487306273725585052645997856
465,3962426046019921922113277440017162914740490043250042088902928348544
1065,3788907563025284250900511293688918514166470611138400580064629115716
548,4363320059746151663891121746475031681298608075803258810695349897723
293,3564698419569224645954413922978519696533343935126141596796469063616
580,3988410875403290602469825699324125129523294680798854630809489266980
547,4321571783867887219626409376655175521212382530741094778394730858400
504,4235756825258789156960182935787024963935446498616264551003553537984
291,3360026629275708687466535852050062974769520231843119956962713000004
460,3615566712243354262062472489198796806978842023916591230651802466219
984,4466736063408326198978576012604271795643790529023565976722928577459
1105,3606805427279550931645742833502364257081058365795741352910726876539
501,4142398398167116077915226711002347803254368850941537327207736381819
983,4365926860598844267708623312586898772656388869956021902447818250308
419,3325769689893850230815814224677268794478395207891663360977343818765
420,3416254443782529390372188874665348884692417085236512055975149697528
721,4731082079017400261382339371662492614933412777885935991308301945824
253,3951272343413363729594175908930675557265598687063302084283797065419
947,5242950792001188782895208241376786016283243752882164170912694723963
196,3829570845728537805398082253683071857569109427257930342598220291811
719,4648416614515780951371435347589606220682471279960999785695031932216
546,4286045182314758421355221217536195055741399557102241490029647742275
982,4273184188738294497971546315772426753761984081530275145605079368915
119,4414234574163134347418910723331041919015825205056536104016112265604
63,3890788129534190475382886416102526147191223445982234251092345043075
991,5398263349644800240788764602407111071159514520466699384755101348740
67,3804597918919256264082451494244147082938466686638778715565618478075
502,4166905850065640300546274878134979151324229506414410630045687655316
62,3931881545494154674727869291583604683414245263859396562485859260320
899,4092971976574973628710354645675140695224688699735681128097962169216
373,4112862676202787058797270881262264641473171201461048477371624662164
896,3668694281221882498874372666826662318830272628743359538854425385139
60,4037523413381559849241684016565542280052088053263279298287086786004
898,3940221492709688216730825310481207114637053641962778905702812723859
800,4177733075306057014718114745796834267325049209712382654134337371261
895,3549917553599362192997449358366051103611126673296842394401187491776
464,3874553393412909728780105874090575983788201955971276498474439292403
1064,3718963334101820539416689487534217156693529996748661761387968023555
61,3980793306776611132680801825071276727701200132953078244884106507963
331,3927155027383485388580818871573272038637433040577286411335243148331
59,4102071865309000824410515866066401340466909024789999722694800094443
802,4198676650586524817168691940125711653450993968335336432302982625057
118,4366963841695535498809767378795775368480601397124225461341170919875
897,3798795594258657840118831317531714322505581618298671709288300462500
192,3924447667334679438685320080754612514864367145508074945592511715531
676,4086648079056774874519106821534747625489665895081901252553894792728
250,3558795981281764460531461820821284232681721443383541067842858746816
853,3692471413111819933197690153942776239101132931800449527009157730909
675,4104530048675597139161134722218680695668057785437973668725252244577
193,3888871459981322326886639687088813690276567448330337965708595653204
417,3174961767055766154176759257671558311880900359665865519189467172913
1063,3658262622186576099665100000805365737665059248301108685670000610496
1062,3606805427279550931645742833502364257081058365795741352910726876539
715,4511943245490711419588722136783119417931785610850298565030167578576
985,4575611797166740291781404415824545822724189058732907368430410350368
803,4218540634684309858993547337904028146884031185014402817818678998128
545,4256740255086765269077557269118090284885659154886698945600100549348
117,4325993081251803459298850951771618487633601075987445754894939171328
372,4090441007809876276899079877391730424249671405852990574069216287675
801,4185074130793773869076881076089980360264666643234663044408202082768
1104,3564591749380745035358617985625212714941527349232559763110146821684
249,3450553012264274129989313810437820132700025233474123890984415466851
248,3353601285759971845686544142880855870158127125889958295103573600004
946,5094311517852999203905138096877927315350782052622250518933151323104
624,4598795096551227566850648331652655345036520381183780789843416488739
191,3967928542655917686135247765685687112961490354429279144899989915456
623,4633964668627132033800209739338553128636663763936585428141585781988
190,4019314085945037069236422741882037484567937075093950563631030252979
799,4176653484123374254092392949246273374632141667768495261481388490536
416,3114638598106361237094078940653927919497427388784916372399396405824
459,3573946024265588722036827362679494149526450145168014187168973109268
989,5091780041689718278321475060734651971975751883988246109584051899584
500,4124502970067291992334782451665310827341673422554033129463772886880
290,3274583007517670631684365625155744427184780682692262825213980601475
418,3245338797651595818750671019012671936874556299368114515382116310560
195,3841433049178251510243020773553043361628938589205265664211449941344
499,4113219565766168043804942100123868223586143221251898036813797170499
850,3369477747658107527238297459701688875443633940003648582681201076024
295,3814416272232660400340342150093402587089627111717573071745280149300
622,4671539037367883924769695716802724744382740257250987665653228048035
797,4193278694673111014040082957372907189986456258615899469038238221432
415,3064369290803381067502630067959780759724137386725267075011904009293
498,4108548185263744232325705656378019991987778247035132049257809232676
621,4711518202773483239759106264045170192274749861126987502378343286880
198,3829560442732753802661947087738956169977421638593661357642447405539
894,3442465411391096922488061392149880676848143751959120275928586782411
851,3466156856021877384081094180961275817201730887640069674257830382321
674,4125297981170870524601584655889610233941447474033380289863965802152
579,4021983242000110051020065780722234315911530548613802473786821337443
194,3861199920595846350739206584688290639198091262896068205248241728475
371,4074815638411154816174108660745306467266466252025392163018211463904
945,4953696271529785179835424332715370625690759650004076334087659864643
578,4063029018026931820947499100116342632704404060357280334823417981344
116,4291322292831938228886161442258571276474824241646196984677417019963
1027,4279863134605002693089617139692135151607944488008652116541778268547
714,4483836894896562596692855258527182297608946969976617257897633922161
1103,3531621588490158410803725457173911111246466198611563916268260445931
154,4639780994903986283320305049511937148652980485742611781427401549008
1061,3564591749380745035358617985625212714941527349232559763110146821684
796,4210983496405530534613494762050101898033678391407191069248036833053
795,4234949762442984148919951100469881806327610415776875667078751275456
798,4181835357245725587199715686438297682185944017403000866449355440593
155,4644553616213730466868352815237073030557596446290461088518922398045
544,4233657002183907762793417531400861208645161324094467145106089279619
1060,3531621588490158410803725457173911111246466198611563916268260445931
542,4206155519353599688205710688069030140009893376779935775924674509755
977,3930468793669528072279296879743581720684913199028501122876956648320
153,4639049319620060124122569234498076643284465282518247157650043692097
113,4225109759715543392237454418786087661127834659395636291397108148960
156,4653367183549292674766712531673484288998313164161795078924606239208
978,3982878810785417034351995360543548719114333634245261292557838300923
976,3886125307502571271739474102146515726348489634453538270628446441475
188,4145799176426919242392514568070565548308801051653695059363797340819
849,3283784086081805282205834915262877446479939708663073380970594681725
975,3849848352284546632732527027752350736105062940520372735812307680388
541,4201737289426149119902143582454428147615123260257636207237271009620
848,3209075871292970648983706547644841530310648193618344069126011199424
794,4265177492785471856959451972632246914868252331724953262530381548641
152,4642358590361951989275145370195491514452050836617367217186848827312
369,4063953796596279858243825589124789334020939869711573817670412468516
543,4216795423606185902502802004384507827019906064725546088547613933088
538,4225812645594611290952587529815876338122268339230601964788276048403
414,3024153845146825645402412639589116832561030353486917627026989983320
1102,3507894944607791057981065248148459445995874913932753812385067749280
114,4240880632063808195355463175765805863221941033350292252928501508779
770,4111562836216129548391637356601518999258560229632376606555505252928
979,4043355358850238157957569544546416721636750940103818779671091399284
115,4262951476435939807571698850256633735004270894100479150688604465780
370,4065986568006622676622357231322992770523555739978253244218610190851
112,4215638859391145398217672579317479128721951772236511266094424386323
847,3145353103291603627571912356847581126935759394869460647147450629121
496,4119041495654997020519044492273106645262543979857707389427796692704
771,4119800646345423902984802102821885036834152328040503164711240068595
576,4167540798370582324933945452892556657504064015629826111074404989460
539,4211565852546654921275582003327851246671310741482969301669071778944
537,4246281112967703306623117267004777124188468508401545371843016241060
458,3541575729213672512672687524041648346774037508125474853075275692155
980,4111898437863991443096019431752185728252165116604173584216715943403
289,3200400901352112524876707937308032421798156001868508152244011958464
974,3821637928015454155258455656561086749954633117229004518428540365059
943,4696537862358283796457065945399163280188032737692946365798832774915
973,3801494034695293839317259988572723767897200164579433618477144495488
540,4203540733823834197592100687540701849835595715158647382485403432683
1101,3493411817733642976890637358548857719189753495196129451460568731731
981,4188508047826676889767345022160855738960576163746325706194711933280
711,4413946623103200672124802042429013929516029710725158931780870789704
497,4110488828560020557897073120427766132546578499903735166795809073411
455,3499967201613019868549299735416852066716675047234083107128975079844
852,3573821411173114852734225079041638271754230551572336655700482600616
893,3346337854597086687346208768178151038541323864730193183436623257044
845,3050863907651272420179326505715386858569189946259231472788398224509
972,3789416672324065684908940023787261789932764082571660035958120071675
971,3785405840901769692033495762204700816061324871205683770871467093620
944,4821105053031546710686066948889115947303176545027641616376220348580
368,4068717324180126361038513734150696157758618641225353883373618296899
189,4078604297202037587988845009343663629683707307502089201785632728100
1100,3488172207867714167532441788375105930828101942401690833494763393284
710,4395459459168441545308633443286172137776923512097868021502229024481
970,3789461540428405860690927203825040846282882530481504823217185561323
1059,3507894944607791057981065248148459445995874913932753812385067749280
672,4175491734790770657877750622192458714773220245942196147043461234480
288,3137480310779034367043562788506926958609646189371855938052807070971
1099,3492176115010004629906478537627204080910920255549437958487651733939
709,4379377091898529842512389413921604178183750424032174710437060232056
708,4365699521293465563736069954335310050736510446528078998585364412429
457,3518455827087605633970052973285259398721604112788973228370710214880
535,4305883070689294275944749373485205780166596561013364417759104395968
712,4434838583702807222960895211350129553401069019914047441272985527725
534,4345016561037793229595851742776733650078524444454240056620452358219
456,3504586317887388085928923710410327305369149959158509313055276677443
1098,3505423539160514364012747606305152169438208434639370826439233753696
792,4344417346385549554237587318184732732689665838356287446296389587357
968,3821772532328474682604417196674423919004988460958538880205736834003
671,4204917555915397405713466654824377657331603329255605383084243109233
454,3504598478264500981831181048304833682764179377015694610591805422083
673,4148951876542595030840456622547536240309834960868121115970035465453
151,4649708807129661878778033456604181762155737148039971960037816954653
769,4106210988963286314596894643368149429777965929463584253367126542987
453,3518480147841831425774567649074272153511662948503343823443767704160
286,3045423676410317898300810108044535658826971169359858886006688562539
772,4130924419351169378376388882029247542504742224687963927834330989988
713,4458135340967261197816912950049519009432041439664533549978573238544
247,3267940801768857607623152818150391445056027120631044280200333146275
768,4103745104586894201600573963121776328392369427534126105146103938772
285,3016287632614679587391202576383249822232805961844514048151774941600
330,3891635965302771032760074976500855370418496775888241658886485130004
412,2973884538772989043675672115818238676065365193474118279264897043048
57,4254623805131359550572028539087899985488350121492998684524425802515
1058,3493411817733642976890637358548857719189753495196129451460568731731
287,3085821235798436158184930178752428037619251245202306182640365938996
367,4080277150758162185006421666400713241736592054519593441328227676000
1097,3527914480319243369851248994408950196409966479671489437349509452555
969,3801583770903974190881234348648281880597437060399123192995275474784
410,2963830678984851431913857369341293450010431908746518329113117585008
532,4441948564710198074878629113462416473748107925605923566149756052315
846,3092615782077704217970452342871096236355273312416423115034912970816
536,4272971254665930968287171214894553604869911248995799522833292356915
533,4390371725711427829240478322769137214605694899318426439417336243668
577,4111548203483755912252125657506450079901915216029288213919279198683
413,2993992261136694970793426655541936138008106289069868028444654327905
246,3193571560290931415799139836246426857393725217697381846274694105664
58,4174438662558934058187297373573853908945663047533239518107246433280
245,3130493561326193270214505197168962107171221417088970993326656478171
967,3850027824701907335860475747903466961505536732159751884848569638980
411,2963830678055707864049149020418024446732807066699668379487718128749
1026,4163430463219590504951559844620954866547245227605413942030576968100
707,4354426747353248708979675064527289755435203579585580885947141565600
1057,3488172207867714167532441788375105930828101942401690833494763393284
844,3020097480012308234198534845380452993577509296397885720407906390200
56,4342627293026277301564709362608539570094970246669277221946338202148
765,4113663228716424587402144120304635832805566711181756890287172760483
1095,3600626913661359196724948728894096065686892167562283888046141887579
329,3864010225500958210641097468675863738025861882140301749394981767675
451,3573994665774040305645856714257519659106567816596755377315088087828
284,2998413104411521225456107583768570527836755622656271669075625076179
620,4753902164843929978768441381065889472312692575564584938316931498523
940,4370980457288348383292201216947117346477237101539297416870981708308
186,4303902938780325958153595559320196706086959075187308432790812979051
185,4394811821908851019511006991842925945240023354569315948639664004564
892,3261534883217331487571891486450862188690667011610061116925296915675
619,4798690923579224141797701067864882584496568400563779973468992682964
793,4301666687432993658731997378537197223655604139251423855602927652608
407,3024153851650830620455371082051999855504404247814867274404786177133
939,4278509377914987688744625734802372724451850484771560034829801904235
942,4579994699509996437148421322245512624345328227999990582355497143648
965,3930738002295569126971219959970256058785623886487569846431349586208
938,4194062326366602549117406632993930113698903165645562119922674042560
962,4112302250803053025133904052092197235403231147792776669548305350235
766,4107471224463463338003198701590019529906169818393212423606127047520
328,3844277807978046922223886348098297141459528359333466682860733061344
575,4231006802687411058992958486274662365510850459158894026288795353675
111,4212467931090614213296117657359980266004292371872917177020450220868
148,4696005133587699693388569420097904764483400626248694288475699289432
670,4237229339916475274347604720443293067984984210808348824092381089712
149,4676532078742535730834745481555388387171412042855635495682242185713
572,4466245272217911189433157014396974271959035653317277880287553886948
767,4104165183086953209402675315862399695101770723844002161892437440283
843,3000316499160811660028077361866294641380231362832385857893437467889
791,4393429469643139543476221791574853441970437429039544034610767352888
937,4117639302643192964410543911521789514218395144161303672149598123283
790,4448703057205763626447900798707559351497918911301193620546060949201
789,4510238109073421803152624339582850461272110285141236204102270376296
891,3188056497251831323165109546968014127296173192598724076394607758304
574,4301946216434242114429164757652767203922274546616491959562450291328
146,4747074081355481691547153149316763648715680065005265924005102473248
452,3541612210345011200379459537725167478959125761697030745684861926075
187,4220898723619682032447431418062743240443218307548768136365524091136
941,4471475564486684632760133079428163979775063015948774266046213454779
1025,4056129766872913591418530934532801766782162351755208020076223017411
409,2973884541560419747269797162588045685898239719614668128141095411825
110,4215596974813949837472789652913591072974856458304854024175185652595
964,3983192887515798264825905620808002113565162769614174803371296728459
109,4225025990561152270747688565978311549633644031532321807558630681504
618,4845884478979365728846885324442149528826377336124572607834526840203
183,4600343592069544549179571730684211744074122448563732638608052468384
147,4719519134458681680292705309351696518331489966965237764583319385277
494,4155982901241050356914798959350570787165970621021759149973735266964
150,4661099969923189792631233493724147386395524216786061386202948074120
108,4240754978332221513120814396554141695980655091555320527170785307595
573,4380359039611075491242564267026871172738336278002619910895369802419
571,4559604914254749209000942999763076501584372672560465867739002544915
182,4714966479101713017490725037002768303755157263176141812727589906691
762,4149555018734015060389512574370463550073744178983395520134446533728
890,3125902696700586194125862949729606854357842407696182061844555784931
764,4122741195845836957599511572006248603799961402209635561935574579172
842,2991520965096782697667954055172911801977356145562731885244991457576
531,4499747078034103966510304114856571427505763523316731436817711784160
763,4134705125851700448595301056694857842889353891476848438551332503587
530,4563767265683145504135503326951602075878661692450850051421203439203
145,4778669974278099727151912939993106155635970920368778766741048553345
406,3064369299165673178285005208269201789222760965146916621640499115624
839,3031047043629501481449589196017416360535146791528845306495790898625
704,4335037205521682688830037813772871862406881642127672143313310861901
529,4634009127657322687754226749747508418866802433008279409960231017444
54,4542089304783589579373919983669599263500009650671392409804362092608
365,4123785700896801796461896892573078190413422806449451033991657086356
55,4438449126243687311165339844135772662765523423062075130372983632179
53,4653547828645984106190449781210019372298428929497229060240473583435
142,4897703329200861980068064016289785935613448030400225394833864746392
1096,3559648938486191647421982701938598161826194390645793791218478830516
408,2993992265782412810116968400158281154396230499304117776571651609200
184,4493625373005257216519665715630930957902411145694790683912077167675
1092,3779021941236177475027240726315689407935804693964868636281293133380
141,4945463006226752113074071609811229948678141915057676970826462794993
838,3066193296715342966330802596607135572309882439442574893311436536304
705,4339095589467357271526658994246070661270389177385377458311114790336
963,4043714303684959564213466984848649172437698523382577077743615316468
143,4853984598200789871412368373479617299084854903066258502155429689917
1024,3957961045564971952490530409427675852312695860458034350678716416480
493,4184371639732127230688582054582694416353431782231838687887686221931
935,3988865338671300459757887609586414349074696994118005178005602111923
761,4167290874492780792982146125033065725353132264729276806684916669595
178,5252504706909198247247811174929752277572531639060450703441361035899
788,4578034625246114073590392414200726771293011550559671785279395634173
140,4997263629278460270430391154043949338278936557038613230133223835720
934,3936514398422817539812094029123179783411506865558965131634682019840
840,3006886237331127608378709972248472661554813859910961609546168172944
405,3114638608326940483605870778809886955551300651300265818278790424673
932,3855884601400778364681576009205616685902444501366103440294997662868
1091,3856973984444222111259136030974587065574381934650101704943730906851
244,3078706804874643170869248900917997194388515718805811721356220263796
837,3112324996588652063022350174017630296879020803652150369993105085981
1023,3868924299295765588167558269305577123138845753713892933838057165307
180,4967926257069693361066773523435708743645197427631361819237351196099
107,4262783938127157564592167144641081512015889638373850183011649530868
841,2993710877820221347118164925300304475368883644588923802462568359261
760,4187912693127997646373201708682664368727518148714492298202742911188
243,3038211290936281117763370947493532119045608122847904030363385462539
1094,3650848405844746017760147075275443907992059810420959727832498623744
282,2996448594782644348509455215679031565638999549261094287259616611891
495,4134206186548673620191619771914041530135674686897048717153772090555
936,4049240306744758934624037570385950926010326420318784691510574146404
1093,3710313415036352110527577741082641688741697319221821310577549039011
403,3245338811588749336721296252861706986038928930070863759763108154445
402,3325769705689290884515856156372841850198017522688112504609134575168
960,4273677737886036431573405296187996373613287008538567805454799755043
364,4155734424457405583949464186495426055112280145085069068700477117611
327,3832438712734037167508441614768155580719496207467736459283739011011
759,4211420474639665620562679325319259480196901830939041994687925258507
404,3174961779134632536417967793674055354490023306274914864319660104280
362,4240020768561181122444258136012452565230878747697683614872327832275
756,4299259596433376267921644373151023623175039667048696313947608934820
361,4292358389104352873451484791607131210650620011674680126335358515684
401,3416254461436257179801647504207459946967289084126661098857739366449
961,4188956728870078647587216822538646302461760642844773578785366829760
363,4194479447012198692610251267641884180051432125501146595660700699584
400,3516793078829648222578670296365561276346743614386509542508922528288
366,4098633276330387330147549385874840585954860109594292491534240605819
281,3012358613356925833497897840204171897837293815054159284519758013024
966,3886349648024272150649410002335411008099081874002762206923773889715
1088,4146291216117671650348215861506379669156932852358915368683206301876
1056,3492176115010004629906478537627204080910920255549437958487651733939
360,4351492308641713945631931234425920116310655917432136130049792749811
930,3807350915678641409232483510633261633483139327740199617491521075488
758,4237814219027784715550578974942851059761283311402925896140463711552
177,5406650933780772393815200937574687704800184012390195974678709162196
1090,3944169544660486019223263655059334661657429041277520516564862359424
757,4267093926292354931336900657553439107420662590106144002560358270323
1087,4261217327358593373509040443868677080573389556812891409180418791755
490,4309209997997558674313554787052631536858806628374291932193465758180
1022,3789019528065294498449614514166505579260612031522783769554245263892
491,4260985188110381389387959968433724791199849785908105078997551467539
450,3615627514128918741573759178671328693953989113202517718334446189419
959,4366465277850926377092469473040247448857810244874159349556604126084
706,4345558770077879278243204744497543292279829823204680372522391691569
179,5106263148005505236331668703550092623854202777474172651627575047200
241,2991093990599121150269750069124101480679187237907843391310520099379
755,4334311229450848725304810121735604607024414542230582830302215705043
181,4837494034101762621453125634586600636945515589532018206270689482596
144,4814306813226535787106984681380724039092362533055776292791157625568
958,4467319348764748484144409353095399528195330351851548211090779942883
139,5053105198355986452137022648987944104415831956343034172754147868573
1089,4040608621884969198919623598569932196184946013847125071144687491099
240,2984472204200323235882007144179135917655673948925690443250489537476
933,3892187485999310174786656828996247229020756034641664552397813870155
889,3075073481563596100454151694735640369875674656902435073275140995556
242,3009007019511107110896871336895566881142498629215247920348152074400
1055,3505423539160514364012747606305152169438208434639370826439233753696
399,3627385557869464012846924532847145838336381113467657835562684060685
701,4337290833673743484859721691022918458691957699724141793600736913384
616,4947485979774191175005027546931504913923794538930950674206014073075
929,3795120114555036263888471831851537124182145687389856906790860695395
702,4334134827624875795496569162161295761117665903297054310958121923425
138,5112987713459330658193966094643214247088828112970939798689234893552
617,4895482831044354739915994150797690305302119382246962841413533970240
137,5176911174588492888601221491009759766297925026922330107938484910657
570,4660437965721589549945922223125177861614347335732183873249715776320
51,4899919912338249935647358350310640114087066640798460474126895656283
787,4652092605723840437761205022561188281560622707556500364077436722832
928,3790913341256406673464816533406114626153591344681253663224252257700
136,5244875581743473143358788838087580662043122698197205100501897919888
106,4291112869945960425161746810239130997739347671987910775081223351323
668,4310510796547984374011146950642113293576739368631838321010725367848
50,5034833472168121238287737121870840747077285073273855237577206238304
753,4413072384115147002466407717865755979008157687312358477913497562667
135,5316880934924271422466668135876676934324421126795564776379473921245
836,3169442143249428771524231928248900534242561884157571736540796547656
102,4467428317459839958422334647742425637515414674399462505646614604963
569,4768744426618432212268094684483278352048959642832431896819693581163
103,4413899497545569861459847312099937473039062693603278168662202395780
52,4772824697830870891614929236757032989160781259539585081681318104660
835,3237544736697673091836447859300946284400505680958838992954510921329
924,3854326526311643860973759142987444746763766950264235360298337930900
48,5328115627795340619392343639011022537249521091874202877492026493540
568,4884524296945277195967460383837377972888209593861209938448935959444
786,4732412050506600895665062164664234992074943756131721940496393642273
751,4503377390285249762821693445943893223371892025351470945394203843195
614,5058706667228406317242868048533955627604944183983719137431393197139
613,5117924205952785024391675154002591732664418672352499767864292218368
785,4818992959594395447301963840509866902835974696285336514536266392496
926,3806571878134074157378575077524175663913800552189265577493191209504
925,3826437188310371231715988920087659199702564102405880735328738599003
104,4366670649655166573595586893968558978250934199602624767906499783779
923,3890239892137892045151885746223532305097409095764329452401989205195
931,3827605744627222109496851569751288154056572265732281795326233397979
49,5177565377320484799536065551437634888131436556965769372032249850723
612,5179546541342011155560406829249501669869826271282877997510664212395
750,4552858837684977824196969359463456547696255891730028486585591142048
921,3986138707265315078269208093704613455582011279689736038011447580979
567,5007777576702124501044019321187476724132097188818517998137442911163
528,4710472663956635517366474383244290456470185744989019512434794518883
834,3316632776933385023958997967173767547352852194055952139234248207000
920,4046124156566489927208403837949607047732971318115048531517254682468
748,4660479621113787309342787285463572600629977019205146183870434056932
667,4351480469178415605040551115222018108515113644902584376920931665505
703,4333383618240855530153341203077946895689307217431564427528979906264
749,4605226247961157006370667305970016340115617556347920232744334546627
566,5138504265888974127497771496533574605780622427704356075885214436320
832,3507765197767211723635100713381736611640753369137716101391791514336
700,4342851636387458598242798789662814988412182606712826875456824876141
1086,4385386955607734368402097345656824430434316127209053192636324960736
134,5392927234130887725924859384377048583141820312717409135571212914728
831,3619809578365326491188653351716884412976308031122366917269597536001
449,3666510755409646508163166930966594583501389651514317768742936230848
105,4325741773788630094829553393348290153151029192397502303379506768960
888,3035568851840861042149975781986114673849669940217483110686363390179
1021,3718246731873558683336699144010461220677994693884706857827280712235
754,4372248825344772303486397903307182058968787215651803551624178580992
283,2991800091800842812495525130200497775638820151795131748778238966276
752,4456781905761972822244839565411326367142525957212247609170172650068
669,4272427086794004263780164819049204946733362890600426470067875175917
919,4114133633692640331067955962530902651156370654182100492157113726355
398,3748031898555704550606410213652213632936201581370105978019023963640
359,4417422527173264338985597464468819282210986464970051626015630534656
615,5001893925168875034113985512843593354691402806176536106211967148708
101,4527257109397976864483048900896023471679990141991177778859736411328
527,4793157874581083992972246227441948188688811628393070358844893943520
922,3934177285789115784250368729795921874703490538906163011639692421888
1053,3559648938486191647421982701938598161826194390645793791218478830516
887,3007388807532381019213335211481029766279828257641326174078222968800
326,3828492939768928946494763268685439055805765426543111078663999616676
927,3794730595782752637961517615296994139397476299614389886791695762403
1051,3650848405844746017760147075275443907992059810420959727832498623744
885,2985002475158186079442660097204182316508633994815397378803853678036
784,4911835332987224092671910050098084013843715528017344086197054973501
492,4219372402021904241512969057610412417698058170527287330895624955456
957,4576239950627502752729224936353452611625847329470734390057327205440
1052,3600626913661359196724948728894096065686892167562283888046141887579
1020,3656605910720558142828812158837444047390993740799662198657163510336
280,3039530147523687267460853003775918772233702949174326740558663169675
279,3077963197282928650398320706394272188828226951621596655376332081844
487,4493556570451291351393962689682918006778668518285067122345135301451
747,4718618957142868733113329297944125329239334280301706339963889672963
698,4361187631809431097068726696277429544290431752374989836809419720049
829,3876854679923958861726761158849506554030625503979206218623278315325
358,4490149044699004053512483481735828708351611654288426614232871870219
883,3007914484441011281142126351905098020562091868424648687452033123264
746,4779644256048401277682293343411674525943689339637600701024701394720
488,4425495689168013655316556147677228144648215994562772953867257675136
1085,4518800100865094635027386566870821718739712563547400719050924808819
485,4649514404413947154700587497081080847511069246985762774582853889755
665,4442077703068631429494625543342817142676855592162079103643412577997
666,4395336104685297956868377312788919391548485719412664637798494068888
699,4350817235766021135645800458080985350278340624263109556526385811696
357,4569671861218933089212589286226948394732531485387261094701516756500
664,4491705264328416022919295806883711361900223263150827774455687192832
833,3406706263956564567891882251867364323099601423448911175380008404669
489,4364046831683436096289753513467132654674928697925847890483367827379
611,5243573673396084710749063074274685439221166980774853826370509179220
697,4373962824517688482511577504252147570448455991048467716305926601200
100,4593385873359980579641990071560730975532789096378423988301567814875
744,4910352742488819729215487533307762323637392853027392038048393155412
745,4843555517830384943049679421866220190743042197212829267052869222203
696,4389142813890793291974352882005139428752413340283543195015906455149
1049,3779021941236177475027240726315689407935804693964868636281293133380
99,4665814609345851103899158159736548149073811537561201133972108815604
695,4406727599928745525457052829536405119202303800080216272939359281896
741,5128060193722830812503444065554367530890431609907085580839101589395
886,2990533348638156031644229983220385647166149609173964263450719731419
565,5276704364505826075328716909875671617833785310518724171692250534915
610,5310005602115005689957643889078143040718440800828427254443827118843
828,4021855400884476464711316327646980893749388314851394704099153072984
743,4980035930023705636179717677736300924626741307081289014011273194347
918,4190167138643766289847864467448500265852209287890891919931024712640
662,4599618275477338572163902432926489204631951999846327730982304739680
915,4466411820446997495709728264219105177574360974867703006057069325883
278,3127657762634649982310300948059232147620865822395969028972764749531
916,4366306232020944872168750618292601529061204448233693176881002512404
740,5206401269887070081862940308943895536164773458678985171704049945508
739,5287628308927760472020858585320420009534113105690218967536354407347
448,3726644389616223605414079971143317327748769431532155528540558212115
276,3260831440115532493057799048528971691800488168926021152501921351459
356,4655990976733051446085914877942178341353745958266555067421565193499
277,3188613843578851263196793728770798648611619561497443861347961172736
325,3832440489082722259182851309850147566718336016559590541001514878339
913,4690695080774029407552752697081018508417991921060941065811358780035
609,5378842327498774093186149273659874474361647731443598281730618031264
238,3005102358942291545824656322768704303928041677937139290063232653024
486,4568229475533269184521973139484202241066286269092730395917000706324
98,4744543317355588437254553165423474992303057465539509215871359413515
827,4177841568632461679506205673265230746262553842019429079441050742641
914,4574541436698025674171062290481910837359956799143452302367188081760
239,2989141660314713367733642562060670192071958762268789076168060388691
663,4544218788464651737142388103411602049218588732378910650235317913393
608,5450083849547389920434579228019879740150787772620366908230881916483
738,5371741310844901982977198894683940950998450550940786968336014974912
825,4522770244490834944526986894964056989672093045243035499722914817949
97,4829571997389192579708175088621511505220526880313348233999319608608
324,3844281360675417105572705738262281113457207977517174846296284796000
526,4882064759530668114571542282340481615522680083220431949190529291355
275,3344310552244693671893316907333751277187471644681700902434645285700
96,4920900649446663531260023929330657687826219781882718188355989400883
237,3032354300083057770155048426303238253223922695930741084936006330475
917,4274224671419867803548129352702399891820487219241422814838987641323
882,3036357367203806435043162492622217055273065356392466880747078621875
661,4657903725366476527983838795428372828140313065553079016696647671693
354,4849018104743856123352225423044969015317058829366521489615872719651
742,5052605080435042663942369855151835993711087559374520194941509339008
736,5548625203308538367285145612371972238212118836159925584837404427220
912,4814872752675008695854799484016428190748466340620169296389581420708
824,4711712752601222994752878771044633380568466721298607544662881223600
694,4426717182631545182959677346845944641798127370438486950076285081441
826,4344813183167914506111429195704256111570122085483309344648971324296
95,5018529273528001291910099687550913540120136170247619078941368790340
880,3127216888972161848947840800789777490063501434654488345279081171091
1084,4661456763130674173384908107510668945489578865827933988424218336004
607,5523730168260853171702933752158158838085860924358733133944618774500
879,3189633527977722108951482968240218890142964024948691616516038221696
659,4783132513774105802018977619393129479442028591684584203027401852897
1054,3527914480319243369851248994408950196409966479671489437349509452555
525,4977193318805387882164362547939890736971791109471104283471700562388
884,2990796187092471162608625553432419774307281414565625520137624808651
323,3864015554547013485664326553921839696022381309415863994548309369659
447,3796028416748650033326498299201496926696128453256030997727312133220
1019,3604097064606292876925953558647454059399609172267649792043893658195
355,4749106391241359124132460256881518548215255072926308532393017181216
235,3120731909904154357533967661851805664135079038893699417614357924731
911,4947074452400963539077202651288139884351380057821136994101856003779
878,3263374752397537404322660477935101078678589649351689913733632456299
660,4719075138132065604602197190917252919743671929499164507378346709432
877,3348440562231607735061373329874424055670378307863483236931863874900
523,5186115460330234355330575711241336063715740876242381183840650874048
693,4449111561999192264482226433933757996539884051358355226426683853784
1082,4974500638686491065296648147067913214322721068215557756046886427680
823,4911640707499078656789104823945985284259243113650025479468870541249
783,5010939170685086831774900793428886325098166251327744655478759385288
322,3891643070697511399457713756828823314413856012255657985757588599316
524,5078543552405243295750707024240175553036144707145087361688407756619
737,5458740275638494614731961237034458360557785794430689174103031648203
397,3878732100888369835857127338780764660146205018093853969877942237153
274,3439051179966334799703347305185137404772569988764483111146132975459
236,3070897483737012040724818872664272039959601816249594460786381421044
1048,3856973984444222111259136030974587065574381934650101704943730906851
875,3552545938142513502641405060486392375022444727213454961270238264096
910,5087300179951893937219962198896153589226733072663844158948182529248
1045,4146291216117671650348215861506379669156932852358915368683206301876
830,3742839405750908870552540166872807727106265409402863623013426469664
876,3444830957479933101167621524058187821118330000484071586110732477499
822,5122554109184401930635665053668112700744422222297289304140882770896
956,4693227083439189182846916222814406699149361177731717886456245913755
234,3181857578584484720582494793865839125750354363863055955419935841536
1050,3710313415036352110527577741082641688741697319221821310577549039011
657,4919905153687539559247804575305872003123735310773426209227580457005
446,3874662836806925791900421915141133380343466716685944176303197994163
1042,4518800100865094635027386566870821718739712563547400719050924808819
396,4019486164867459868599075908232798919966391423638901811139438881224
1081,5144887851976728418850866645985310256405996968322648254296260992171
1041,4661456763130674173384908107510668945489578865827933988424218336004
93,5232686437762277240504931956524754253772639407364013668798256360800
91,5472043490092020425492671895543033646178036591662532003569982319988
233,3254274489778003129870400268706372424805427791157664074203115171459
273,3545053323280455876487890242083130074555783201174367778636384420736
1044,4261217327358593373509040443868677080573389556812891409180418791755
1040,4813356942404472983474661967576366110683915034050653000756205542291
1080,5324518582275185044137317464328557236933742734371924495504329235764
352,5069230428731418085311415117044200730241550267588325880815794448675
232,3337982643484709585397684086373405561300299320777523773963895914500
92,5349214977915215428449688467278339115131226256115507368069764541803
909,5235549935327799890283078126840469305374525385148290790928560997115
231,3432982039704604087164346246866938535234968952722635054702278070659
881,3076124835380856624311733975583776878440201878469080100022761304484
94,5122457869633205861658402363282279062102276045408050905755457776979
1043,4385386955607734368402097345656824430434316127209053192636324960736
353,4955726117240542443745210376432529742659157227587193939090131808804
1083,4813356942404472983474661967576366110683915034050653000756205542291
656,4992620417958933119059851102742737967107085367676848519778703917648
908,5391823718528681398266550435121087032794756995274476890042991407380
1047,3944169544660486019223263655059334661657429041277520516564862359424
1046,4040608621884969198919623598569932196184946013847125071144687491099
564,5422377872552680344536855561213767760291585837261622285558551206948
522,5299909042580361060903968608943372269010579616762985749928429914675
782,5116304472687983664610936070502273836599326866216538222381379627857
272,3662316982187056902246945718027729286537111281911354904905399621531
351,5189531039216483048050839644879981978064237949369917314792860639264
320,3970578069835211828149787324385065658675709530758560497047911026624
270,3930628846777698800688594287056747337094112048366636533779721289675
230,3539272678437686635170386750186971346609436686992997916418261639936
271,3790842156686137876980513733018935040716554230975444489953178577844
655,5068221645106777799670319663166600399185433222819605035297183484017
781,5227931238995914591180015881318246548347197372683724786904915701208
483,4831920333571403506209627935661621176872130884027934847196523592291
350,5316627948695737331963483959939873486127220272931968241021330380571
658,4850075852292597120234180080856002507235383052109338103643813102088
445,3962547649791050881135850818962226688690784221821895064268215794944
874,3671585504219348939482723939159037717382722488051633362410381234691
873,3801949655710439411691578160076123848199163282998606789531161389284
394,4331155877764914176556667380107317137437313141192897041870167281040
229,3656854559683957229415805596333503995423702523588612359111846622331
953,5092587667567841442397244301414674986277883946365452280247230713248
954,4951400941909358527680925905345017886475379486179076831551197667659
482,4933041333848181887540054016645282899788409543177074541144340111396
228,3785727683443415869900602785306536481677766462509478382783033017844
392,4683041037248067474479184629275768285348966734032091670211209163088
952,5241840924175256518646438400687233090173385277193625046375635204595
444,4059682855701025301032785010664776851738080968663883661622365535563
349,5450521157169180937049348062223875254430497238274478659501203672596
480,5155119405797839061352717901999389462092462542731461244321936485280
780,5345819469608879611482140225876804460341777770729304349049367605341
443,4166068454536849051591224490248783869485356957211909968365647216020
521,5419924299155623412470885717346284168920660928706901059951744878500
872,3943638392615784919267967723237650767471767112054375242632578727875
442,4281704446298522132811169257714247741932612187465973984498060836315
441,4406590830986044544692619313061168469079846659426075710019606396448
481,5040774357923660405921084005424538994861853429411583340186144409059
955,4818280747199807774497483212478261790765871896634498700287536067828
319,4021885552822414343048473689034324384546088346421669017128954224275
439,4684114779138637360440035287399380487474253328464392289230093336228
951,5399160711731603756428508203162692198161883478663595129936411141700
870,4260989622669241040523352876294026971385463872492297226777324957051
227,3925892049716062556624778317106068805371628503755595987431820826475
869,4436652115817351654202348466188876256026556803874450757820653847636
393,4502071526683278451772310282529801095088048453201844431339399036785
779,5469969164526878725517309104177947572583068060353276908814735340256
1018,3560720193530762885628123343440491256703840988288669637987471155812
654,5146708835131073601079210256577459299358778876201695755783019156112
395,4170294090492974648832255922008316412396760798005249501803513895853
321,3927163909126910846952867346983231968631632086036556819924122484971
479,5276076477470717853834955706369834301480236883136708253551716340059
269,4081677052461739673371187380141166175669784734084931036385027757024
438,4836752342603707764306001206390671778721425525542607142919034715875
653,5228081988031820523286522882975314667627122327823120681236210933933
268,4243986773738260495028293012272191556443572288130327997769097979891
1017,3526475297493968168935321513216555639303689188862721736487896003187
867,4821950858356337987662945672711897190677231768965142897849223180800
267,4417558010607261265659911183449823479415474710502827417931931958276
1016,3501362376495908726847548067975647207199153773989806087545168200320
318,4081086358088518391648926440931008146242768533025882380167252077924
652,5312341103809018566292257542360166503990463577683879811656758817480
871,4096651714935385462211892628643618475200533975218938721714633250464
866,5031587107747213707444547289340068840686813802673681506834463623379
478,5403645572942296783367797418535873513025176450627324367875483973396
266,4602390763068741985266041893674061944585492001202429296873529692179
440,4540727608599416287235574656289546050927060373092215144930283896419
226,4077347658501897289588332191732100966505288647326965173058210048224
225,4240094509800920068791264409184632965078746893223585939662200683091
868,4623639194379717303248879398328166329123812769365399314844619922219
317,4148180485633523973951145580075116943765750090571200586162804587571
436,5169778648311396564022448908017624925315707644817149978464313294683
435,5350167390554014959872930690653286780662817567013477960320650493844
1039,4974500638686491065296648147067913214322721068215557756046886427680
651,5399486182462667730096414234732014808448802625783973147044662806753
437,4998640298994627498833472413263419924668576964326859705997108035360
484,4737411357093325261929805762473553826113017451964164258342694851744
1037,5324518582275185044137317464328557236933742734371924495504329235764
265,4798485031122702653846685142944906951953624160229133634593891181600
315,4306048707560239739660883020105609646290617318485151527025673574859
264,5005840814769143271401840931262358501519871187582940431093016426539
1015,3485381430536584559364803007717765960390234743669922691159287747211
650,5489517223992768014698992960090859581002139472123400687399922901752
865,5252547942552344462593684248212681279152558870491015141800341249956
313,4495490218602561640177686009125802492120690030163521839717561186139
1014,3478532459615995666487086332442911898876932097903071547330254643860
263,5224458114008063837931509258626416593284233083263849686370905426996
312,4602050957542074890988737084507036468775178442414364260499386975776
1013,3480815463734142048214398042151085022659245836689252656058068890267
314,4396822801941949923068401320991993551292502988853784261892990052500
223,4599461939938529765915263872569196474545057691992582215802986192179
311,4716505018760489675501554547135695481255968225606311524238467421411
1012,3492230442891023704546738136842285331737175960028466017342730486432
224,4414132603613130894233574969463664801092003241445458287243792731076
1011,3512777397086640635484106616516512826110722467920711631184239432355
222,4796082518777116683836331118501227985437910244864957725339781066400
1038,5144887851976728418850866645985310256405996968322648254296260992171
1010,3542456326320992841026503481173767505779885360365989497582595728036
310,4838852402257805993716138397011779529563059379739363630934802523044
309,4969093108034023845632488634135288613696451904813520580588392280675
220,5223197403993854658396600638844790519543009657585463487346175054196
308,5107227136089143231250605258506222733656145800828782373199236694304
1009,3581267230594080321173928730814049370744664637364299616537799373475
221,5003994340128891647996776707259759333770560900062584815854177353739
1008,3629210109905903075926382365437358421005060298915641988049850368672
316,4223167935457431089955131106466650777115033019057623635115611753216
307,5253254486423164150570488270124581889442141067785149008767335763931
1007,3686284964256461105283864385043694656561072345020016612118748713627
306,5407175159036086603592137668990366081054437705682620487292689489556
1006,3752491793645754409246374789633058077412700775677423488744494408340
1005,3827830598073782987813913579205448683559945590887862617927087452811
1004,3912301377540546840986480753760866475002806790651333999666527847040
1003,4005904132046045968764076313299311451741284374967837633962815591027
1002,4108638861590280371146700257820783613775378343837373520815950684772
1001,4220505566173250048134352587325282961105088697259941660225933128275
1000,4341504245794954999727033301812809493730415435235542052192762921536
999,4471634900455395225924742401283363211651358557764174696716440064555
998,4610897530154570726727479885736944114867918064845839593796964557332
997,4759292134892481502135245755173552203380093956480536743434336399867
996,4916818714669127552148040009593187477187886232668266145628555592160
995,5083477269484508876765862648995849936291294893409027800379622134211
994,5259267799338625475988713673381539580690319938702821707687536026020
