145,1640613643642703805087320831699936043121223958290344705
93,1177487367779110037295170989048972164059038768857456129
15,1886392873061949164618696195294488895075784108201770497
111,1745215625901066695149711282139381955090958596754603521
151,1882386107776869069775264315476909034725841286768590908
19,2352982634721086337219080394346136293407301608460738620
89,2354974735558220074590341978097944328118077537714912256
148,1177487367779110037295170989048972164059038768857456129
14,1627037425989275764280130175147335513931393092569451169
76,1173246419414678275887937618210044737332290325084453153
37,1640613643642703805087320831699936043121223958290344705
44,1173246419414678275887937618210044737332290325084453153
16,1177720373060142310851592059925761083945785479809851393
155,1166612269493764661253017000326632116981795883047996161
38,2333224538987529322506034000653264233963591766095992320
45,2082472983741100583960305333082508749479984240813598736
39,2342782106708738156955343499717822343164982270915298569
18,2342939323105663658660558741298860410053837708960879936
77,1627037425989275764280130175147335513931393092569451169
31,2346492838829356551775875236420089474664580650168906304
112,1564328559219571034517250157613392983109720433445937538
74,1177720373060142310851592059925761083945785479809851393
94,1177487367779110037295170989048972164059038768857456129
65,1177720373060142310851592059925761083945785479809851393
73,1177720373060142310851592059925761083945785479809851393
13,2355440746120284621703184119851522167891570959619702784
103,1804066117936687257981789172579862800957294138708999745
158,1176128016477205486672233766647550726426348382608334913
52,2352256032954410973344467533295101452852696765216669824
51,1686304221550111875007007615948064343608566152730196018
96,1176323020313214275839922720260651027924236330401086977
56,1176323020313214275839922720260651027924236330401086977
47,1177720373060142310851592059925761083945785479809851393
46,1041236491870550291980152666541254374739992120406799369
97,1176323020313214275839922720260651027924236330401086977
4,2352646040626428551679845440521302055848472660802173952
152,782164279609785517258625078806696491554860216722968770
79,725328354321590910526641393248122280844813098566664403
7,2265082942957685682910446633077970990427569192156594531
6,1698503844696030115288668242826227625777320290340318340
20,2241548222597722978804967806902155661068010305038351651
55,1176323020313214275839922720260651027924236330401086977
53,1733515851417316582293842195609094207594115474246107201
69,2175985062964772731579924179744366842534439295699993203
78,1450656708643181821053282786496244561689626197133328804
5,1176323020313214275839922720260651027924236330401086977
128,1041236491870550291980152666541254374739992120406799369
142,1686304221550111875007007615948064343608566152730196018
57,1176323020313214275839922720260651027924236330401086977
92,1955317798862672169939502202056231543217682303017638257
10,2347891256549386273556699555364818571199610796287588663
125,1205943546790138845466586329229981866196829590610071553
41,2411887093580277690933172658459963732393659181220143104
21,1176840177707292111997351111804969021665064553549926401
144,1889317390573069048582593129654409755958453789330434899
156,1177631734211969865218610728887268826531064647902914561
136,1176128016477205486672233766647550726426348382608334913
75,2237674911873182881976511887323362575827138161800319745
127,1176840177707292111997351111804969021665064553549926401
135,1164832565180409070402171333694455206089524800332778465
54,2329665130360818140804342667388910412179049600665556928
130,1176745111774288615224926623863584620803134239209202433
43,1205943546790138845466586329229981866196829590610071553
140,1176840177707292111997351111804969021665064553549926401
141,2094486284784589311338596799945991137581867767824151013
60,2293619753864753184197613791823091307748100640197898880
82,2265863082121950202388918084693557482756757207296954881
71,1960818862267571947682566995288446911172751340383948860
72,980409431133785973841283497644223455586375670191974431
59,1164832565180409070402171333694455206089524800332778465
106,1176745111774288615224926623863584620803134239209202433
33,1648684427896757811306055020442176357143490507064080387
83,1176840177707292111997351111804969021665064553549926401
119,1205943546790138845466586329229981866196829590610071553
86,1176745111774288615224926623863584620803134239209202433
48,1883011628957907300978044702498280794640951934442663937
66,1164832565180409070402171333694455206089524800332778465
25,2355263468423939730437221457774537653062129295805829120
70,1413158081054363838262332874664722591837277577483497476
131,1176745111774288615224926623863584620803134239209202433
118,1176840177707292111997351111804969021665064553549926401
149,1041236491870550291980152666541254374739992120406799369
150,1176840177707292111997351111804969021665064553549926401
2,2353680355414584223994702223609938043330129107099852800
153,1177631734211969865218610728887268826531064647902914561
95,1176840177707292111997351111804969021665064553549926401
88,1807075481967499101327616238135078768244445233607401729
114,1177061471879076120344829838478275634796080532444623201
126,1176840177707292111997351111804969021665064553549926401
129,1176745111774288615224926623863584620803134239209202433
132,1176745111774288615224926623863584620803134239209202433
27,2353490223548577230449853247727169241606268478418404864
146,1177061471879076120344829838478275634796080532444623201
87,1864180495101057705773278845268926467998475718301008705
124,1768955240595411540861087128684494239722109600188205429
113,2354122943758152240689659676956551269592161064889246400
85,1177631734211969865218610728887268826531064647902914561
58,1923601112953659213202197856227129270424058819820473857
63,1719531537062399473858438244310786825844624191420100683
109,1087229921573145581867701851046565671547479114414091281
84,1177631734211969865218610728887268826531064647902914561
26,1993505922107977639147330506756656417912994945866814481
12,2322852266512515620827868914187486573045983694839025940
61,1858281813210012496662295131349989258436786955871220756
104,1177631734211969865218610728887268826531064647902914561
139,1177061471879076120344829838478275634796080532444623201
120,1205943546790138845466586329229981866196829590610071553
154,1177631734211969865218610728887268826531064647902914561
91,1955317798862672169939502202056231543217682303017638257
40,1176840177707292111997351111804969021665064553549926401
17,2186434022637510479815813984986183161936461039264304961
115,2134254045112849113648803575048889656905145248798285541
122,2089852282523922253789657998419115600747487264076390389
160,1087229921573145581867701851046565671547479114414091281
108,2174459843146291163735403702093131343094958228828182560
50,1177631734211969865218610728887268826531064647902914561
62,929140906605006248331147565674994629218393477935610379
49,1177631734211969865218610728887268826531064647902914561
11,1161426133256257810413934457093743286522991847419512971
121,2018342779625622627142127396955563491052124372219634152
32,1648684427896757811306055020442176357143490507064080387
147,1555194851605059718175820284260940918543793646415573288
0,1479734154147953249641017089365067066774483562572202516
1,2219601231221929874461525634047600600161725343858303771
64,929140906605006248331147565674994629218393477935610379
138,739867077073976624820508544682533533387241781286101259
9,1132423435634752221972684673005539503794024499817165011
157,1177631734211969865218610728887268826531064647902914561
28,1176745111774288615224926623863584620803134239209202433
137,1931983232358387667177352286504132311263460418221643912
22,2285442652239048950971487787992019232347287819173989669
3,1176840177707292111997351111804969021665064553549926401
102,1207624511850482725725813886661227563777421682388025345
68,1207624511850482725725813886661227563777421682388025345
107,1672870558434027352482077449993243082195069980479775557
101,1802977027011525836877146603063748059067033426931576833
42,1802977027011525836877146603063748059067033426931576833
105,1672870558434027352482077449993243082195069980479775557
23,2049154871882435223361408252700572261196718333271293668
24,1024577435941217611680704126350286130598359166635646835
90,2038362184142553999550832411409971106829244099670897000
81,1207624511850482725725813886661227563777421682388025345
30,1207624511850482725725813886661227563777421682388025345
67,1207624511850482725725813886661227563777421682388025345
110,1207624511850482725725813886661227563777421682388025345
134,1176128016477205486672233766647550726426348382608334913
159,1207624511850482725725813886661227563777421682388025345
29,2415249023700965451451627773322455127554843364776050688
117,2307040484882989195875866483417420244200317843591462069
123,2024545731632010926993107322182634091849258515804752456
133,1912872191394958360479125877397058787814490539259702785
80,1207624511850482725725813886661227563777421682388025345
116,2054813026623187170087688660886361179601157729496185669
143,1132423435634752221972684673005539503794024499817165011
8,2264846871269504443945369346011079007588048999634330020
98,2132162780489526457996063193129219292744900164485403776
100,1066081390244763228998031596564609646372450082242701889
99,1066081390244763228998031596564609646372450082242701889
34,2132162780489526457996063193129219292744900164485403776
36,1066081390244763228998031596564609646372450082242701889
35,1066081390244763228998031596564609646372450082242701889
