1158,0
1159,1
1166,2
1170,3
1171,4
1172,5
1173,6
1182,7
1187,8
1188,9
1189,10
1190,11
1191,12
1192,13
1195,14
1196,15
1197,16
1199,17
1200,18
1201,19
1202,20
1203,21
1204,22
1205,23
1206,24
1207,25
1208,26
1209,27
1210,28
1211,29
1212,30
1213,31
1214,32
1216,33
1217,34
1218,35
1219,36
1220,37
1221,38
1222,39
1223,40
1224,41
1225,42
1226,43
1227,44
1228,45
1229,46
1230,47
1231,48
1232,49
1233,50
1234,51
1235,52
1236,53
1237,54
1238,55
1239,56
1240,57
1241,58
1244,59
1245,60
1246,61
1247,62
1124,63
1146,64
