1155,0
1158,1
1159,2
1163,3
1164,4
1166,5
1173,6
1187,7
1199,8
1201,9
1204,10
1208,11
1209,12
1210,13
1216,14
1217,15
1224,16
1225,17
1226,18
1229,19
1233,20
1236,21
1249,22
1253,23
1256,24
1259,25
1261,26
1263,27
1264,28
1266,29
1267,30
1274,31
1276,32
1277,33
1278,34
1279,35
1281,36
1286,37
1287,38
1288,39
1289,40
1290,41
1291,42
1292,43
1293,44
1294,45
1295,46
1296,47
1297,48
1298,49
1299,50
1300,51
1301,52
1302,53
1303,54
1304,55
1305,56
1306,57
1309,58
1310,59
1311,60
1312,61
1313,62
1314,63
1315,64
1316,65
1317,66
1320,67
1321,68
1324,69
1325,70
1326,71
1327,72
1328,73
1329,74
1330,75
1331,76
1332,77
1333,78
1334,79
1335,80
1336,81
1337,82
1338,83
1339,84
1342,85
