384,0
385,1
386,2
387,3
388,4
389,5
390,6
391,7
392,8
393,9
265,10
395,11
394,12
399,13
400,14
401,15
403,16
404,17
405,18
406,19
408,20
282,21
291,22
294,23
304,24
315,25
316,26
318,27
319,28
321,29
323,30
324,31
325,32
327,33
333,34
335,35
210,36
340,37
341,38
342,39
343,40
344,41
213,42
346,43
347,44
348,45
350,46
353,47
354,48
359,49
360,50
361,51
362,52
363,53
236,54
364,55
366,56
365,57
367,58
369,59
370,60
368,61
372,62
373,63
374,64
375,65
376,66
377,67
378,68
379,69
380,70
381,71
382,72
