20,4004746372893609588076273170932940514334371330073425503055516970950378766944567867335633
69,4012477783234697538955902874554659083369590408190590935040276973078914447148852430745201
68,4019732631341854902715717400918549459097821352819382189302106340036711493912093046923733
63,4005357576018197413576692134460921530829754529888724120776241589882343290159549475681848
25,3963271942464614293873259634111896507333383767012365870893957289598405713972742394588112
41,4016371708581613166612699315974431773282783130119501041446916989020547531137483538988920
57,3651247007801466515102453923613119793893439209199546401315379080927770482852257762717208
60,3895589824634004038925639631445547105430974272618112758884959354011699893392700068740564
47,4005344187230714084617851007609532578479455400023130734025780079278341298618645429770732
61,4005344187230714084617851007609532578479455400023130734025780079278341298618645429770732
19,4005460768610550684161597848878254612919017519476180567941496774073603392948087105698859
108,4006256436315046385749181850325662239652578310667768246269840808055953524223756077289844
65,4013775613646167724398588921116230187882907752457471930504820457789070598757547523182435
62,4012929756845223894002463157513979405811569153977098261855585062873527081797755568584870
5,3519932125991326557138308832173880989118252169573539238139349209173408957207104300801388
17,4006234980595212835488196258327830806186261481632784029090314851493892340224042191384579
48,4006234980595212835488196258327830806186261481632784029090314851493892340224042191384579
13,4020100033453363309361824417611561155101244908190180647624917144345467520309535536641380
89,3562365871228475407800824607685492310708528903792288791707228558603161812551519114152533
54,3018052550522468041136614730617583361112936696023906978376422644609442738352453757767252
97,4005786584921136077625287634575186537812226157196846355084340458171853725555993430111344
107,4006549283261295681008109891255757640891973514961508722333275116070131838134044827945218
21,4019751439911141792445912172057001676192804911019458972076126540306723752535341307378288
79,3771758476657963791548626496417166682162607278109992937690937537402229848642813975185824
86,3780735179184600032568336405791048567157818639386308349926427396896187833132000394305007
34,3895589824634004038925639631445547105430974272618112758884959354011699893392700068740564
100,4013002068688654552542322962943879795400328359584199786956408714288668325002984475280993
38,3781282209683856578112607125476220888461566992852150114102644838740786281479266098821127
59,3964912814655975680371954794077021242731583610888463106342403845668910914023214117382002
58,3905818809494849586611182491980624122955776050144313369985263191217165806792145296496934
32,3530998194409371604959719387108011373143396001888444030220790838013933911269609745590066
101,3963735086555941679032310935833655482738624255254923758994166501596225710583829265138450
55,3994868044807171284822819350524416616726138517607031358188816639026371855654505129176010
56,3898941761532443227700455399922396125581674495187582977560455479251689256445098573853785
37,3781282209683856578112607125476220888461566992852150114102644838740786281479266098821127
90,2945419826490583018740346603002529955222694289169043246774691769124401945573323066450143
110,3785037078522057219850392296012137322288399393461548842706361273759079886780343381883600
22,3998100075339528197524701093016390641959042315720540510505962683364151810730166098017668
98,3995527733235276478657854819134925062760470172555751234771285469843523593223537092115542
109,3514883570676201052883181391420511516182249875199761100909079931018564396759316896101422
8,4017009795058515489009350161623441732779714143085441258181805635449787882010647881258760
53,3990404093176819014349886156858414669764379267891897738121421641879433878441769474078922
80,3772664000740269346872568331464599013562936133805769307778784164720078462580399125606414
42,4018434251401511802761718044171863658596710572656229369528465718083555186987852463904970
4,4016509123784232168361690273017810178423720262336094583504616284498548450996181144769664
26,3964873829062415323261868900385754505456423136916945853858448919184049905275056883417638
50,4006584461359542475221429492131770690837056770937672869328237724121739111274968362886127
35,3898857395687759270701161483775641625907036343396061367985097612192066923351938070007249
16,3103559956631246537837085835071151824809423327819614441118072218788604910424419098309625
105,2738435255851099886326840442709839845420079406899659800986534310695827862139193322037909
45,3906316758890513593146556801172727491253187507854353602119384261586191822808686038754578
66,4020205966033366144076232492850570763798270040130465786500385998989821153260241809737625
91,4019666992180834522391814175047534087197680380653306587440659442346974951201888110615208
33,3772798209289218521146764277550241195833216573512915597342644830894213580011206106657961
92,3524355383278738861957852555268367810688155792252754300135236955743219294137660093942558
44,3898941761532443227700455399922396125581674495187582977560455479251689256445098573853785
95,3981825921583188379009088066496201301410548440305916597982841231664534998135748516893734
93,1990912960791594189504544033248100650705274220152958298991420615832267499067874258446868
88,3549182068378825757936789623503846272018585476817064452390814255435758813643842371114668
85,3523051224111400031447526167172272038834220019324877675953325706640724883033528901124101
64,3960434754232526328306558688584269708098326036385222409306664972601043410706038309768374
82,2820639341165311958641188723766176099684076734806118295135635681500258943355531993629722
103,3948895077631436742097664213272646539557707428728565613189889954100362520697744791081608
39,3771307948701687236211753791119540613140136352344368137000908749408765094567377257153996
7,3989775388471264759637866021320926546464966630984497422922184660403211706798263399002417
96,3989775388471264759637866021320926546464966630984497422922184660403211706798263399002417
106,2510631121911572180630843851014651082987321339428400786363628522156117426256654925786732
14,3086786712404398527041325750159187489155251184890952585915304855413895653317688681642102
104,3780362601656794494510081070499249676535871572794622204922068292923261237292845696950466
40,3843311661091900840482281783765417963838392584460021263462530543927398903707013379833206
12,4016647967649090077310734487980325430399405776785964095753875227584903113561225653951456
87,3549182068378825757936789623503846272018585476817064452390814255435758813643842371114668
29,3523051224111400031447526167172272038834220019324877675953325706640724883033528901124101
28,3960434754232526328306558688584269708098326036385222409306664972601043410706038309768374
99,3907135467613081798476737229488382695428977302490266904263497287512230310004075727565351
67,3911058913393035106003785949590529152109752423499249633357822261806653236480539066579071
36,3995064225760784217383676333946707760249470115080176558612743396790496503078704123225159
11,2820639341165311958641188723766176099684076734806118295135635681500258943355531993629722
49,2510631121911572180630843851014651082987321339428400786363628522156117426256654925786732
52,3902709666181472616873039211788575264869724274109760391479996650849349104539135399432333
46,2972312919992572568808203143774848552693710482961063163956619940171051419174183188118873
6,3963083893323430091744270858366464736924947310614750885275493253561401892232244250825160
23,1981541946661715045872135429183232368462473655307375442637746626780700946116122125412581
94,3749115095075831184165036289967797159750104263125553780821601434444480662682090212135176
102,1874557547537915592082518144983898579875052131562776890410800717222240331341045106067589
15,1825623503900733257551226961806559896946719604599773200657689540463885241426128881358608
51,3902709666181472616873039211788575264869724274109760391479996650849349104539135399432333
84,912811751950366628775613480903279948473359802299886600328844770231942620713064440679305
43,3780362601656794494510081070499249676535871572794622204922068292923261237292845696950466
27,3529739760229590411255563292087195057261679915915594642149219453999777280158375601558095
1,3302569911102858409786892381972053947437456092178959071062911044634501576860203542354304
83,1651284955551429204893446190986026973718728046089479535531455522317250788430101771177153
76,4018271582440849803460078760538747218317696224411979409437116542021242788426120783734999
75,3989122573089560808636626888057942164837436155302338372531110080909686637168796022232225
73,4018271582440849803460078760538747218317696224411979409437116542021242788426120783734999
77,4005133891806436060970478512752899773678807260266240394184277585538548041297510295420683
70,4006748208646005453500360716598122311923760879337395885085927919454776246414559820764933
78,4019831123813702326544274656813844136685982620722115500697871236862395717971973817532112
74,4017077426386907088110181066656098301155980979155815641873552234521204460547636105605385
72,4005133891806436060970478512752899773678807260266240394184277585538548041297510295420683
71,3771668129062387947415000127264506582780911775713355429426129536489862119634103869229391
3,3993542306710394409628098419521328744730418893013647451172039458300495074524892866457158
10,3273331325776224635338491180301041382016978604504657315772160101497054696775603971749305
0,3927997590931469562406189416361249658420374325405588778926592121796465636130724766099160
9,3895810588639507964215471296402004369514830053446282629971337571019660491779021116076588
81,3958070773895571937453964468077978377556399386663389314567718123983497788815328870359477
2,3769588689414448258467679561548519771739976145942301840929125930245229095408132908988575
31,2618665060620979708270792944240833105613582883603725852617728081197643757420483177399448
18,1963998795465734781203094708180624829210187162702794389463296060898232818065362383049589
24,1309332530310489854135396472120416552806791441801862926308864040598821878710241588699728
30,654666265155244927067698236060208276403395720900931463154432020299410939355120794349865
