14,8504428017960558131311476016276178793435571794843404365574959615080010917981174080
13,8504428138927838289602635925662831772253211306159372943260050947001450097013257113
23,8441895459004965792110656339685912772895604355175438157004555500263246131819547908
79,8438906637652018294015277179857903590987880508981430619878146885017762873304627221
77,8438906637652018294015277179857903590987880508981430619878146885017762873304627221
78,8438906637652018294015277179857903590987880508981430619878146885017762873304627221
80,8438906637652018294015277179857903590987880508981430619878146885017762873304627221
81,8438906637652018294015277179857903590987880508981430619878146885017762873304627221
117,8438906637652018294015277179857903590987880508981430619878146885017762873304627221
31,7347575677282099856096311999356257413446174160986029507022483490969862373991088001
16,8403744447671442087340149433945247327257326416529700706624585993765244218533772519
92,8253192234134553992820669006240590671133558965414978802744032143838290738441204653
22,7347575677282099856096311999356257413446174160986029507022483490969862373991088001
15,8474851801244771109581397293101975675682920347429509837770718003088430665392340407
91,8253192234134553992820669006240590671133558965414978802744032143838290738441204653
75,8136908812032359494393049082296087778632059576074521068461181953165177284344310848
94,6784782646681768803288934910043863228586467203974333629888846457618979298536451435
90,8253192234134553992820669006240590671133558965414978802744032143838290738441204653
21,7347575677282099856096311999356257413446174160986029507022483490969862373991088001
74,8134506433129567979858050801283693827807409255491240693753045029883481134782663889
70,7412114647409266991427882550693843819545246681622571120746822102796848897586354813
104,7567889571123542536764443290215917480286724693041667425368515666495336244811149159
69,8504384267215753486129942961580429007947623735324415568307094528235561800189117408
89,8253192234134553992820669006240590671133558965414978802744032143838290738441204653
86,8257536712827771233546006967955711050757952124588161426515143631033828159385219157
0,8470105314420930418979428538951981004946528308685239417308800597005654299527916997
73,8503650285963191529549644097522087860411663074264190860545667134023498474971591713
2,8480761554905049448418456394854539979097985829852769399019338049143030100374913127
87,8480761554905049448418456394854539979097985829852769399019338049143030100374913127
36,6792856737307874890468650610446638231689790029737667255465473746113445527344170997
103,7567889571123542536764443290215917480286724693041667425368515666495336244811149159
34,3941534156215680492000328131987555517153334955526794580331818099596690614631802967
42,7883068312431360984000656263975111034306669911053589160663636199193381229263605932
35,7463756168153097101872961781848775340992485341316696120202804486470329036217669445
24,8478264284297799284574527747968929714251970389894046294649138300018263743769289563
64,8504428138928258108856741195756185197064857040400721835573740305416530484394836416
6,8478264284297799284574527747968929714251970389894046294649138300018263743769289563
88,8253192234134553992820669006240590671133558965414978802744032143838290738441204653
76,7463756168153097101872961781848775340992485341316696120202804486470329036217669445
68,7412114647409266991427882550693843819545246681622571120746822102796848897586354813
30,8471921977788569669245802026961295637864727687305260158640481484169057595780216368
29,7412931730564998460590076773591133683131636726392102638810421298647925396307689329
107,7679583938162641101643211113223962627681239386729984161382520901289291520811924179
93,8504428138928258108856741195756167119111336837323683263359891784434347985922709760
106,8014401815790885528170940703833867187249692382058062367536237332971758758962028845
113,8449540216977711044823652365448106533210705495158237944885753716021030553662975164
45,8035796657954833213067071581612625505697391362864172218452738711043427493054235957
38,8504428138928258108856741195750548491450454601182794730698938937806073634517879155
17,8504428138928258108856741185897753396287694397676840189980384210367030776370964805
111,7599701741169932778127300643016165495249533609814115563255462209876867076085167169
10,8504428138928258108856741195756185197064930503634727763067616179388731877459861093
48,8452349815065745994596063269225607924980468275519566921932500047590955244810292627
39,8504428138928258108856741195756185197064518190762427673326397963183582888576102064
110,5294951236117856043278626266850809773665454804565787599150300927605660997362635237
37,8014401815790885528170940703833867187249692382058062367536237332971758758962028845
44,8035796657954833213067071581612625505697391362864172218452738711043427493054235957
67,8327209594982091955168902483214170070282048240838490243967363392230654262685177511
66,5948006853558637110834930345152978621630034457741778745690973851593324473346555367
59,8454679131449094134847428025448801034413478570207320467976950575450341353294495137
57,8454679131449094134847428025448801034413478570207320467976950575450341353294495137
95,8496124482707643939654011703684120527286441374163484750492261825487078959874863024
58,7999830775199940786912052983711716148038314473731545542481848575080626458617306313
28,5294951236117856043278626266850809773665454804565787599150300927605660997362635237
40,7694482589214664957984690444024355470701983392569929969441439668310163029084021113
63,7599701741169932778127300643016165495249533609814115563255462209876867076085167169
47,8247094459940971807977411273676008241925608579701908753777057923797228394910500767
3,8362213621554875866233718767733278986574091815319615767642374933679244938780516555
72,5973009729682054190166941976952342133267208439514011262601696381199460670557511827
65,5948006853558637110834930345152978621630034457741778745690973851593324473346555367
61,8300813993122143054178343251812918559492126772173117017562089910481995625113821800
97,8446290117632956284929383831897858306034311159765513591203887231039808060456213334
32,5973009729682054190166941976952342133267208439514011262601696381199460670557511827
46,6395586474547846077803227935194704589771284377765822585507205309653133461385379763
43,8272578879920353160413430965568947859265132246585390210991921630844401175859491579
96,8385517003221486123436759096095517725506609033310594206503204426362867211736069920
56,8409623585969759817842830661959043338357554312168782323723583207401060791277913384
11,8481171371524157232926069772111546821618223051357063803064217192601360623059665262
8,8244229971945650975343016707264379025969249120546671227092767694904898302271749376
20,6470071167523874249384904239913240186461150928594016806969164231299243343981551350
1,8262009798587555731295456533356171950378862215782911242590266743962222278578746885
84,7981946902770345256798733658552246636830940779921943346014298919679527907419916800
18,8441243833415348830425365067664866940505401407205466651328794195740050681396022926
7,8420181587680132729423481238129246890957072436261729472557525598317686669833311251
25,8498213790658870453454248410839793996158931642559767188657490385215839412993858581
41,8002571587839121707374317202800176132475215051341797620591887677348804615150776501
26,8482760513129096424636396050845598316603680897012664552197397760368902135922819110
85,8503367231110124012152278093203169657186298918538933640885180929286117838624533218
101,7979222804945494066255617748667763430183820407393590148601509578267824455633612525
98,7979117628412092980212567405091030565317512693531264653268511115930150990531692353
102,8504428137473226767934939634981312455467774032668528731849679171622370785588922295
108,7609205465303436226459274126148611104658654094996011874732212445922199928851199227
83,7506617818724720254839678303868780864739642776030799929145204958756582987057362814
109,6326950469195085105501700608768642847380450397711257647042677925006696848644074005
100,7979222804945494066255617748667763430183820407393590148601509578267824455633612525
99,7979222804945494066255617748667763430183820407393590148601509578267824455633612525
55,8374060634360208428248660794570099590357031796903981189883184387738972278393928826
71,8353443370071028303826059293292524712719606079690400124182987952149148704918251411
115,7358900425209047286309079712741875348411873900173323520710618867746615028655276597
82,8454906871516777733206176691235346144983855119348073832305817422517387479731594380
62,8007173905980584313749763268572730794816008752713469261646180670401706309182972085
112,7358900425209047286309079712741875348411873900173323520710618867746615028655276597
114,4119472355463768897646935803871152682006175101824591483484293597408245193265528131
60,8238944710927537795293871607742305364012350203649182966968587194816490386531056260
19,8007173905980584313749763268572730794816008752713469261646180670401706309182972085
9,7358900425209047286309079712741875348411873900173323520710618867746615028655276597
54,6072525251336115737082186271652072083222170858557839896245336749426130030074330822
49,8501535351870562031915060780312900916511039201980975854743471449196582042104063148
27,6072525251336115737082186271652072083222170858557839896245336749426130030074330822
5,8421872258955598638959730938353476494647486629154961506387254484167143423339059658
52,8332746352701146204689135507853899881704212827580422699369606000875908025731369106
50,6544787561923681927895578892581150817429599838460265171886051744206019283185649182
116,7503220750616384010729286979487251352667902335943150800124876688975803052644793441
53,7464737488822409058909734444426928722408732940708975516692220059715573747695687070
4,8134548047523155817192754057572068094564861435579232885279974895697722434246370885
12,6424382738474870001267586125120113532027033649932951748196904560361449614090470500
51,7464737488822409058909734444426928722408732940708975516692220059715573747695687070
105,7930323063113456588659230482274419357907670036246298477727576898728018169535353864
33,3965161531556728294329615241137209678953835018123149238863788449364009084767676933
