513,0
514,1
516,2
518,3
519,4
522,5
525,6
528,7
529,8
530,9
538,10
539,11
544,12
554,13
555,14
566,15
567,16
571,17
577,18
578,19
579,20
580,21
584,22
587,23
594,24
599,25
601,26
611,27
612,28
614,29
619,30
621,31
623,32
625,33
636,34
639,35
640,36
644,37
645,38
648,39
650,40
653,41
654,42
656,43
657,44
659,45
660,46
664,47
668,48
669,49
670,50
671,51
672,52
673,53
674,54
675,55
676,56
677,57
678,58
679,59
680,60
681,61
682,62
683,63
684,64
685,65
686,66
687,67
689,68
690,69
692,70
693,71
694,72
695,73
696,74
697,75
698,76
699,77
700,78
702,79
703,80
704,81
705,82
706,83
707,84
708,85
709,86
710,87
711,88
712,89
713,90
244,91
259,92
278,93
409,94
454,95
457,96
459,97
469,98
471,99
473,100
476,101
482,102
487,103
490,104
491,105
494,106
496,107
497,108
498,109
501,110
