34,28335398690406980380371095323291012550038128934351922472825167147
73,26481539065863596134848131026270691482522363648673268649367746140
82,29682352690698961510977379428994227601213686594623786710698675941
32,30034219536553682466989637373722746707541616873600512268636049560
90,28505815724085637660620702655078414763486174705901219361811040765
87,30055333277814075119824500227587452746052040777325306556010501316
100,29765460150670774986876234686884689445704674879501078477281362168
96,30055333277814075119806691237893229494007316125962720006023379536
84,30055333277814075119823864192241230487050488925613397843751814380
16,29765460150670774986876234686884689445704674879501078477281362168
6,28249687043846598002401907059155589152179171196543232603017808984
31,21294543956555069721495438881038810114883656077011310069586239837
97,29868909905023694222715460451831527094436113742799417786024527176
29,28362925310724458177496956826126794053598743639838091744950511234
79,26301789243232989786846343299389490012288769341449000277288058373
99,28262202309705344687296750636741849997353444346050971088926712986
30,29682173009148777168742852090407852886647706589792074783715972964
93,21294543956555069721495438881038810114883656077011310069586239837
7,29812361539177097610093614433454334160837118507815834097420735769
13,30055333277814075119541464498518547490340489079378949600856667776
17,30055333277814075119276237759143865486673662032795179195689956014
33,26283191437849211318874178840049235869486279680349231687054074271
95,29886453226879927247162494943664437390468061132270488711380886162
98,29977076201280399409826753401197610519838175291852870466374202868
20,29163268038616800440786582121071832925250260564801487165225194702
25,29863815642056022095335554175003543590345459384132337161388301899
54,26667801709331433559553429958772154803012094299345971725013121813
85,28217667092293039688784400542092674191788826786223603335065311324
51,14108833546146519844392200271046337095894413393111801667532655663
53,28397605063450229249903924610876618960966953140675490010934789328
67,29156342744612479709928164332360154846328749383901791965616599047
66,29156342744612479709928164332360154846328749383901791965616599047
65,29156342744612479709928164332360154846328749383901791965616599047
5,29863815642056022095335554175003543590345459384132337161388301899
21,29888711438447977625652116225061898705793971578447720330140425697
61,29658279692243448205437436589625409729029209391890339644515366725
19,29888711438447977625652116225061898705793971578447720330140425697
52,26667801709331433559553429958772154803012094299345971725013121813
83,30019757321703394183576571528417076156045334459424294503584869573
64,28208032029626809904804935188677593345332266943358682476827223835
2,30050897273681826454596882876727959607125165225473046341126899817
1,22449852276636125509650704985297037221398655379292775940541689259
3,29630101717021635521156644098699976826110460397575185084629136897
4,29630101717021635521156644098699976826110460397575185084629136897
23,29146182324894124925038810938898644339536465661015952551953942137
76,29755525131928853410053066511498332104049207277349950626034195331
88,30036909050306347781930335399288172843082503040662057970277559789
24,28208057352652967988654466128830762816167624274835391840462205099
18,29163268038616800440786582121071832925250260564801487165225194702
45,29973756092471164900407099138543889366057520393227179170545934958
44,29182485894970833436512224154941729046804684125396377716465995622
63,28208032029626809904804935188677593345332266943358682476827223835
43,29182485894970833436512224154941729046804684125396377716465995622
22,29792253339782950217044517922754496833869624827129119897626523554
94,21280180956987821583603227087681783452764017733663657069733231112
62,28208032029626809904804935188677593345332266943358682476827223835
104,30054517947076788768928029299103588570635964827903721141801028002
103,26158561916900168002585506982553123385553524942805090623419413268
42,29182485894970833436512224154941729046804684125396377716465995622
60,29323303008418673099588399159762190331780036131765801313482639262
26,28248392062993489618310583370829395178917136791469179150973703741
59,28346395587852972165251518033240960158210829581031354136414529006
11,28502088866285166765233233939066048111089894211550981573505075540
15,26158561916900168002585506982553123385553524942805090623419413268
68,30055333277808579878457133987811509145517182132718127330364147314
86,30055333277792128085965577607444247291160713236709085011426782738
8,21280180956987821583603227087681783452764017733663657069733231112
28,29699214640501757973658626960160215436089487615349522768559088910
27,28248392062993489618310583370829395178917136791469179150973703741
46,24044266622223831393277528257735040720314689251761841887029861582
39,29687572912176356830144345321961926540852066165556223588946604396
101,28339700751848891696593035693016085919631396088686990041491955679
91,29191381478457585657919558156017562820166561709617388627893479676
92,30055333277759224500982464846709723582447775444690997450555470132
14,26158561916900168002585506982553123385553524942805090623419413268
40,29605853816024405465522100351589732777971052315529878272272759574
41,14802926908012202732761050175794866388985526157764939136136379788
9,28777196128179980546176253825813137443907353831005372303341423182
74,20555140091557128961554467018437955317076681307860980216672445132
58,28346395587852972165251518033240960158210829581031354136414529006
78,26203087348664819037899849989670821380225234210185227069834129022
10,20555140091557128961554467018437955317076681307860980216672445132
57,28346395587852972165251518033240960158210829581031354136414529006
71,28772017403250430572237879898718422623434528921737440437468387071
38,30055332945866116436629037865353969158823988722406718195959491544
37,28339700751848891696593035693016085919631396088686990041491955679
56,29710999100492600325982933183358015931873412016127006872229250752
77,26302133573769893351502592347285478773572614206336313307485161223
55,29214183387666055482731582239104262858625325722799193943784348552
36,30053801942342916267826365334893105552414591558523197792856220025
75,26302133573769893351502592347285478773572614206336313307485161223
72,23038764077232103081117290002030112158151613096734479243214220897
0,30055221415808134967378512051876687704052443233646991544080263621
102,21468015297005810690984651465626205502894602309747851102914474017
80,22280055510072708170494869774305452107719892743066719213917649797
70,29706740680096944227326493032407269476959856990755625618556866392
81,30055322806769936303060808245946943572026575496155833954881690640
50,22541492105077452227295606184460207679019931622116875466161267983
69,24044263314964039109232761406461067651019967010050109284444727253
35,30054511679075525617602438693384896628233517396085094668468241824
12,15027661403384968151530404122973471786013287748077916977440845324
48,21468015297005810690984651465626205502894602309747851102914474017
89,12377808616707060094719372096836362282066607079481510674398694333
47,24755617233414120189438744193672724564133214158963021348797388664
49,7513830701692484075765202061486735893006643874038958488720422663
