20,403446618785253393414094390087053092068777924062372414264582450460
68,417575292201815475064492695629224910756719159509013775126545110618
69,406977964270020233096267708894609841531962873754255266819579989670
25,420325203298258995645666491325451590434729649636033216640779381036
63,428368798920892876782164092600877861667777813066432114694659751884
57,378982972948508673559593171477836022430173289285007095065706972472
41,426355844567072257754542317912565525233944950445632981948920344022
105,284237229711381505169694878608377016822629966963755321299280229357
97,403994004090220404462510208749708668292199088565939457128014662387
54,288128725290986773548700041791977784177177576232379740781137355370
107,405958746576288143431217842743659048874053837006147510059303884137
61,412578946996454260379665347347920841706768189123367582563438902276
47,412443694329032352511358072683217180094772103532515386648603312676
60,381041488499614142213007644169109299140047472502525199571675304595
19,393964908548591882440928368051171008695915511606413957569457728192
16,307923665520663297267169451825741768224515797544068264740886915132
42,405658239508384311475187049434109463600056544391876830957028833398
21,407949305588581972093825037439464438946122663799751853357889845752
108,398133319894432303872948555889129695977985488946699906639841234532
65,405291248722903533062851238935882071161157527146853834642558883633
34,380524319940075490184615147541972645011852592823369691505748500765
89,333242980528348136923676587656835578879204267367617688492900589461
13,410516715143617270123369709432333684126555981539818891621689131925
15,189491486474254336779796585738918011215086644642503547532853486240
17,413283744985355023731601875842290709044304694662405014478504414288
48,413283744985355023731601875842290709044304694662405014478504414288
62,416005857452668359535440847554771448791742384668994289533553889184
5,335389506799142214287591378759681821486051863296454762410074020112
79,363604311747714010199344392889850301270598116277453122219084188856
86,365872251402448478894795720578265375424741428893066325755510768190
59,394647376476740656988997055723314713451938478985083605181168914438
32,339284570512960596102269597538858788727998410965969099393737690399
58,385570912042833073174868599018781238926986592071464737468635113625
100,408305300242598556573909525534251491051510837691328500607703930435
38,362220631009074061873561508322647368346961160182193139666196292894
84,94745743237127168389898292869459005607543322321251773766426743121
35,387892058929068091171380812736858182253280245312148528903286970979
101,403205711952848271470618904619853357522461084636615262790853226279
55,410117822411597880478089469949181708860296961782530099814215034795
4,400002462040924887775813342474415700062572404355791205001778059185
50,414540616968717781986402058939626616012470287421542765969197123442
26,404577821942851546745114995808561217009627655724875252049700415012
22,402510149521204498288908240574994337328707153054793703092282762209
98,399032352020579782787964065484805560990645218276360565691417971414
110,362944267647825102141344184787429155108025622851439516753303510964
33,366041426470570395094350475024520999198064551721476260794116111304
37,362220631009074061873561508322647368346961160182193139666196292894
90,270458071153441966198925926214243368365730999602704210950759898696
53,389989245016746280025499454585786203703025784264929171619968361052
56,375683922401330882600844354603925039633267774539529065327499407022
45,379269810851461953218871645168078215164153472454678159572299202891
109,351838324490822883967146786131738321797185664413787884176068866246
8,410478045239293364628337917153694708763383275149419198205413677280
80,358258555955667645230294201284891844635250239648949497044247815324
91,423555031142697315512237331401411529646115780371631366321528934024
66,423961513898112572053036023658034765279173473059128133467710822553
44,375001625284097240401506567548968719204378935658651213646415367139
12,407859929339151695760047052525328502218312474350259032853093168146
40,373603243115834548612926672661362643640851989663687424501056253467
88,335315833016186243359304835727067256150079939544732738917363708522
95,404249363842179832031109209545345408440069473320220947700237052544
93,202124681921089916015554604772672704220034736660110473850118526273
106,234558882993881922644764524087825547864790442942525256117379244166
64,389791766186331804824136766504964405244186117068305340414239833541
85,331264244743095696654958239124899898575021888515277333037463814191
104,365021514362900373637225646447665598485808033372096897271336835741
92,330461022271837626778185689789464734497339143633773682323436558938
87,335315833016186243359304835727067256150079939544732738917363708522
23,200700149064575798487033396746751780825697221571297507714555250271
46,280980208690406117881846755445452493155976110199816510800377350381
6,401400298129151596974066793493503561651394443142595015429110500540
14,298046909065916368268204715593121249761187994847589521863314395607
7,387989086755260702362574856724552855320026409940623612945266152690
96,388132339377065041417241612922705860952440909708476882429927583238
39,349318764361455364909656210399334843580980833240875483947596110659
82,268249073234929849128127682264578838605198798587616337284169417994
103,402373609852394773692191523396868257907798197881424505926254126988
49,234558882993881922644764524087825547864790442942525256117379244166
28,393891587979267272510827124080982883326218402206386883456803458589
29,334103442882787285964809178960094518281045511859326583534451298646
52,385345652133663200677160259278827380138692667746935254580431314350
99,372144058076189155975014143394690698109099000724129439776323804820
36,392250149236915015040745637033870468993152560996071445395558372675
67,375477699699486932822378285261760282423340100480117652186218928638
11,268249073234929849128127682264578838605198798587616337284169417994
51,385345652133663200677160259278827380138692667746935254580431314350
94,358308667590006344594884819391545780210294949275040661891645141172
102,179154333795003172297442409695772890105147474637520330945822570587
83,160560119251660638789626717397401424660557777257038006171644200219
1,321120238503321277579253434794802849321115554514076012343288400436
27,337380686994662928862914572997285575437884930622316731330968344832
43,365021514362900373637225646447665598485808033372096897271336835741
76,422903756985235075712956596007950193390279956805516062281037730888
75,403937523861178808508529056302210766420412704427799466633576805548
73,422872599282174596557205809624269632320951025757439628342813674519
70,421931299214141329783006757802450812019906105342225937776557426119
78,431411052897009515922463305564133393034560243348712086300424034170
77,418233615177699181789190874525472620934602456612810081548788687391
74,447661534207753206743392606284582827040312393762840239018851927567
72,424477832576811569014477992543431075595775413641972636471863713921
71,375433910781242122582167508818463477655190720457251769443162417719
3,418705858282762775047305361036796997187434066660575819809142338060
0,419512053351623556627620634065419683518114701037439238279386283284
10,349593377793019630523017195054516402931762250864532698566155236075
9,394873525518123435566306405314286948907784039713557103909572160092
81,406903009737304250581574267979531150524789493748801467684208981580
2,372620604054815156422888214989129581478078674396891872817714446424
31,279674702234415704418413756043613122345409800691626158852924188864
18,209756026675811778313810317032709841759057350518719619139693141651
24,139837351117207852209206878021806561172704900345813079426462094436
30,69918675558603926104603439010903280586352450172906539713231047219
