16,407106711117235096104403013897449733621016864044127643903514316396
65,407047180222170945971645646929073962510099308048538473606235218334
50,407119976366227387709363411444246127867451190252058202677644268628
97,407232306335840896068254646918415544569335522417314141508341394732
30,382190904850970557003514808251226778746707021547178665270782725514
68,402455342361374112594858266926063036484599118271620498715418223030
9,401476634978046129378050116129103441406700709138974370920931554606
45,402872321499301306591194800479194787326924381529023672848561947174
44,407232306335840896068233780728737375787049184869755141323517772086
52,395057669930579444114674080806943027260833956567046065766902896138
42,386216844404116839233324829568543946823749327909932879975209464494
31,362291110299871953730060722214430732616845698539859324085571078206
107,407232306335840896067507416760993847665532265345292715773302610364
103,407232306335840896067870598744865611726290725107523928548410191226
51,395057669930579444114674080806943027260833956567046065766902896138
105,406557313691003480161245150392881184397565282792571780514379331884
19,350115127403501614145576678807853795032948505990053487992997510010
100,175057563701750807072788339403926897516474252995026743996498755006
49,395057669930579444114674080806943027260833956567046065766902896138
57,405235604308184282456835337329559281307097715136514319510987734834
96,202617802154092141228417668664779640653548857568257159755493867418
41,403384156630793832787288926492066064034734066001835553040629302274
11,395533094014656337934175936680001444736529608448825877744231862858
25,358224770965823529992071960971381850271085986365679754860849950628
56,383476430789563052681252266592830363631959750855218153590054631833
112,404673795862640901878083591986166314908091256306921420379828901764
83,397164602651712502317318231434352991860241365623012193255048260228
39,386382190816755350068772488271945412533018694842068177711320714322
1,395057669930579444114674080806943027260833956567046065766902896138
43,357446556138750058014646634862153156030287957672743673821084488923
85,384119806990332533592850255132202780088138373390775903587488589226
34,390282410353340436378719589792490785859982336519393666817758256164
77,402894816378655108106097837172612380683754281154945363135949791370
20,201447408189327554053048918586306190341877140577472681567974895686
38,407232306335840896068254646918392836885575400464299361312283419916
22,203616153167920448034127323459196418442787700232149680656141709959
32,388971535268051485084250122566293848798679750573532078400321332944
99,405944432647564579077993942448559934981073268492227120565031210096
28,400651861430929042481028930474081979284218523539699515803047974428
76,363551146785543072618510861167127870184086815621032540780358356629
108,407231670507012659568755119330736043576570183760506664428938156640
109,395751679795525091470350993992067054449342888976278960054910060975
3,197479536630842586678156427421831459837883445309355083343439719854
6,394959073261685173356312854843662919675766890618710166686879439706
81,407232306335840896068254646918412819747029711036264296908825426775
33,392289205053633293626420588109762703526366782869689287865744681516
0,404319571669707380794358951784004737947350617538124608041508473692
73,383663689575972676559766580482151484713286831541458011407414273622
72,391191457062340663455619227118366198819147337599041979845188380004
86,307960890944792837606540703864858180750644876343652904087727630806
87,393399857576008054576364324007294370172982707426663084492591121354
23,402681799921874985729200926104371837937106394631789716709262779826
113,297408353696755012468831091354946173754057516351098429241091617280
4,315043707383349055148295722990467040621832597113283467452016539458
84,313470304561150420769792763868095715026591259745606299112342155735
10,389874996012177519203178515471772616281155259203668691448844763929
92,278482140008698228002270368194123297343682328002620493892031974237
58,295891518225433042355813184416939174104567847740261881040084737250
27,407232306335840896068254646918407142826089680548010601859810933071
78,203615835253506329784377559665368021788285091880253332214469078321
61,378537288971747632920659897162565131742957921454628707983621372570
114,404951835654866285621933941161205430048360280014305912382752871152
115,407232292128131324730414087441864185084127218857455617336929180909
91,203616153091087003797469275534362236750409906347215057701058843877
98,407232306182174007594938551068724473500819812694430115402117687752
79,278482140008698228002270368194123297343682328002620493892031974237
37,375016715668954297891180932098384824912257444639571237847927152822
82,325785845068672716854603717534728564085158180068843029304855121199
60,370506843300961388179316187754842102944947203755547985702921168200
106,393474384340797851410148687746101688068656920762419306672868833251
2,199044304045322106518496768384015467033872272243243585713494330705
75,398088608090644213036993536768030934067744544486487171426988661408
74,358919709596438845111429326354971565988189951564025056962209462049
26,401822598171177618251948633821290743609455572639294543607307359500
104,289639765651154984670885963683979617666386207430636959485496346387
46,405495671911616978539240349157571464732940690402891743279694884939
15,383663689575972676559766580482151484713286831541458011407414273622
110,407232305101093801220744361558965989776458843937739769397436992685
5,310923778913330734923747744446870484845893595115038013035632510662
47,393474384340797851410148687746101688068656920762419306672868833251
7,289639765651154984670885963683979617666386207430636959485496346387
89,407232302938933388472355982539449022327736906424359077387472898249
14,178094515840426779572755227934439637428879516845928709149923694566
40,356189031680853559145510455868879274857759033691857418299847389130
48,363207057478877624428187126549725636718085234138211913540655583047
88,312732841275264954836637057627299534402508460128005755002115070558
59,402085081639626370504247645520813687088939448736007399288433662128
90,325785839107906091655302217502283766689106618869416223894821230441
21,325785843432226917152078975541317701586550493896177607914990501033
54,404039662319560878595631232531564593839934547929323479324889076110
64,313826372416831579385893492797217879683887612961629984527290721772
35,223380600910903539169026469733785381716077471520004110715796478972
18,357408961457445662670442351574056610745723954432006577145274366344
55,177337281087433227677955686742494374547164585862474576741440578716
53,354674562174866455355911373484988749094329171724949153482881157430
29,223380600910903539169026469733785381716077471520004110715796478972
69,406466151770028598525598275271765497387399584539571613966320168698
67,406466151770028598525598275271765497387399584539571613966320168698
70,402905589218588688697613564074867531482727966041678885242585911434
102,268603726145725792465075709383245020988485310694452590161723940958
66,394791149657342078787876248131227090170580663967346900347657118608
8,134301863072862896232537854691622510494242655347226295080861970480
71,404074304219553561457563739242620396958592817357665739194707586456
95,404074304219553561457563739242620396958592817357665739194707586456
116,359112834016843170001630037373923964331101244052404413384164169022
93,407232299829980906223782824477424714301201310001280134290994451330
63,407122600722620987770372914812447330562603122106769579832791815314
111,290801857659014991264552082008890950401859372933406842737708439512
62,290801857659014991264552082008890950401859372933406842737708439512
101,359112834016843170001630037373923964331101244052404413384164169022
24,402311813100216445978510058277367494755386566415530436514055421510
94,374332574832928338701468838708414677730165475437738037390284426132
80,382336980066291672839962281203325686837257666859094163395767188337
36,406484578807320620598275688437219940742768677397563268452341958098
17,360201681220348470728174991238922620757205907198830817093906982694
12,382336980066291672839962281203325686837257666859094163395767188337
13,297820384472690355685865355884695798167969129974452295697755494075
