49,4270359867204127689469383077237721777827024892711255403146702864176810
82,4321168620164641150662545942164220021243311529776462737127175014679186
75,4302160307234950721325058087772648736366595279099384267463416714357136
51,4198957939827456608641058092492910146035841791395640182369380733636607
102,4160342635637070336361998609897909548934697622544096209703898030996943
42,4238203636976785337147980589906589587178030084908638360860358277861202
6,3347093405108734613508965190179559638514728027322643799307441098271542
106,3783988552829069819909521138376764624130732547299290332804634090736843
34,4258288453066391539113416570116818093809969731512016145533016701632903
32,4317972967058937893757659404559160953826826395084123300323698545319083
33,4320896953183755400431302506399012323433770877371685914933348860032520
50,4198957939827456608641058092492910146035841791395640182369380733636607
104,4301771375293991211317491916467651044726864628476341918299595859083510
17,3830046809371475851556440844240937907573248745466630387248107123453026
62,4234471681066807212001881982108210531834549619381698746826952229591190
63,2117235840533403606000940991054105265917274809690849373413476114795596
103,4317025898802371024509698967861419710481111270812825211270903450435931
52,4293410162043577802457470201873836148571742579860994574282760522606841
36,4305245671543155353740370677925982691358346722233357484148156683380252
18,3800964159743591609973926638978135613592088932040464084040335935375664
92,3744615348435909951240255358540886486285858625196973332305869812827990
69,3753890637882748650506709687063997889241880542632258124131726638790211
43,4312980732886562279305581342584167787639607431960466780917302946695128
3,4301645150392498509642805934464560385768803709850288404979155898652925
1,4218076422786855502069059194550130238062500156473285017393756466450391
90,4297517643573771877703879200522438660736251605784007379377148737509255
26,4321629072475864565052146068143334920200455088688764349751476520961515
25,4192695870711299806531174182642644801132850887491668835240443491939095
88,4311239810921027454632625765999122650155431438694127822998043813118350
81,4224277532011420018525338092772861036085219156401543106051003359779378
48,4324113501208922632665348847996433624341748314808418185479291063349648
110,3863719189975355206386213050646204229228395490923457387194333096462584
74,4209640756202199228773815587009319309485313598803706404257585078740348
80,4114857609303455277898449780385539614586107208704515112199060766673804
46,4288385013576256243669964816525880940956089367562132725007580317601908
8,3193667684825153598680297964527587540261014318369557105699001420477038
4,4238162914020808831274770470938222533227248792506006978579295452027162
61,3027259224300577736624836050670158952305177708932862127556639608590832
47,3842788938637702940760463613546439972604381623342815603293199476227455
68,3753890637882748650506709687063997889241880542632258124131726638790211
101,2153193164207350852591861586543596328185615897454266584377600990300900
40,4306386328414701705183723173087192656371231794908533168755201980601798
89,3863719189975355206386213050646204229228395490923457387194333096462584
10,4179151058245926803747992283759299042975022333470888903035992569124548
86,2089575529122963401873996141879649521487511166735444451517996284562275
24,4192695870711299806531174182642644801132850887491668835240443491939095
31,4321982046064322783469612108193886266031038348031172996598342183875426
99,4305329192968756141227359955374832837924489043885805130646671362531018
39,4283477466905848218332598375404515570219599535923874957576712085248738
105,3244916664744567502547731431894931753755357628656735214476644171771586
108,4313144238660431270113288705499749394201808664179564129165119223041860
45,4063111536175755324380555495399798559495701891828330399920360330476874
93,4314252661319096773119844797036962022705521835902214078249486105148502
23,4072968478656272007268259296069578115747791952469062524939119054702361
77,2089575529122963401873996141879649521487511166735444451517996284562275
35,4183907765791019220908990383742469299996052211892087317974756853303762
94,2091953882895509610454495191871234649998026105946043658987378426651882
71,2022482600157819454367936640897621891231488383543932537917888253194101
13,4044965200315638908735873281795243782462976767087865075835776506388200
67,3753890637882748650506709687063997889241880542632258124131726638790211
84,2046501432407940920649518316131542172325955244266416352693916994351796
22,4192695870711299806531174182642644801132850887491668835240443491939095
109,3303548115765848973123455642094151069392295687545525155237453178765091
38,3809567676862483565802278793421947093600503386264518260721579422365050
53,3749534092943220428043173418366881462583218699285322268572071695945256
14,3027259224300577736624836050670158952305177708932862127556639608590832
78,4093002864815881841299036632263084344651910488532832705387833988703590
29,4307670847236295224583951140948211145944842856812526728397685421677464
60,3800388005244029609245537104137206317372019504483629905972271986922406
12,4273811238044976466700263446165392822197700426316074158875068859015574
21,4192695870711299806531174182642644801132850887491668835240443491939095
27,4323951981443425598095209860437288922113603922808933533352316242382260
11,4323734518702821043654942134838121114356088626511470075032606629060600
79,4312568856569982213165684907842885587351637310271007994654377488378128
30,4207492455440102312384324370228485305341474418282002850993088086289710
37,2103746227720051156192162185114242652670737209141001425496544043144856
54,3148463742166062954845412794048526418963008068102179004144487683618154
0,3813875168551776674785746846433799399222349676917378262034522438761488
87,3853020038286420881514800082779267485475880529761687929517678275306789
7,4110142402041863046661294409150926851770263493696210701142821261482716
28,3282704714935290534475388919487979567302277420800743961510324793616902
66,3227562131862779394125300853961829423304602969651742529161263231227653
20,4323465046441315818295555271125556569709544652861702814446035991929684
83,4121197675847570049018570229201553923173425604774605606752654191137706
91,4238182555008222551954518469524562544015225586177134543519034392844926
16,4121197675847570049018570229201553923173425604774605606752654191137706
19,3804197373286741876279947458888071075801603218713667222191815254171408
76,4113527252487220992235249170492901266200118426424562580020579957353193
2,4256014364698433550522915827443079058766157252240310920440166160656334
5,4108567727907691146528154506593161817797135871708947183717107461197690
70,4093730528251062874671273674394290445483412568529061448715258619091924
65,3741946355984296731624223275594048960918202389611298342327563314652646
44,3853789101817666378161214140445514847866210623625573425628942324482118
85,4259480378983583952091013697283052468418512868222230843611783331267708
100,3801413576078891408494091382722464650080090379960717944384604613255446
9,4082036827834174195003264143121329754662085230043451610888886510994736
56,3803246977918256375771859324507636843406896214820548735654153404485633
97,3850233399960268638164513545467500262893729122755129440684371385785856
73,3766766662297639494982965036096780887006467760834344259381076501123868
107,3291349860327380894604610381547931695616288879662202114162388475030898
55,4072497842063391653211904674452714896398559943614062717501376662018158
59,4063576933545396522913709266046078615295505651749132430652012426183462
58,4292183172652291919707868010354696872793237482511161310691622620883732
95,4083946472895683953274425627621962386558900716110065486790555579958734
41,4058754718536826297677199604623107096332241377384387674098650751438738
98,2029377359268413148838599802311553548166120688692193837049325375719370
72,3766766662297639494982965036096780887006467760834344259381076501123868
15,3741946355984296731624223275594048960918202389611298342327563314652646
57,3823616027644635345280790384599533963652019229026564593168204864120013
96,3154934200652942456629110330942747627108027631173168313186584493203614
64,3224554855349803418053361063030128995882401125444932308937921531131458
