14,2293734409532631806481681100577622103682293570472003838287882060
13,2293736307866662540886526210067362081381301763068599331968022320
16,2181661975976548478957539819826201458848830875833803907295566481
23,2254857555133773640270127183618679356162254696396207163062663778
92,2065957535453753288343825065531862878537044928207034547617995144
15,3114557257755038783275387891825691962044522951645975220200451229
31,2565872390324638969962558519290221336322565689002580564864410512
94,1710581593549759313308372346193480890881710459335053709909606990
91,3283605871651122562875167608019472941930336735455281596806550734
75,2955857731875367072828769850529207420734195263083788203757407587
117,3514333571650913409547274803767673385936537544533288650716124205
78,3514333571650913409547274803767673385936537544533288650716124205
81,3514333571650913409547274803767673385936537544533288650716124205
79,3514333571650913409547274803767673385936537544533288650716124205
80,3514333571650913409547274803767673385936537544533288650716124205
77,3514333571650913409547274803767673385936537544533288650716124205
22,3654424313492667623886068194140618266883654163124887471170524061
90,6957838438568359219940022902309009601749955020963103986490898476
74,6551255826528782286039886035730968025599497489824688329868703390
70,3836837113053203033079027318852061817411538185997330317736809026
89,18836295983990248296661860991611219660726473000762437088714919034
69,2293310934690100183816374890423571689091901898957115320668483200
104,1879240904815498761738418312985982356339197389423191721103340426
21,3110148351908653296924313356715419801603109926063734018017467287
86,31349299460423030787801920973972668532510984780909600230347254020
2,4321524950224028954879016078115840211973676141018664477247632607
87,4321524950224028954879016078115840211973676141018664477247632607
88,11135521759874892788589952517050154268549492034467797752282052547
68,3836837113053203033079027318852061817411538185997330317736809026
73,2312640675995346077270969212172806479627558209467130824110367950
0,2290615526700152305106483791104494036964438607472205768642650264
24,2260347120906808250299797690215257072481876231116419147437066475
64,2319040463499171606177842967570090657725701055758429569845065683
103,3408114861275565550949334906601696815733798655394601934882329232
6,4371173101788724427144386948214881991591849696322333557305485330
36,1728974219672711114912105553862526749054888756601616854215846568
30,2416171639511505958114940894632561342854620281017198834370075725
29,2071004262438433678384235052542195436732531669443313286602922056
76,1850112540796276861816775369738245183702046567573704659288294454
113,4260431956765892635127413894215651441792600476004872395473990156
93,5050791517960060193116112572440975026175869902237756727165712828
107,4559469385862778073163177609558495459425409176749589126259289351
17,3532491868818505586129681110112201409616757725712517917624541876
45,3243574867551997495680174065860128025653788842968905474290394746
38,3532491868818505586152097368212974997689629260768462190698044122
106,9080163785845169614387426239042979795176226480491520357923043757
110,1725836885365361398653529210451829530610443057869427738835768382
48,10463091357834394437025633639374917560112380782934211182853615247
39,4271915506488125599259726602395408465210959706003182963243111800
42,2026313735157827039132658738284744725007003383533105103030036784
34,1013156867578913519566329369142372362503501691766552551515018393
35,3259722095688678280343842318110241514141701095248908209222233080
111,3528974618368304618096717559345765829017905348105136543589553408
10,4033113849563776706396248639252238948384046595949407918532665314
44,7716010047157542736143647498272443125201705839367228645775351168
37,6893513484212344151013892081781555039864039671764297614130896045
66,1831463593676121674575577169435491279483116099861585151922747032
67,2564049031146570344405808037209687791276362539806219212691845842
58,7539360678224808473107679912266897089028941397406524141223349265
95,4203293631510095214836921331734095616011831644748819570780637124
57,4164905637966874913398650568369439517839090166282029952479858085
59,4164905637966874913398650568369439517839090166282029952479858085
28,1725836885365361398653529210451829530610443057869427738835768382
40,3783696385754276770484427391865467036054301955792992139054902695
47,34063626782344323091354392745026183250357645612021689883712181780
63,3528974618368304618096717559345765829017905348105136543589553408
3,2240428922363606466985371767574736299694838846110924223608962372
72,1493619281575737644656914511716490866463225897407282815739308250
65,1831463593676121674575577169435491279483116099861585151922747032
32,1493619281575737644656914511716490866463225897407282815739308250
43,3528639642134952144944632693008581334128131870804087282375350084
46,2646479731601214108709082712805681795621331628066261499322523019
97,14580159107813865104440523389217340635052234143108534714596100070
96,59937275830611748450708543776753462355358377196539221618203533082
61,28127906159005572685539515855371967691103567816502968293359280720
56,3894559864133887152845437240717020603582408281461981053239434523
11,3923541954828501114606657393791183543897480626462664308317654051
8,21151444883256752677680756387121423729973156826498062057461036578
26,4324604842263739544824054855152175028478316836424742604147878975
101,3833320430161733905459916388506107636776509043308571444990679691
85,4363407424632209273700520792765187402665080530951783661916386440
1,9709900365225552366118781549725634237881475479384812061898946328
20,2268353219962748360496438711756304099490446973821309697029333811
41,10093805801683498415632264264729744348543344316190486952425860015
108,2974780775396884024447112278260338746215285936326958574387541437
102,3389847591115116054794842700274795639510681850089989209710802080
84,6194202086058783616750529870331604822572623166776817072433447262
18,4451331937937793023400126371880205524685153952048197702941305318
7,4400340180867785856519845104566313339893033077642933565176573022
25,4496308572639683510285155220133342549833561609830455997853749178
98,8695645695118661871245545771353662041692855363737332369834191074
83,4258268528736229522742286057234444469437506037271690214937008607
100,7201488900322273698658063493723689068778495202861483431375522027
109,2149958804682798371953232108780632019125153013484950094875160125
62,4781262239064148307116177211730500912611120432042576143794282098
99,7202826920403945068619320939848275702371142226810691743712367112
82,2379656737783777364269955739822322083224145608104158367729708025
115,1887313964449202737179620069514255445315701689186056636475285681
71,3699552483079234787943758173232281431481627675729696292365309228
55,3741249861738453120651653324088726462141781026979454070441427368
19,6564473922708091155683748250349700486885722974780820724773315431
114,1124385894846914541353938186141415513975761535979693023880360624
60,2248771789693829082707876372282831027951523071959386047760721246
112,3200228026674735076087181857002433146404885472967661253153745282
49,2811661107994214228624683767843362853830240745726196398612019330
54,2008329362853010163303345548459544895593029104090140284722870952
50,2370503216011311118710997699558036574773237517857875992001191101
9,3282285155563830847268904468720444252722959459454011541696149007
5,3583965983797190801804702091404004108952608483907557588958634580
52,3539923215778221535762361060021359755794569890380991595342991230
27,2008329362853010163303345548459544895593029104090140284722870952
116,4189173984233700735861076671035693423340865431167658811132800996
53,4166103524680095230226277472189832705963681404011139599683897558
12,2273430906225972234298397645454000608292297141819176349699818070
4,2819122734488582715854659708701301451758707724327211287835334764
51,4041178872692817424046171335703064293303630105464996959372328818
105,2135593882749806687698878467140120322641501620016284634181259480
33,1067796941374903343849439233570060161320750810008142317090629741
