514,0
517,1
519,2
520,3
521,4
522,5
525,6
528,7
529,8
530,9
537,10
538,11
539,12
541,13
544,14
550,15
554,16
555,17
557,18
558,19
561,20
562,21
567,22
571,23
573,24
577,25
578,26
579,27
580,28
583,29
584,30
585,31
587,32
588,33
593,34
594,35
596,36
598,37
599,38
601,39
605,40
611,41
612,42
613,43
614,44
615,45
616,46
617,47
618,48
619,49
620,50
621,51
622,52
623,53
624,54
625,55
626,56
627,57
628,58
634,59
635,60
636,61
637,62
638,63
639,64
640,65
641,66
642,67
643,68
644,69
645,70
646,71
647,72
648,73
649,74
650,75
651,76
653,77
655,78
656,79
657,80
658,81
659,82
660,83
661,84
662,85
663,86
664,87
665,88
666,89
667,90
668,91
244,92
259,93
278,94
309,95
339,96
340,97
356,98
377,99
396,100
409,101
454,102
457,103
459,104
465,105
469,106
471,107
472,108
473,109
476,110
480,111
490,112
492,113
496,114
497,115
501,116
