1,0
2,1
4,2
5,3
6,4
7,5
8,6
9,7
10,8
11,9
12,10
13,11
14,12
15,13
16,14
17,15
19,16
20,17
21,18
22,19
23,20
24,21
25,22
26,23
27,24
28,25
29,26
30,27
31,28
32,29
33,30
34,31
35,32
36,33
37,34
38,35
39,36
40,37
41,38
42,39
43,40
44,41
45,42
47,43
48,44
49,45
50,46
51,47
52,48
53,49
54,50
55,51
56,52
57,53
58,54
59,55
60,56
61,57
62,58
63,59
64,60
65,61
67,62
68,63
69,64
70,65
71,66
72,67
74,68
75,69
76,70
77,71
78,72
79,73
80,74
81,75
82,76
83,77
84,78
85,79
86,80
87,81
88,82
89,83
90,84
91,85
92,86
93,87
94,88
95,89
96,90
97,91
98,92
99,93
100,94
101,95
102,96
103,97
104,98
105,99
106,100
107,101
108,102
109,103
110,104
111,105
113,106
114,107
115,108
116,109
117,110
118,111
119,112
120,113
121,114
122,115
123,116
125,117
126,118
127,119
128,120
129,121
130,122
131,123
132,124
133,125
134,126
135,127
136,128
137,129
138,130
139,131
140,132
141,133
142,134
144,135
145,136
146,137
147,138
148,139
149,140
150,141
151,142
152,143
153,144
154,145
155,146
156,147
158,148
159,149
160,150
161,151
162,152
163,153
164,154
166,155
167,156
168,157
169,158
170,159
171,160
172,161
173,162
175,163
176,164
177,165
178,166
179,167
180,168
181,169
182,170
183,171
184,172
185,173
186,174
187,175
188,176
189,177
190,178
191,179
193,180
194,181
195,182
196,183
197,184
198,185
200,186
201,187
202,188
203,189
204,190
205,191
206,192
207,193
208,194
209,195
210,196
211,197
212,198
213,199
214,200
215,201
216,202
217,203
218,204
219,205
220,206
221,207
222,208
223,209
224,210
225,211
226,212
227,213
228,214
229,215
230,216
231,217
232,218
233,219
234,220
235,221
236,222
237,223
238,224
239,225
240,226
241,227
242,228
243,229
244,230
245,231
247,232
248,233
249,234
250,235
251,236
252,237
253,238
254,239
255,240
256,241
257,242
258,243
259,244
260,245
262,246
263,247
265,248
267,249
268,250
269,251
270,252
272,253
273,254
274,255
276,256
277,257
279,258
280,259
281,260
282,261
283,262
284,263
285,264
286,265
287,266
288,267
289,268
290,269
291,270
292,271
293,272
294,273
295,274
296,275
297,276
298,277
299,278
300,279
301,280
302,281
303,282
304,283
305,284
306,285
307,286
308,287
309,288
310,289
311,290
312,291
313,292
314,293
315,294
316,295
317,296
318,297
319,298
320,299
321,300
322,301
323,302
324,303
325,304
326,305
327,306
328,307
329,308
330,309
331,310
332,311
333,312
334,313
335,314
336,315
337,316
338,317
339,318
340,319
342,320
343,321
344,322
345,323
346,324
347,325
348,326
349,327
350,328
351,329
352,330
353,331
355,332
356,333
357,334
358,335
359,336
360,337
361,338
362,339
363,340
364,341
365,342
366,343
367,344
368,345
369,346
370,347
371,348
372,349
373,350
374,351
375,352
376,353
377,354
378,355
379,356
380,357
381,358
382,359
383,360
384,361
385,362
386,363
387,364
388,365
389,366
390,367
391,368
392,369
393,370
395,371
396,372
397,373
398,374
399,375
400,376
401,377
402,378
403,379
404,380
405,381
406,382
407,383
408,384
409,385
410,386
411,387
412,388
413,389
414,390
415,391
416,392
417,393
419,394
420,395
421,396
422,397
423,398
424,399
425,400
426,401
427,402
428,403
429,404
430,405
431,406
432,407
433,408
434,409
435,410
436,411
437,412
438,413
439,414
440,415
441,416
442,417
443,418
444,419
445,420
446,421
447,422
448,423
449,424
450,425
451,426
452,427
453,428
454,429
455,430
456,431
457,432
458,433
460,434
461,435
462,436
463,437
464,438
465,439
466,440
467,441
468,442
469,443
470,444
471,445
472,446
473,447
474,448
475,449
476,450
477,451
478,452
479,453
480,454
481,455
482,456
483,457
484,458
485,459
486,460
487,461
488,462
489,463
490,464
491,465
492,466
493,467
494,468
495,469
496,470
497,471
498,472
499,473
500,474
501,475
502,476
503,477
504,478
505,479
506,480
508,481
509,482
510,483
511,484
512,485
513,486
514,487
515,488
516,489
518,490
519,491
520,492
521,493
522,494
523,495
524,496
525,497
526,498
527,499
528,500
529,501
530,502
531,503
532,504
533,505
534,506
535,507
536,508
537,509
538,510
539,511
540,512
541,513
542,514
543,515
544,516
545,517
546,518
548,519
549,520
550,521
551,522
552,523
553,524
555,525
556,526
557,527
558,528
559,529
560,530
561,531
562,532
563,533
564,534
565,535
566,536
567,537
568,538
569,539
570,540
571,541
572,542
573,543
574,544
575,545
576,546
577,547
578,548
579,549
580,550
581,551
583,552
584,553
585,554
586,555
587,556
588,557
589,558
590,559
591,560
592,561
593,562
594,563
595,564
596,565
598,566
599,567
601,568
602,569
603,570
604,571
605,572
606,573
607,574
608,575
609,576
610,577
611,578
612,579
613,580
614,581
615,582
616,583
617,584
618,585
619,586
620,587
621,588
622,589
623,590
624,591
625,592
626,593
627,594
628,595
630,596
631,597
632,598
633,599
634,600
635,601
636,602
637,603
638,604
639,605
640,606
641,607
644,608
645,609
646,610
647,611
648,612
649,613
650,614
651,615
652,616
653,617
655,618
656,619
657,620
658,621
659,622
660,623
661,624
662,625
663,626
664,627
665,628
666,629
667,630
668,631
669,632
670,633
671,634
672,635
673,636
674,637
675,638
676,639
677,640
678,641
679,642
680,643
681,644
682,645
683,646
684,647
685,648
686,649
687,650
688,651
689,652
690,653
691,654
692,655
693,656
694,657
695,658
696,659
697,660
698,661
699,662
700,663
701,664
702,665
703,666
704,667
705,668
706,669
707,670
708,671
710,672
711,673
712,674
713,675
714,676
715,677
716,678
717,679
719,680
720,681
721,682
722,683
723,684
724,685
725,686
726,687
727,688
728,689
729,690
730,691
731,692
732,693
733,694
734,695
735,696
736,697
737,698
738,699
740,700
741,701
742,702
743,703
744,704
745,705
746,706
747,707
748,708
749,709
750,710
751,711
752,712
753,713
754,714
755,715
756,716
757,717
758,718
759,719
760,720
761,721
762,722
763,723
764,724
765,725
766,726
767,727
768,728
769,729
770,730
771,731
772,732
773,733
774,734
775,735
776,736
777,737
778,738
779,739
780,740
781,741
782,742
783,743
784,744
785,745
786,746
787,747
788,748
789,749
790,750
791,751
792,752
793,753
794,754
795,755
796,756
797,757
798,758
799,759
800,760
801,761
802,762
804,763
805,764
806,765
807,766
808,767
809,768
810,769
811,770
812,771
813,772
814,773
817,774
818,775
819,776
820,777
821,778
822,779
823,780
824,781
825,782
826,783
827,784
830,785
831,786
832,787
833,788
834,789
835,790
838,791
839,792
840,793
841,794
842,795
843,796
844,797
845,798
846,799
847,800
848,801
849,802
850,803
851,804
852,805
853,806
854,807
855,808
856,809
857,810
858,811
859,812
860,813
861,814
862,815
863,816
864,817
866,818
867,819
869,820
870,821
871,822
872,823
873,824
874,825
875,826
876,827
877,828
878,829
879,830
880,831
881,832
882,833
883,834
884,835
885,836
886,837
887,838
888,839
889,840
890,841
891,842
892,843
893,844
894,845
895,846
896,847
897,848
898,849
899,850
900,851
902,852
903,853
904,854
905,855
906,856
907,857
908,858
909,859
911,860
912,861
913,862
914,863
915,864
916,865
917,866
918,867
919,868
920,869
921,870
922,871
923,872
924,873
925,874
926,875
927,876
928,877
929,878
930,879
931,880
932,881
933,882
934,883
935,884
936,885
937,886
938,887
939,888
940,889
941,890
942,891
943,892
944,893
945,894
946,895
947,896
948,897
949,898
950,899
951,900
952,901
953,902
954,903
955,904
956,905
957,906
958,907
959,908
960,909
961,910
962,911
963,912
964,913
965,914
966,915
967,916
968,917
969,918
970,919
971,920
972,921
973,922
974,923
975,924
976,925
978,926
979,927
981,928
982,929
983,930
984,931
985,932
986,933
987,934
988,935
993,936
994,937
995,938
996,939
997,940
999,941
1000,942
1001,943
1002,944
1003,945
1004,946
1005,947
1006,948
1008,949
1009,950
1010,951
1011,952
1012,953
1013,954
1014,955
1015,956
1016,957
1021,958
1022,959
1023,960
1024,961
1025,962
1026,963
1027,964
1028,965
1029,966
1030,967
1032,968
1033,969
1034,970
1035,971
1036,972
1037,973
1038,974
1039,975
1040,976
1041,977
1042,978
1043,979
1044,980
1045,981
1046,982
1047,983
1048,984
1049,985
1050,986
1051,987
1052,988
1053,989
1054,990
1055,991
1056,992
1057,993
1059,994
1060,995
1061,996
1062,997
1063,998
1064,999
1065,1000
1066,1001
1067,1002
1068,1003
1069,1004
1070,1005
1071,1006
1072,1007
1073,1008
1074,1009
1075,1010
1076,1011
1077,1012
1078,1013
1079,1014
1080,1015
1081,1016
1082,1017
1083,1018
1084,1019
1085,1020
1086,1021
1087,1022
1088,1023
1089,1024
1090,1025
1091,1026
1092,1027
1093,1028
1095,1029
1096,1030
1097,1031
1098,1032
1099,1033
1100,1034
1101,1035
1102,1036
1104,1037
1105,1038
1107,1039
1108,1040
1109,1041
1110,1042
1111,1043
1112,1044
1114,1045
1115,1046
1116,1047
1117,1048
1118,1049
1119,1050
1122,1051
1123,1052
1124,1053
1125,1054
1126,1055
1127,1056
1128,1057
1129,1058
1131,1059
1132,1060
1133,1061
1134,1062
1135,1063
1136,1064
1137,1065
1138,1066
1139,1067
1140,1068
1141,1069
1142,1070
1143,1071
1144,1072
1145,1073
1146,1074
1148,1075
1149,1076
1150,1077
1151,1078
1152,1079
1153,1080
1154,1081
1155,1082
1156,1083
1157,1084
1158,1085
1159,1086
1160,1087
1161,1088
1162,1089
1163,1090
1164,1091
1165,1092
1166,1093
1167,1094
1170,1095
1171,1096
1172,1097
1173,1098
1174,1099
1175,1100
1176,1101
1177,1102
1178,1103
1179,1104
1180,1105
1181,1106
1182,1107
1183,1108
1184,1109
1185,1110
1186,1111
1187,1112
1188,1113
1189,1114
1190,1115
1191,1116
1192,1117
1193,1118
1194,1119
1195,1120
1196,1121
1197,1122
1198,1123
1199,1124
1200,1125
1201,1126
1202,1127
1203,1128
1204,1129
1205,1130
1206,1131
1207,1132
1208,1133
1209,1134
1210,1135
1211,1136
1212,1137
1213,1138
1214,1139
1215,1140
1216,1141
1217,1142
1218,1143
1219,1144
1220,1145
1221,1146
1222,1147
1223,1148
1224,1149
1225,1150
1226,1151
1227,1152
1228,1153
1229,1154
1230,1155
1231,1156
1232,1157
1233,1158
1234,1159
1235,1160
1236,1161
1237,1162
1238,1163
1239,1164
1240,1165
1241,1166
1242,1167
1243,1168
1244,1169
1245,1170
1246,1171
1247,1172
1248,1173
1249,1174
1250,1175
1251,1176
1252,1177
1253,1178
1254,1179
1255,1180
1256,1181
1257,1182
1258,1183
1259,1184
1260,1185
1261,1186
1262,1187
1263,1188
1264,1189
1265,1190
1266,1191
1267,1192
1268,1193
1269,1194
1270,1195
1271,1196
1272,1197
1273,1198
1274,1199
1275,1200
1276,1201
1278,1202
1279,1203
1280,1204
1281,1205
1282,1206
1283,1207
1284,1208
1285,1209
1286,1210
1287,1211
1288,1212
1289,1213
1290,1214
1291,1215
1292,1216
1293,1217
1294,1218
1295,1219
1296,1220
1297,1221
1298,1222
1299,1223
1300,1224
1301,1225
1302,1226
1303,1227
1304,1228
1305,1229
1306,1230
1307,1231
1308,1232
1309,1233
1310,1234
1311,1235
1312,1236
1313,1237
1314,1238
1315,1239
1316,1240
1317,1241
1318,1242
1319,1243
1320,1244
1321,1245
1322,1246
1323,1247
1324,1248
1325,1249
1326,1250
1327,1251
1328,1252
1329,1253
1330,1254
1331,1255
1332,1256
1333,1257
1334,1258
1335,1259
1336,1260
1337,1261
1338,1262
1339,1263
1340,1264
1341,1265
1342,1266
1343,1267
1344,1268
1345,1269
1346,1270
1347,1271
1348,1272
1349,1273
1350,1274
1351,1275
1352,1276
1353,1277
1354,1278
1355,1279
1356,1280
1357,1281
1358,1282
1359,1283
1360,1284
1361,1285
1362,1286
1363,1287
1364,1288
1365,1289
1366,1290
1367,1291
1368,1292
1369,1293
1370,1294
1371,1295
1372,1296
1373,1297
1374,1298
1375,1299
1376,1300
1377,1301
1378,1302
1379,1303
1380,1304
1381,1305
1382,1306
1383,1307
1384,1308
1385,1309
1386,1310
1387,1311
1388,1312
1389,1313
1390,1314
1391,1315
1392,1316
1393,1317
1394,1318
1395,1319
1396,1320
1397,1321
1398,1322
1399,1323
1400,1324
1401,1325
1402,1326
1403,1327
1404,1328
1405,1329
1406,1330
1407,1331
1408,1332
1409,1333
1410,1334
1411,1335
1412,1336
1413,1337
1414,1338
1415,1339
1416,1340
1417,1341
1418,1342
1419,1343
1420,1344
1421,1345
1422,1346
1423,1347
1424,1348
1425,1349
1426,1350
1427,1351
1428,1352
1429,1353
1430,1354
1431,1355
1432,1356
1433,1357
1434,1358
1435,1359
1436,1360
1437,1361
1438,1362
1439,1363
1440,1364
1441,1365
1442,1366
1443,1367
1444,1368
1445,1369
1447,1370
1448,1371
1449,1372
1450,1373
1452,1374
1453,1375
1454,1376
1456,1377
1457,1378
1458,1379
1459,1380
1460,1381
1461,1382
1462,1383
1463,1384
1464,1385
1465,1386
1466,1387
1467,1388
1468,1389
1470,1390
1471,1391
1472,1392
1473,1393
1474,1394
1475,1395
1476,1396
1477,1397
1478,1398
1479,1399
1480,1400
1481,1401
1482,1402
1483,1403
1484,1404
1485,1405
1486,1406
1487,1407
1488,1408
1489,1409
1490,1410
1491,1411
1492,1412
1493,1413
1494,1414
1495,1415
1497,1416
1498,1417
1499,1418
1500,1419
1502,1420
1503,1421
1504,1422
1505,1423
1506,1424
1507,1425
1510,1426
1511,1427
1512,1428
1513,1429
1514,1430
1515,1431
1516,1432
1517,1433
1518,1434
1519,1435
1520,1436
1521,1437
1522,1438
1523,1439
1524,1440
1525,1441
1526,1442
1527,1443
1528,1444
1529,1445
1530,1446
1531,1447
1532,1448
1533,1449
1534,1450
1535,1451
1536,1452
1537,1453
1538,1454
1539,1455
1540,1456
1541,1457
1542,1458
1543,1459
1544,1460
1545,1461
1547,1462
1548,1463
1549,1464
1550,1465
1551,1466
1552,1467
1553,1468
1554,1469
1555,1470
1556,1471
1557,1472
1558,1473
1559,1474
1560,1475
1561,1476
1562,1477
1563,1478
1564,1479
1565,1480
1566,1481
1567,1482
1568,1483
1569,1484
1570,1485
1571,1486
1572,1487
1573,1488
1574,1489
1575,1490
1576,1491
1577,1492
1578,1493
1579,1494
1580,1495
1581,1496
1582,1497
1583,1498
1584,1499
1585,1500
1587,1501
1588,1502
1589,1503
1590,1504
1591,1505
1592,1506
1593,1507
1594,1508
1596,1509
1597,1510
1599,1511
1600,1512
1601,1513
1602,1514
1603,1515
1604,1516
1605,1517
1606,1518
1607,1519
1608,1520
1609,1521
1611,1522
1612,1523
1613,1524
1614,1525
1615,1526
1616,1527
1617,1528
1618,1529
1619,1530
1620,1531
1621,1532
1622,1533
1623,1534
1624,1535
1625,1536
1626,1537
1627,1538
1628,1539
1631,1540
1632,1541
1633,1542
1634,1543
1635,1544
1636,1545
1637,1546
1638,1547
1639,1548
1640,1549
1641,1550
1642,1551
1643,1552
1644,1553
1645,1554
1646,1555
1647,1556
1648,1557
1649,1558
1650,1559
1651,1560
1652,1561
1653,1562
1654,1563
1655,1564
1656,1565
1657,1566
1658,1567
1659,1568
1660,1569
1661,1570
1662,1571
1663,1572
1664,1573
1665,1574
1666,1575
1667,1576
1668,1577
1669,1578
1670,1579
1671,1580
1672,1581
1673,1582
1674,1583
1675,1584
1676,1585
1677,1586
1678,1587
1679,1588
1680,1589
1681,1590
1682,1591
1683,1592
1684,1593
1685,1594
1686,1595
1687,1596
1688,1597
1689,1598
1690,1599
1691,1600
1692,1601
1693,1602
1694,1603
1695,1604
1696,1605
1697,1606
1698,1607
1699,1608
1700,1609
1701,1610
1702,1611
1703,1612
1704,1613
1705,1614
1706,1615
1707,1616
1708,1617
1709,1618
1710,1619
1711,1620
1712,1621
1713,1622
1714,1623
1715,1624
1716,1625
1717,1626
1718,1627
1719,1628
1720,1629
1721,1630
1722,1631
1723,1632
1724,1633
1725,1634
1726,1635
1727,1636
1728,1637
1729,1638
1730,1639
1731,1640
1732,1641
1733,1642
1734,1643
1735,1644
1736,1645
1737,1646
1738,1647
1739,1648
1740,1649
1741,1650
1742,1651
1743,1652
1744,1653
1745,1654
1746,1655
1747,1656
1748,1657
1749,1658
1750,1659
1751,1660
1752,1661
1753,1662
1754,1663
1755,1664
1756,1665
1757,1666
1758,1667
1759,1668
1760,1669
1761,1670
1762,1671
1763,1672
1764,1673
1765,1674
1766,1675
1767,1676
1769,1677
1770,1678
1771,1679
1772,1680
1773,1681
1774,1682
1775,1683
1776,1684
1777,1685
1778,1686
1779,1687
1780,1688
1781,1689
1782,1690
1783,1691
1784,1692
1785,1693
1786,1694
1787,1695
1788,1696
1789,1697
1790,1698
1791,1699
1792,1700
1793,1701
1794,1702
1795,1703
1796,1704
1797,1705
1798,1706
1799,1707
1800,1708
1801,1709
1802,1710
1803,1711
1804,1712
1805,1713
1806,1714
1807,1715
1808,1716
1809,1717
1810,1718
1811,1719
1812,1720
1813,1721
1814,1722
1815,1723
1816,1724
1817,1725
1819,1726
1820,1727
1821,1728
1822,1729
1823,1730
1824,1731
1825,1732
1826,1733
1827,1734
1828,1735
1829,1736
1830,1737
1831,1738
1832,1739
1833,1740
1834,1741
1835,1742
1836,1743
1837,1744
1838,1745
1839,1746
1840,1747
1841,1748
1842,1749
1843,1750
1844,1751
1845,1752
1846,1753
1847,1754
1848,1755
1849,1756
1850,1757
1851,1758
1852,1759
1853,1760
1854,1761
1855,1762
1856,1763
1857,1764
1858,1765
1859,1766
1860,1767
1861,1768
1862,1769
1863,1770
1864,1771
1865,1772
1866,1773
1867,1774
1868,1775
1869,1776
1870,1777
1871,1778
1872,1779
1873,1780
1875,1781
1876,1782
1877,1783
1878,1784
1880,1785
1881,1786
1882,1787
1883,1788
1884,1789
1885,1790
1886,1791
1887,1792
1889,1793
1890,1794
1891,1795
1892,1796
1893,1797
1895,1798
1896,1799
1897,1800
1898,1801
1899,1802
1900,1803
1901,1804
1902,1805
1903,1806
1905,1807
1906,1808
1907,1809
1908,1810
1909,1811
1910,1812
1911,1813
1912,1814
1914,1815
1915,1816
1917,1817
1918,1818
1919,1819
1920,1820
1921,1821
1922,1822
1923,1823
1924,1824
1925,1825
1926,1826
1927,1827
1928,1828
1929,1829
1930,1830
1931,1831
1932,1832
1933,1833
1934,1834
1935,1835
1936,1836
1937,1837
1938,1838
1939,1839
1940,1840
1941,1841
1942,1842
1943,1843
1944,1844
1945,1845
1946,1846
1947,1847
1948,1848
1949,1849
1950,1850
1951,1851
1952,1852
1953,1853
1955,1854
1956,1855
1957,1856
1958,1857
1959,1858
1960,1859
1961,1860
1962,1861
1963,1862
1964,1863
1965,1864
1966,1865
1967,1866
1968,1867
1969,1868
1970,1869
1971,1870
1972,1871
1973,1872
1974,1873
1975,1874
1976,1875
1977,1876
1978,1877
1980,1878
1983,1879
1984,1880
1989,1881
1990,1882
1991,1883
1992,1884
1993,1885
1994,1886
1995,1887
1996,1888
1997,1889
1998,1890
1999,1891
2000,1892
2001,1893
2002,1894
2003,1895
2004,1896
2005,1897
2006,1898
2007,1899
2008,1900
2009,1901
2010,1902
2011,1903
2012,1904
2013,1905
2014,1906
2015,1907
2016,1908
2017,1909
2019,1910
2020,1911
2021,1912
2022,1913
2023,1914
2024,1915
2025,1916
2026,1917
2027,1918
2028,1919
2029,1920
2030,1921
2031,1922
2032,1923
2033,1924
2034,1925
2035,1926
2036,1927
2039,1928
2040,1929
2041,1930
2042,1931
2043,1932
2044,1933
2045,1934
2046,1935
2047,1936
2048,1937
2049,1938
2050,1939
2051,1940
2052,1941
2053,1942
2054,1943
2055,1944
2056,1945
2057,1946
2058,1947
2059,1948
2060,1949
2061,1950
2062,1951
2063,1952
2064,1953
2065,1954
2066,1955
2067,1956
2068,1957
2069,1958
2070,1959
2071,1960
2072,1961
2073,1962
2074,1963
2075,1964
2076,1965
2077,1966
2078,1967
2079,1968
2080,1969
2081,1970
2082,1971
2083,1972
2084,1973
2085,1974
2086,1975
2087,1976
2088,1977
2089,1978
2090,1979
2091,1980
2092,1981
2093,1982
2094,1983
2095,1984
2096,1985
2097,1986
2098,1987
2099,1988
2100,1989
2101,1990
2102,1991
2103,1992
2104,1993
2105,1994
2106,1995
2107,1996
2108,1997
2109,1998
2110,1999
2111,2000
2112,2001
2113,2002
2115,2003
2116,2004
2117,2005
2118,2006
2119,2007
2121,2008
2122,2009
2123,2010
2124,2011
2125,2012
2126,2013
2127,2014
2128,2015
2129,2016
2130,2017
2131,2018
2132,2019
2133,2020
2134,2021
2135,2022
2136,2023
2137,2024
2140,2025
2141,2026
2142,2027
2143,2028
2144,2029
2146,2030
2147,2031
2148,2032
2149,2033
2150,2034
2152,2035
2154,2036
2155,2037
2156,2038
2157,2039
2158,2040
2159,2041
2160,2042
2161,2043
2162,2044
2163,2045
2164,2046
2165,2047
2166,2048
2167,2049
2168,2050
2169,2051
2170,2052
2171,2053
2172,2054
2173,2055
2174,2056
2176,2057
2177,2058
2178,2059
2180,2060
2181,2061
2184,2062
2185,2063
2186,2064
2187,2065
2188,2066
2189,2067
2190,2068
2191,2069
2192,2070
2193,2071
2194,2072
2195,2073
2196,2074
2197,2075
2198,2076
2199,2077
2200,2078
2201,2079
2202,2080
2203,2081
2204,2082
2205,2083
2206,2084
2207,2085
2208,2086
2209,2087
2210,2088
2211,2089
2212,2090
2213,2091
2214,2092
2215,2093
2216,2094
2217,2095
2218,2096
2219,2097
2220,2098
2221,2099
2222,2100
2223,2101
2224,2102
2225,2103
2226,2104
2227,2105
2228,2106
2229,2107
2230,2108
2231,2109
2232,2110
2233,2111
2234,2112
2235,2113
2236,2114
2237,2115
2238,2116
2239,2117
2240,2118
2241,2119
2242,2120
2243,2121
2244,2122
2245,2123
2246,2124
2247,2125
2248,2126
2249,2127
2250,2128
2251,2129
2252,2130
2254,2131
2255,2132
2256,2133
2258,2134
2259,2135
2261,2136
2262,2137
2263,2138
2264,2139
2265,2140
2266,2141
2267,2142
2268,2143
2269,2144
2270,2145
2271,2146
2272,2147
2273,2148
2274,2149
2275,2150
2276,2151
2277,2152
2278,2153
2279,2154
2280,2155
2281,2156
2282,2157
2283,2158
2284,2159
2285,2160
2286,2161
2287,2162
2288,2163
2289,2164
2290,2165
2291,2166
2292,2167
2293,2168
2294,2169
2295,2170
2296,2171
2297,2172
2298,2173
2299,2174
2300,2175
2301,2176
2302,2177
2303,2178
2304,2179
2305,2180
2306,2181
2307,2182
2308,2183
2309,2184
2310,2185
2311,2186
2312,2187
2314,2188
2315,2189
2316,2190
2317,2191
2318,2192
2319,2193
2320,2194
2321,2195
2322,2196
2323,2197
2324,2198
2325,2199
2326,2200
2327,2201
2328,2202
2329,2203
2330,2204
2331,2205
2332,2206
2333,2207
2334,2208
2335,2209
2336,2210
2337,2211
2338,2212
2339,2213
2340,2214
2341,2215
2342,2216
2343,2217
2344,2218
2345,2219
2346,2220
2347,2221
2348,2222
2349,2223
2350,2224
2351,2225
2352,2226
2353,2227
2354,2228
2355,2229
2356,2230
2357,2231
2359,2232
2360,2233
2361,2234
2362,2235
2363,2236
2364,2237
2365,2238
2366,2239
2369,2240
2370,2241
2371,2242
2372,2243
2373,2244
2374,2245
2375,2246
2376,2247
2377,2248
2378,2249
2379,2250
2380,2251
2381,2252
2382,2253
2383,2254
2384,2255
2385,2256
2387,2257
2388,2258
2390,2259
2391,2260
2392,2261
2393,2262
2394,2263
2395,2264
2398,2265
2399,2266
2400,2267
2401,2268
2402,2269
2403,2270
2404,2271
2405,2272
2406,2273
2407,2274
2408,2275
2409,2276
2410,2277
2411,2278
2413,2279
2414,2280
2415,2281
2416,2282
2417,2283
2418,2284
2419,2285
2420,2286
2421,2287
2422,2288
2423,2289
2424,2290
2425,2291
2426,2292
2427,2293
2428,2294
2429,2295
2430,2296
2431,2297
2432,2298
2433,2299
2434,2300
2435,2301
2436,2302
2437,2303
2438,2304
2439,2305
2440,2306
2441,2307
2442,2308
2443,2309
2444,2310
2445,2311
2446,2312
2447,2313
2448,2314
2449,2315
2450,2316
2451,2317
2452,2318
2453,2319
2454,2320
2455,2321
2456,2322
2457,2323
2458,2324
2459,2325
2460,2326
2461,2327
2462,2328
2463,2329
2464,2330
2465,2331
2466,2332
2467,2333
2468,2334
2469,2335
2470,2336
2471,2337
2472,2338
2473,2339
2474,2340
2475,2341
2476,2342
2477,2343
2478,2344
2479,2345
2480,2346
2481,2347
2482,2348
2483,2349
2484,2350
2485,2351
2486,2352
2487,2353
2488,2354
2489,2355
2490,2356
2491,2357
2493,2358
2494,2359
2495,2360
2496,2361
2497,2362
2498,2363
2499,2364
2500,2365
2501,2366
2502,2367
2503,2368
2504,2369
2505,2370
2506,2371
2507,2372
2508,2373
2509,2374
2510,2375
2511,2376
2512,2377
2513,2378
2514,2379
2515,2380
2516,2381
2517,2382
2518,2383
2519,2384
2520,2385
2521,2386
2522,2387
2523,2388
2524,2389
2525,2390
2526,2391
2527,2392
2528,2393
2529,2394
2530,2395
2532,2396
2533,2397
2534,2398
2535,2399
2536,2400
2537,2401
2538,2402
2539,2403
2540,2404
2541,2405
2542,2406
2543,2407
2546,2408
2547,2409
2548,2410
2549,2411
2551,2412
2552,2413
2553,2414
2554,2415
2555,2416
2556,2417
2557,2418
2558,2419
2559,2420
2560,2421
2561,2422
2562,2423
2563,2424
2564,2425
2565,2426
2566,2427
2568,2428
2569,2429
2570,2430
2571,2431
2572,2432
2573,2433
2574,2434
2575,2435
2576,2436
2577,2437
2578,2438
2579,2439
2580,2440
2581,2441
2582,2442
2583,2443
2584,2444
2585,2445
2586,2446
2587,2447
2590,2448
2591,2449
2592,2450
2593,2451
2594,2452
2595,2453
2596,2454
2597,2455
2598,2456
2599,2457
2600,2458
2601,2459
2602,2460
2603,2461
2604,2462
2605,2463
2606,2464
2607,2465
2608,2466
2609,2467
2610,2468
2611,2469
2612,2470
2613,2471
2614,2472
2615,2473
2616,2474
2617,2475
2618,2476
2619,2477
2620,2478
2621,2479
2622,2480
2623,2481
2624,2482
2625,2483
2626,2484
2627,2485
2628,2486
2629,2487
2630,2488
2631,2489
2632,2490
2633,2491
2634,2492
2635,2493
2636,2494
2637,2495
2638,2496
2639,2497
2640,2498
2641,2499
2642,2500
2643,2501
2644,2502
2645,2503
2646,2504
2647,2505
2648,2506
2649,2507
2650,2508
2651,2509
2652,2510
2653,2511
2654,2512
2655,2513
2656,2514
2657,2515
2658,2516
2659,2517
2660,2518
2661,2519
2662,2520
2663,2521
2664,2522
2665,2523
2666,2524
2667,2525
2668,2526
2669,2527
2670,2528
2671,2529
2672,2530
2673,2531
2674,2532
2675,2533
2676,2534
2677,2535
2678,2536
2679,2537
2680,2538
2681,2539
2682,2540
2683,2541
2684,2542
2685,2543
2686,2544
2687,2545
2688,2546
2689,2547
2690,2548
2691,2549
2692,2550
2693,2551
2694,2552
2695,2553
2696,2554
2697,2555
2698,2556
2699,2557
2700,2558
2701,2559
2702,2560
2703,2561
2704,2562
2705,2563
2706,2564
2707,2565
2708,2566
2709,2567
2710,2568
2711,2569
2712,2570
2713,2571
2714,2572
2715,2573
2716,2574
2717,2575
2718,2576
2719,2577
2720,2578
2721,2579
2722,2580
2724,2581
2725,2582
2726,2583
2727,2584
2728,2585
2729,2586
2731,2587
2732,2588
2733,2589
2734,2590
2735,2591
2736,2592
2737,2593
2738,2594
2739,2595
2740,2596
2741,2597
2742,2598
2743,2599
2744,2600
2745,2601
2746,2602
2747,2603
2748,2604
2749,2605
2750,2606
2751,2607
2752,2608
2753,2609
2754,2610
2755,2611
2756,2612
2757,2613
2758,2614
2759,2615
2760,2616
2761,2617
2762,2618
2763,2619
2764,2620
2765,2621
2766,2622
2767,2623
2768,2624
2769,2625
2770,2626
2771,2627
2772,2628
2773,2629
2774,2630
2775,2631
2776,2632
2777,2633
2778,2634
2779,2635
2780,2636
2781,2637
2782,2638
2783,2639
2784,2640
2785,2641
2786,2642
2787,2643
2788,2644
2789,2645
2790,2646
2791,2647
2792,2648
2793,2649
2794,2650
2795,2651
2796,2652
2797,2653
2798,2654
2799,2655
2800,2656
2801,2657
2802,2658
2803,2659
2804,2660
2806,2661
2807,2662
2808,2663
2809,2664
2810,2665
2811,2666
2814,2667
2815,2668
2816,2669
2817,2670
2818,2671
2819,2672
2820,2673
2821,2674
2822,2675
2823,2676
2824,2677
2825,2678
2826,2679
2827,2680
2828,2681
2829,2682
2830,2683
2831,2684
2832,2685
2833,2686
2834,2687
2835,2688
2836,2689
2837,2690
2838,2691
2839,2692
2840,2693
2841,2694
2842,2695
2843,2696
2844,2697
2845,2698
2846,2699
2847,2700
2848,2701
2849,2702
2850,2703
2851,2704
2852,2705
2853,2706
2854,2707
2855,2708
2856,2709
2857,2710
2858,2711
2859,2712
2860,2713
2861,2714
2862,2715
2863,2716
2864,2717
2865,2718
2866,2719
2867,2720
2868,2721
2869,2722
2870,2723
2871,2724
2872,2725
2873,2726
2874,2727
2875,2728
2876,2729
2877,2730
2878,2731
2879,2732
2880,2733
2881,2734
2882,2735
2883,2736
2884,2737
2885,2738
2886,2739
2887,2740
2888,2741
2889,2742
2890,2743
2891,2744
2892,2745
2893,2746
2894,2747
2895,2748
2897,2749
2898,2750
2899,2751
2900,2752
2901,2753
2902,2754
2903,2755
2904,2756
2905,2757
2906,2758
2907,2759
2908,2760
2909,2761
2910,2762
2911,2763
2912,2764
2913,2765
2914,2766
2915,2767
2916,2768
2917,2769
2918,2770
2919,2771
2920,2772
2921,2773
2922,2774
2923,2775
2924,2776
2925,2777
2926,2778
2927,2779
2928,2780
2929,2781
2930,2782
2931,2783
2932,2784
2933,2785
2934,2786
2935,2787
2936,2788
2937,2789
2938,2790
2939,2791
2940,2792
2941,2793
2942,2794
2943,2795
2944,2796
2945,2797
2946,2798
2947,2799
2948,2800
2949,2801
2950,2802
2951,2803
2952,2804
2953,2805
2954,2806
2955,2807
2956,2808
2957,2809
2958,2810
2959,2811
2960,2812
2961,2813
2962,2814
2963,2815
2964,2816
2966,2817
2967,2818
2968,2819
2970,2820
2971,2821
2973,2822
2974,2823
2975,2824
2976,2825
2977,2826
2978,2827
2979,2828
2980,2829
2981,2830
2982,2831
2983,2832
2984,2833
2985,2834
2986,2835
2987,2836
2988,2837
2989,2838
2990,2839
2991,2840
2992,2841
2993,2842
2994,2843
2995,2844
2996,2845
2997,2846
2998,2847
2999,2848
3000,2849
3001,2850
3002,2851
3003,2852
3004,2853
3005,2854
3006,2855
3007,2856
3008,2857
3009,2858
3010,2859
3011,2860
3012,2861
3013,2862
3014,2863
3015,2864
3016,2865
3017,2866
3018,2867
3019,2868
3021,2869
3022,2870
3023,2871
3024,2872
3025,2873
3026,2874
3027,2875
3028,2876
3029,2877
3030,2878
3031,2879
3032,2880
3033,2881
3034,2882
3035,2883
3036,2884
3037,2885
3038,2886
3039,2887
3041,2888
3042,2889
3043,2890
3044,2891
3045,2892
3046,2893
3047,2894
3048,2895
3049,2896
3050,2897
3051,2898
3052,2899
3053,2900
3054,2901
3055,2902
3056,2903
3057,2904
3058,2905
3059,2906
3060,2907
3061,2908
3062,2909
3063,2910
3064,2911
3065,2912
3066,2913
3067,2914
3068,2915
3069,2916
3070,2917
3071,2918
3072,2919
3073,2920
3074,2921
3075,2922
3077,2923
3078,2924
3079,2925
3080,2926
3081,2927
3082,2928
3083,2929
3084,2930
3085,2931
3086,2932
3087,2933
3088,2934
3090,2935
3091,2936
3092,2937
3094,2938
3095,2939
3097,2940
3098,2941
3099,2942
3100,2943
3101,2944
3102,2945
3103,2946
3104,2947
3105,2948
3106,2949
3107,2950
3108,2951
3109,2952
3110,2953
3111,2954
3113,2955
3114,2956
3115,2957
3116,2958
3117,2959
3118,2960
3119,2961
3120,2962
3121,2963
3122,2964
3123,2965
3124,2966
3125,2967
3126,2968
3127,2969
3128,2970
3129,2971
3130,2972
3131,2973
3132,2974
3133,2975
3134,2976
3135,2977
3136,2978
3137,2979
3138,2980
3139,2981
3140,2982
3141,2983
3142,2984
3143,2985
3144,2986
3145,2987
3146,2988
3147,2989
3148,2990
3150,2991
3151,2992
3152,2993
3153,2994
3154,2995
3155,2996
3156,2997
3157,2998
3158,2999
3159,3000
3160,3001
3161,3002
3162,3003
3163,3004
3164,3005
3165,3006
3166,3007
3167,3008
3168,3009
3169,3010
3170,3011
3171,3012
3172,3013
3173,3014
3174,3015
3175,3016
3176,3017
3177,3018
3178,3019
3179,3020
3180,3021
3181,3022
3182,3023
3183,3024
3184,3025
3185,3026
3186,3027
3187,3028
3188,3029
3189,3030
3190,3031
3191,3032
3192,3033
3193,3034
3194,3035
3195,3036
3196,3037
3197,3038
3198,3039
3199,3040
3200,3041
3201,3042
3202,3043
3203,3044
3204,3045
3205,3046
3206,3047
3207,3048
3208,3049
3209,3050
3210,3051
3211,3052
3212,3053
3213,3054
3214,3055
3215,3056
3216,3057
3217,3058
3218,3059
3219,3060
3220,3061
3221,3062
3222,3063
3223,3064
3224,3065
3225,3066
3226,3067
3227,3068
3228,3069
3229,3070
3230,3071
3231,3072
3232,3073
3233,3074
3234,3075
3235,3076
3236,3077
3237,3078
3238,3079
3240,3080
3241,3081
3242,3082
3243,3083
3244,3084
3245,3085
3246,3086
3247,3087
3248,3088
3249,3089
3250,3090
3251,3091
3254,3092
3255,3093
3256,3094
3257,3095
3258,3096
3259,3097
3260,3098
3261,3099
3262,3100
3263,3101
3264,3102
3265,3103
3266,3104
3267,3105
3268,3106
3269,3107
3270,3108
3271,3109
3272,3110
3273,3111
3274,3112
3275,3113
3276,3114
3277,3115
3278,3116
3279,3117
3280,3118
3281,3119
3282,3120
3283,3121
3284,3122
3285,3123
3286,3124
3287,3125
3288,3126
3289,3127
3290,3128
3291,3129
3292,3130
3294,3131
3295,3132
3296,3133
3297,3134
3298,3135
3299,3136
3300,3137
3301,3138
3302,3139
3303,3140
3304,3141
3305,3142
3306,3143
3307,3144
3308,3145
3309,3146
3310,3147
3311,3148
3312,3149
3313,3150
3314,3151
3315,3152
3316,3153
3317,3154
3318,3155
3319,3156
3320,3157
3321,3158
3322,3159
3324,3160
3325,3161
3326,3162
3327,3163
3328,3164
3329,3165
3332,3166
3333,3167
3334,3168
3335,3169
3336,3170
3337,3171
3338,3172
3339,3173
3340,3174
3341,3175
3342,3176
3343,3177
3344,3178
3345,3179
3346,3180
3347,3181
3349,3182
3350,3183
3351,3184
3352,3185
3353,3186
3354,3187
3355,3188
3356,3189
3357,3190
3358,3191
3359,3192
3360,3193
3361,3194
3362,3195
3363,3196
3364,3197
3365,3198
3366,3199
3367,3200
3368,3201
3369,3202
3370,3203
3371,3204
3372,3205
3374,3206
3375,3207
3376,3208
3377,3209
3378,3210
3379,3211
3380,3212
3381,3213
3382,3214
3383,3215
3384,3216
3385,3217
3386,3218
3387,3219
3388,3220
3389,3221
3390,3222
3391,3223
3392,3224
3393,3225
3394,3226
3395,3227
3396,3228
3397,3229
3398,3230
3399,3231
3400,3232
3401,3233
3402,3234
3403,3235
3404,3236
3405,3237
3406,3238
3407,3239
3408,3240
3409,3241
3410,3242
3411,3243
3412,3244
3413,3245
3414,3246
3415,3247
3416,3248
3417,3249
3418,3250
3419,3251
3420,3252
3422,3253
3423,3254
3424,3255
3425,3256
3426,3257
3427,3258
3428,3259
3429,3260
3430,3261
3431,3262
3432,3263
3433,3264
3434,3265
3435,3266
3436,3267
3437,3268
3438,3269
3439,3270
3440,3271
3441,3272
3442,3273
3443,3274
3444,3275
3445,3276
3446,3277
3447,3278
3448,3279
3449,3280
3450,3281
3451,3282
3452,3283
3453,3284
3454,3285
3455,3286
3456,3287
3457,3288
3458,3289
3459,3290
3460,3291
3461,3292
3462,3293
3463,3294
3464,3295
3465,3296
3466,3297
3467,3298
3468,3299
3469,3300
3470,3301
3471,3302
3473,3303
3474,3304
3475,3305
3476,3306
3477,3307
3478,3308
3479,3309
3480,3310
3481,3311
3482,3312
3483,3313
3484,3314
3485,3315
3486,3316
3487,3317
3488,3318
3489,3319
3490,3320
3491,3321
3492,3322
3493,3323
3494,3324
3495,3325
3496,3326
3497,3327
3498,3328
3499,3329
3500,3330
3501,3331
3502,3332
3503,3333
3504,3334
3505,3335
3506,3336
3507,3337
3508,3338
3509,3339
3510,3340
3511,3341
3512,3342
3513,3343
3514,3344
3515,3345
3516,3346
3517,3347
3518,3348
3519,3349
3520,3350
3521,3351
3522,3352
3523,3353
3524,3354
3525,3355
3526,3356
3527,3357
3528,3358
3529,3359
3530,3360
3531,3361
3532,3362
3533,3363
3534,3364
3535,3365
3536,3366
3537,3367
3538,3368
3539,3369
3540,3370
3541,3371
3542,3372
3543,3373
3544,3374
3545,3375
3546,3376
3547,3377
3548,3378
3549,3379
3550,3380
3551,3381
3552,3382
3553,3383
3554,3384
3555,3385
3556,3386
3557,3387
3558,3388
3559,3389
3560,3390
3561,3391
3562,3392
3563,3393
3564,3394
3565,3395
3566,3396
3567,3397
3568,3398
3570,3399
3571,3400
3572,3401
3574,3402
3575,3403
3576,3404
3577,3405
3578,3406
3579,3407
3580,3408
3582,3409
3583,3410
3585,3411
3586,3412
3587,3413
3588,3414
3589,3415
3590,3416
3593,3417
3594,3418
3595,3419
3597,3420
3598,3421
3599,3422
3600,3423
3601,3424
3603,3425
3604,3426
3605,3427
3606,3428
3607,3429
3608,3430
3609,3431
3610,3432
3611,3433
3612,3434
3613,3435
3614,3436
3615,3437
3616,3438
3617,3439
3618,3440
3619,3441
3620,3442
3621,3443
3622,3444
3624,3445
3626,3446
3627,3447
3628,3448
3629,3449
3630,3450
3631,3451
3632,3452
3633,3453
3634,3454
3635,3455
3636,3456
3637,3457
3638,3458
3639,3459
3641,3460
3642,3461
3643,3462
3644,3463
3645,3464
3646,3465
3648,3466
3649,3467
3650,3468
3651,3469
3652,3470
3653,3471
3654,3472
3655,3473
3656,3474
3657,3475
3658,3476
3659,3477
3662,3478
3663,3479
3664,3480
3665,3481
3666,3482
3668,3483
3669,3484
3670,3485
3671,3486
3672,3487
3673,3488
3676,3489
3677,3490
3678,3491
3680,3492
3681,3493
3684,3494
3685,3495
3687,3496
3688,3497
3689,3498
3690,3499
3691,3500
3692,3501
3693,3502
3694,3503
3695,3504
3696,3505
3698,3506
3699,3507
3700,3508
3701,3509
3702,3510
3703,3511
3706,3512
3707,3513
3708,3514
3709,3515
3710,3516
3711,3517
3712,3518
3713,3519
3714,3520
3715,3521
3716,3522
3717,3523
3718,3524
3719,3525
3720,3526
3721,3527
3722,3528
3723,3529
3724,3530
3725,3531
3726,3532
3727,3533
3728,3534
3729,3535
3730,3536
3731,3537
3732,3538
3733,3539
3734,3540
3735,3541
3736,3542
3737,3543
3738,3544
3739,3545
3740,3546
3741,3547
3742,3548
3743,3549
3744,3550
3745,3551
3747,3552
3748,3553
3749,3554
3750,3555
3751,3556
3752,3557
3753,3558
3754,3559
3756,3560
3757,3561
3759,3562
3760,3563
3761,3564
3762,3565
3763,3566
3764,3567
3765,3568
3766,3569
3767,3570
3768,3571
3769,3572
3770,3573
3771,3574
3772,3575
3773,3576
3774,3577
3775,3578
3776,3579
3777,3580
3778,3581
3779,3582
3780,3583
3781,3584
3782,3585
3783,3586
3784,3587
3785,3588
3786,3589
3787,3590
3788,3591
3789,3592
3790,3593
3791,3594
3792,3595
3793,3596
3794,3597
3795,3598
3796,3599
3797,3600
3798,3601
3799,3602
3800,3603
3801,3604
3802,3605
3803,3606
3804,3607
3805,3608
3806,3609
3807,3610
3809,3611
3810,3612
3811,3613
3812,3614
3813,3615
3814,3616
3815,3617
3816,3618
3817,3619
3818,3620
3819,3621
3820,3622
3821,3623
3822,3624
3823,3625
3824,3626
3825,3627
3826,3628
3827,3629
3828,3630
3829,3631
3830,3632
3831,3633
3832,3634
3833,3635
3834,3636
3835,3637
3836,3638
3837,3639
3838,3640
3839,3641
3840,3642
3841,3643
3842,3644
3843,3645
3844,3646
3845,3647
3846,3648
3847,3649
3848,3650
3849,3651
3850,3652
3851,3653
3852,3654
3853,3655
3854,3656
3855,3657
3856,3658
3857,3659
3858,3660
3859,3661
3860,3662
3861,3663
3862,3664
3863,3665
3864,3666
3865,3667
3866,3668
3867,3669
3868,3670
3869,3671
3870,3672
3871,3673
3872,3674
3873,3675
3874,3676
3875,3677
3876,3678
3877,3679
3878,3680
3879,3681
3880,3682
3881,3683
3882,3684
3883,3685
3884,3686
3885,3687
3886,3688
3887,3689
3888,3690
3889,3691
3890,3692
3891,3693
3892,3694
3893,3695
3894,3696
3895,3697
3898,3698
3899,3699
3900,3700
3901,3701
3902,3702
3903,3703
3904,3704
3905,3705
3906,3706
3907,3707
3908,3708
3909,3709
3910,3710
3911,3711
3912,3712
3913,3713
3914,3714
3915,3715
3916,3716
3917,3717
3918,3718
3919,3719
3920,3720
3921,3721
3924,3722
3925,3723
3926,3724
3927,3725
3928,3726
3929,3727
3930,3728
3931,3729
3932,3730
3933,3731
3934,3732
3935,3733
3936,3734
3937,3735
3938,3736
3939,3737
3940,3738
3941,3739
3942,3740
3943,3741
3944,3742
3945,3743
3947,3744
3948,3745
3949,3746
3950,3747
3951,3748
3953,3749
3954,3750
3955,3751
3956,3752
3957,3753
3958,3754
3959,3755
3960,3756
3962,3757
3963,3758
3964,3759
3965,3760
3966,3761
3967,3762
3968,3763
3969,3764
3970,3765
3972,3766
3973,3767
3975,3768
3976,3769
3978,3770
3979,3771
3980,3772
3981,3773
3982,3774
3983,3775
3984,3776
3985,3777
3986,3778
3987,3779
3988,3780
3989,3781
3990,3782
3991,3783
3992,3784
3993,3785
3994,3786
3995,3787
3996,3788
3997,3789
3998,3790
3999,3791
4000,3792
4001,3793
4002,3794
4003,3795
4004,3796
4005,3797
4006,3798
4007,3799
4008,3800
4009,3801
4010,3802
4011,3803
4012,3804
4013,3805
4015,3806
4016,3807
4017,3808
4018,3809
4019,3810
4020,3811
4021,3812
4022,3813
4023,3814
4024,3815
4025,3816
4026,3817
4027,3818
4028,3819
4029,3820
4030,3821
4031,3822
4032,3823
4033,3824
4034,3825
4035,3826
4037,3827
4038,3828
4039,3829
4040,3830
4041,3831
4042,3832
4043,3833
4044,3834
4045,3835
4046,3836
4047,3837
4048,3838
4049,3839
4050,3840
4051,3841
4052,3842
4054,3843
4055,3844
4056,3845
4058,3846
4059,3847
4060,3848
4061,3849
4062,3850
4063,3851
4064,3852
4065,3853
4066,3854
4068,3855
4069,3856
4071,3857
4072,3858
4073,3859
4074,3860
4075,3861
4077,3862
4078,3863
4079,3864
4080,3865
4081,3866
4082,3867
4083,3868
4084,3869
4085,3870
4086,3871
4087,3872
4088,3873
4089,3874
4090,3875
4091,3876
4092,3877
4093,3878
4094,3879
4095,3880
4096,3881
4097,3882
4098,3883
4099,3884
4100,3885
4103,3886
4104,3887
4105,3888
4106,3889
4108,3890
4109,3891
4110,3892
4111,3893
4112,3894
4113,3895
4114,3896
4115,3897
4116,3898
4117,3899
4118,3900
4119,3901
4120,3902
4121,3903
4122,3904
4123,3905
4124,3906
4125,3907
4126,3908
4127,3909
4128,3910
4129,3911
4130,3912
4133,3913
4134,3914
4135,3915
4136,3916
4137,3917
4138,3918
4139,3919
4140,3920
4141,3921
4143,3922
4144,3923
4145,3924
4146,3925
4147,3926
4148,3927
4149,3928
4150,3929
4151,3930
4152,3931
4153,3932
4154,3933
4155,3934
4156,3935
4157,3936
4158,3937
4159,3938
4160,3939
4161,3940
4162,3941
4163,3942
4164,3943
4165,3944
4166,3945
4167,3946
4168,3947
4169,3948
4171,3949
4172,3950
4173,3951
4174,3952
4175,3953
4176,3954
4177,3955
4178,3956
4179,3957
4180,3958
4181,3959
4182,3960
4183,3961
4184,3962
4185,3963
4188,3964
4189,3965
4190,3966
4191,3967
4192,3968
4193,3969
4194,3970
4195,3971
4196,3972
4197,3973
4198,3974
4199,3975
4200,3976
4201,3977
4202,3978
4203,3979
4204,3980
4205,3981
4206,3982
4207,3983
4208,3984
4209,3985
4210,3986
4211,3987
4212,3988
4213,3989
4214,3990
4215,3991
4216,3992
4217,3993
4218,3994
4219,3995
4220,3996
4221,3997
4222,3998
4223,3999
4224,4000
4225,4001
4226,4002
4227,4003
4228,4004
4229,4005
4230,4006
4231,4007
4232,4008
4233,4009
4234,4010
4235,4011
4236,4012
4237,4013
4238,4014
4240,4015
4241,4016
4242,4017
4243,4018
4244,4019
4245,4020
4246,4021
4247,4022
4248,4023
4250,4024
4251,4025
4253,4026
4254,4027
4255,4028
4256,4029
4257,4030
4258,4031
4259,4032
4260,4033
4261,4034
4262,4035
4263,4036
4264,4037
4265,4038
4266,4039
4267,4040
4268,4041
4269,4042
4270,4043
4271,4044
4272,4045
4273,4046
4274,4047
4275,4048
4276,4049
4278,4050
4279,4051
4280,4052
4281,4053
4282,4054
4283,4055
4284,4056
4285,4057
4286,4058
4289,4059
4290,4060
4292,4061
4293,4062
4294,4063
4295,4064
4296,4065
4297,4066
4298,4067
4299,4068
4300,4069
4301,4070
4302,4071
4303,4072
4304,4073
4305,4074
4306,4075
4307,4076
4308,4077
4309,4078
4310,4079
4311,4080
4312,4081
4313,4082
4314,4083
4315,4084
4316,4085
4317,4086
4318,4087
4319,4088
4320,4089
4321,4090
4322,4091
4324,4092
4325,4093
4326,4094
4327,4095
4328,4096
4329,4097
4330,4098
4331,4099
4332,4100
4333,4101
4334,4102
4335,4103
4336,4104
4337,4105
4338,4106
4339,4107
4340,4108
4341,4109
4342,4110
4343,4111
4344,4112
4345,4113
4346,4114
4347,4115
4348,4116
4349,4117
4350,4118
4351,4119
4352,4120
4353,4121
4354,4122
4355,4123
4356,4124
4357,4125
4358,4126
4359,4127
4360,4128
4361,4129
4362,4130
4363,4131
4364,4132
4365,4133
4366,4134
4367,4135
4368,4136
4369,4137
4370,4138
4371,4139
4372,4140
4373,4141
4374,4142
4375,4143
4376,4144
4377,4145
4378,4146
4379,4147
4380,4148
4381,4149
4382,4150
4383,4151
4384,4152
4385,4153
4386,4154
4387,4155
4388,4156
4389,4157
4390,4158
4391,4159
4392,4160
4393,4161
4394,4162
4395,4163
4396,4164
4397,4165
4398,4166
4399,4167
4400,4168
4401,4169
4402,4170
4403,4171
4404,4172
4405,4173
4406,4174
4407,4175
4408,4176
4409,4177
4410,4178
4411,4179
4412,4180
4413,4181
4414,4182
4415,4183
4417,4184
4418,4185
4419,4186
4420,4187
4421,4188
4422,4189
4423,4190
4424,4191
4425,4192
4426,4193
4427,4194
4428,4195
4429,4196
4430,4197
4431,4198
4432,4199
4433,4200
4434,4201
4435,4202
4436,4203
4437,4204
4438,4205
4439,4206
4440,4207
4441,4208
4442,4209
4443,4210
4444,4211
4445,4212
4446,4213
4447,4214
4448,4215
4449,4216
4450,4217
4451,4218
4452,4219
4453,4220
4454,4221
4455,4222
4456,4223
4457,4224
4458,4225
4459,4226
4460,4227
4461,4228
4462,4229
4463,4230
4464,4231
4465,4232
4466,4233
4467,4234
4468,4235
4469,4236
4470,4237
4471,4238
4472,4239
4473,4240
4474,4241
4475,4242
4476,4243
4477,4244
4478,4245
4479,4246
4480,4247
4481,4248
4482,4249
4483,4250
4484,4251
4485,4252
4487,4253
4488,4254
4490,4255
4491,4256
4492,4257
4495,4258
4496,4259
4497,4260
4498,4261
4499,4262
4500,4263
4501,4264
4502,4265
4503,4266
4504,4267
4505,4268
4506,4269
4509,4270
4510,4271
4511,4272
4512,4273
4513,4274
4514,4275
4515,4276
4516,4277
4517,4278
4518,4279
4519,4280
4520,4281
4521,4282
4522,4283
4523,4284
4524,4285
4526,4286
4527,4287
4528,4288
4529,4289
4530,4290
4531,4291
4532,4292
4533,4293
4534,4294
4535,4295
4536,4296
4537,4297
4538,4298
4539,4299
4540,4300
4541,4301
4542,4302
4543,4303
4544,4304
4545,4305
4546,4306
4547,4307
4548,4308
4549,4309
4550,4310
4551,4311
4552,4312
4553,4313
4554,4314
4556,4315
4557,4316
4558,4317
4559,4318
4560,4319
4561,4320
4562,4321
4563,4322
4564,4323
4565,4324
4566,4325
4567,4326
4568,4327
4569,4328
4570,4329
4571,4330
4572,4331
4573,4332
4574,4333
4575,4334
4578,4335
4579,4336
4580,4337
4581,4338
4582,4339
4584,4340
4585,4341
4586,4342
4587,4343
4588,4344
4589,4345
4590,4346
4591,4347
4592,4348
4593,4349
4594,4350
4595,4351
4596,4352
4597,4353
4598,4354
4599,4355
4600,4356
4601,4357
4602,4358
4603,4359
4604,4360
4605,4361
4606,4362
4607,4363
4608,4364
4609,4365
4610,4366
4611,4367
4612,4368
4613,4369
4614,4370
4615,4371
4616,4372
4617,4373
4618,4374
4619,4375
4620,4376
4621,4377
4622,4378
4623,4379
4624,4380
4625,4381
4626,4382
4627,4383
4628,4384
4629,4385
4630,4386
4631,4387
4632,4388
4633,4389
4634,4390
4635,4391
4636,4392
4637,4393
4638,4394
4639,4395
4640,4396
4641,4397
4642,4398
4643,4399
4644,4400
4645,4401
4646,4402
4647,4403
4648,4404
4649,4405
4650,4406
4651,4407
4652,4408
4654,4409
4655,4410
4656,4411
4657,4412
4658,4413
4659,4414
4660,4415
4661,4416
4663,4417
4664,4418
4665,4419
4666,4420
4667,4421
4668,4422
4669,4423
4670,4424
4671,4425
4673,4426
4674,4427
4676,4428
4677,4429
4678,4430
4679,4431
4680,4432
4681,4433
4682,4434
4683,4435
4684,4436
4685,4437
4686,4438
4687,4439
4688,4440
4689,4441
4690,4442
4691,4443
4692,4444
4693,4445
4694,4446
4695,4447
4696,4448
4697,4449
4698,4450
4699,4451
4700,4452
4702,4453
4703,4454
4704,4455
4705,4456
4706,4457
4707,4458
4708,4459
4709,4460
4710,4461
4711,4462
4712,4463
4713,4464
4714,4465
4715,4466
4716,4467
4717,4468
4718,4469
4719,4470
4722,4471
4723,4472
4724,4473
4725,4474
