27,260204048256228704502122579571376844239772351635921527203450185097898478149674542689185087959048
30,130102024128114352251061289785688422119886175817960763601725092548949239074837271344592543979525
164,130106196208100431492109902250667906040379701715296734513725817763381644399253583726725063297025
190,259047374022061183776290516836385122061663384060160179180171086731109558351525183342785857615873
101,258513756479683930208721156175045412756332162615210859824280412045892536832911113003982397724673
240,130067865105536965908464143669038833162075195017865067239466185416580683189088355159801242589185
236,130067865105536965908464143669038833162075195017865067239466185416580683189088355159801242589185
290,130106196208100431492109902250667906040379701715296734513725817763381644399253583726725063297025
304,130106196208100431492109902250667906040379701715296734513725817763381644399253583726725063297025
246,130106196208100431492109902250667906040379701715296734513725817763381644399253583726725063297025
45,130065596824126100434309460334822982432491315711676265853754704493557803417629897992209375957505
2,260135730211073931816928287338077666324150390035730134478932370833161366378176710319602485178368
296,130067865105536965908464143669038833162075195017865067239466185416580683189088355159801242589185
139,259047374022061183776290516836385122061663384060160179180171086731109558351525183342785857615873
82,130066344609621619120057793022152593322606426799686733653490761467192433112643940470906781443073
114,130067397446679732568572661041003035346392265198328853575750028283357956562412267622632578881537
151,130067397446679732568572661041003035346392265198328853575750028283357956562412267622632578881537
165,130067397446679732568572661041003035346392265198328853575750028283357956562412267622632578881537
216,130067865105536965908464143669038833162075195017865067239466185416580683189088355159801242589185
194,130067397446679732568572661041003035346392265198328853575750028283357956562412267622632578881537
303,130106196208100431492109902250667906040379701715296734513725817763381644399253583726725063297025
18,260134794893359465137145322082006070692784530396657707151500056566715913124824535245265157763072
154,130067397446679732568572661041003035346392265198328853575750028283357956562412267622632578881537
212,130067865105536965908464143669038833162075195017865067239466185416580683189088355159801242589185
209,130106196208100431492109902250667906040379701715296734513725817763381644399253583726725063297025
41,130065596824126100434309460334822982432491315711676265853754704493557803417629897992209375957505
222,130069366157643534862629137210359172084848183672268652604275912952171559479387360467450175952897
256,130067865105536965908464143669038833162075195017865067239466185416580683189088355159801242589185
223,130067865105536965908464143669038833162075195017865067239466185416580683189088355159801242589185
72,130066344609621619120057793022152593322606426799686733653490761467192433112643940470906781443073
126,130067865105536965908464143669038833162075195017865067239466185416580683189088355159801242589185
105,130065596824126100434309460334822982432491315711676265853754704493557803417629897992209375957505
288,130069366157643534862629137210359172084848183672268652604275912952171559479387360467450175952897
121,130067397446679732568572661041003035346392265198328853575750028283357956562412267622632578881537
162,130067865105536965908464143669038833162075195017865067239466185416580683189088355159801242589185
293,130067865105536965908464143669038833162075195017865067239466185416580683189088355159801242589185
186,130067397446679732568572661041003035346392265198328853575750028283357956562412267622632578881537
77,130066344609621619120057793022152593322606426799686733653490761467192433112643940470906781443073
182,130067397446679732568572661041003035346392265198328853575750028283357956562412267622632578881537
283,130067865105536965908464143669038833162075195017865067239466185416580683189088355159801242589185
15,260134794893359465137145322082006070692784530396657707151500056566715913124824535245265157763072
196,130067397446679732568572661041003035346392265198328853575750028283357956562412267622632578881537
33,130067397446679732568572661041003035346392265198328853575750028283357956562412267622632578881537
89,130066344609621619120057793022152593322606426799686733653490761467192433112643940470906781443073
87,130066344609621619120057793022152593322606426799686733653490761467192433112643940470906781443073
146,130067397446679732568572661041003035346392265198328853575750028283357956562412267622632578881537
275,130106196208100431492109902250667906040379701715296734513725817763381644399253583726725063297025
170,130067865105536965908464143669038833162075195017865067239466185416580683189088355159801242589185
9,260135730211073931816928287338077666324150390035730134478932370833161366378176710319602485178368
245,130067865105536965908464143669038833162075195017865067239466185416580683189088355159801242589185
130,130067397446679732568572661041003035346392265198328853575750028283357956562412267622632578881537
37,130066344609621619120057793022152593322606426799686733653490761467192433112643940470906781443073
188,130067397446679732568572661041003035346392265198328853575750028283357956562412267622632578881537
158,130067397446679732568572661041003035346392265198328853575750028283357956562412267622632578881537
32,130067397446679732568572661041003035346392265198328853575750028283357956562412267622632578881537
17,260134794893359465137145322082006070692784530396657707151500056566715913124824535245265157763072
161,130067397446679732568572661041003035346392265198328853575750028283357956562412267622632578881537
44,130065596824126100434309460334822982432491315711676265853754704493557803417629897992209375957505
55,130066344609621619120057793022152593322606426799686733653490761467192433112643940470906781443073
59,130067865105536965908464143669038833162075195017865067239466185416580683189088355159801242589185
193,130067397446679732568572661041003035346392265198328853575750028283357956562412267622632578881537
93,130066344609621619120057793022152593322606426799686733653490761467192433112643940470906781443073
85,130066344609621619120057793022152593322606426799686733653490761467192433112643940470906781443073
47,130065596824126100434309460334822982432491315711676265853754704493557803417629897992209375957505
221,130067865105536965908464143669038833162075195017865067239466185416580683189088355159801242589185
69,130066344609621619120057793022152593322606426799686733653490761467192433112643940470906781443073
61,130066344609621619120057793022152593322606426799686733653490761467192433112643940470906781443073
160,130067397446679732568572661041003035346392265198328853575750028283357956562412267622632578881537
136,130067397446679732568572661041003035346392265198328853575750028283357956562412267622632578881537
78,130066344609621619120057793022152593322606426799686733653490761467192433112643940470906781443073
49,130067397446679732568572661041003035346392265198328853575750028283357956562412267622632578881537
155,130069366157643534862629137210359172084848183672268652604275912952171559479387360467450175952897
198,130067397446679732568572661041003035346392265198328853575750028283357956562412267622632578881537
56,130066344609621619120057793022152593322606426799686733653490761467192433112643940470906781443073
128,130067397446679732568572661041003035346392265198328853575750028283357956562412267622632578881537
60,130067865105536965908464143669038833162075195017865067239466185416580683189088355159801242589185
108,130065596824126100434309460334822982432491315711676265853754704493557803417629897992209375957505
46,130065596824126100434309460334822982432491315711676265853754704493557803417629897992209375957505
197,130067397446679732568572661041003035346392265198328853575750028283357956562412267622632578881537
19,260134794893359465137145322082006070692784530396657707151500056566715913124824535245265157763072
148,130067397446679732568572661041003035346392265198328853575750028283357956562412267622632578881537
187,130067397446679732568572661041003035346392265198328853575750028283357956562412267622632578881537
91,130066344609621619120057793022152593322606426799686733653490761467192433112643940470906781443073
157,130067397446679732568572661041003035346392265198328853575750028283357956562412267622632578881537
22,260132689219243238240115586044305186645212853599373467306981522934384866225287880941813562886144
100,130066344609621619120057793022152593322606426799686733653490761467192433112643940470906781443073
63,130066344609621619120057793022152593322606426799686733653490761467192433112643940470906781443073
297,130106196208100431492109902250667906040379701715296734513725817763381644399253583726725063297025
238,130067865105536965908464143669038833162075195017865067239466185416580683189088355159801242589185
111,130065596824126100434309460334822982432491315711676265853754704493557803417629897992209375957505
21,260131193648252200868618920669645964864982631423352531707509408987115606835259795984418751915008
51,130067397446679732568572661041003035346392265198328853575750028283357956562412267622632578881537
185,130067397446679732568572661041003035346392265198328853575750028283357956562412267622632578881537
50,130067397446679732568572661041003035346392265198328853575750028283357956562412267622632578881537
118,130067397446679732568572661041003035346392265198328853575750028283357956562412267622632578881537
225,130068646087880501508441267860891923908920520557282521329291831219859218830034631176587914516481
141,130067397446679732568572661041003035346392265198328853575750028283357956562412267622632578881537
107,130065596824126100434309460334822982432491315711676265853754704493557803417629897992209375957505
124,130068646087880501508441267860891923908920520557282521329291831219859218830034631176587914516481
184,130067397446679732568572661041003035346392265198328853575750028283357956562412267622632578881537
106,130065596824126100434309460334822982432491315711676265853754704493557803417629897992209375957505
125,130068646087880501508441267860891923908920520557282521329291831219859218830034631176587914516481
122,130067397446679732568572661041003035346392265198328853575750028283357956562412267622632578881537
115,130067397446679732568572661041003035346392265198328853575750028283357956562412267622632578881537
227,130068646087880501508441267860891923908920520557282521329291831219859218830034631176587914516481
75,130066344609621619120057793022152593322606426799686733653490761467192433112643940470906781443073
189,130067397446679732568572661041003035346392265198328853575750028283357956562412267622632578881537
109,130065596824126100434309460334822982432491315711676265853754704493557803417629897992209375957505
110,130065596824126100434309460334822982432491315711676265853754704493557803417629897992209375957505
57,130068646087880501508441267860891923908920520557282521329291831219859218830034631176587914516481
183,130067397446679732568572661041003035346392265198328853575750028283357956562412267622632578881537
200,130067397446679732568572661041003035346392265198328853575750028283357956562412267622632578881537
14,260134794893359465137145322082006070692784530396657707151500056566715913124824535245265157763072
233,130068646087880501508441267860891923908920520557282521329291831219859218830034631176587914516481
138,130067397446679732568572661041003035346392265198328853575750028283357956562412267622632578881537
199,130067397446679732568572661041003035346392265198328853575750028283357956562412267622632578881537
58,130068646087880501508441267860891923908920520557282521329291831219859218830034631176587914516481
92,130066344609621619120057793022152593322606426799686733653490761467192433112643940470906781443073
169,130068646087880501508441267860891923908920520557282521329291831219859218830034631176587914516481
152,130067397446679732568572661041003035346392265198328853575750028283357956562412267622632578881537
224,130068646087880501508441267860891923908920520557282521329291831219859218830034631176587914516481
175,130067397446679732568572661041003035346392265198328853575750028283357956562412267622632578881537
143,130067397446679732568572661041003035346392265198328853575750028283357956562412267622632578881537
10,260135730211073931816928287338077666324150390035730134478932370833161366378176710319602485178368
239,130067865105536965908464143669038833162075195017865067239466185416580683189088355159801242589185
289,130069366157643534862629137210359172084848183672268652604275912952171559479387360467450175952897
3,260138732315287069725258274420718344169696367344537305208551825904343118958774720934900351905792
71,130066344609621619120057793022152593322606426799686733653490761467192433112643940470906781443073
95,130066344609621619120057793022152593322606426799686733653490761467192433112643940470906781443073
39,130065596824126100434309460334822982432491315711676265853754704493557803417629897992209375957505
244,130067865105536965908464143669038833162075195017865067239466185416580683189088355159801242589185
34,130067397446679732568572661041003035346392265198328853575750028283357956562412267622632578881537
83,130066344609621619120057793022152593322606426799686733653490761467192433112643940470906781443073
210,130068646087880501508441267860891923908920520557282521329291831219859218830034631176587914516481
220,130068646087880501508441267860891923908920520557282521329291831219859218830034631176587914516481
166,130067397446679732568572661041003035346392265198328853575750028283357956562412267622632578881537
79,130067865105536965908464143669038833162075195017865067239466185416580683189088355159801242589185
129,130067397446679732568572661041003035346392265198328853575750028283357956562412267622632578881537
270,130067269361726289545003223432652089281039586394087912845626347577629704936206733556420813264897
6,260134538723452579090006446865304178562079172788175825691252695155259409872413467112841626529792
250,130067269361726289545003223432652089281039586394087912845626347577629704936206733556420813264897
168,130068646087880501508441267860891923908920520557282521329291831219859218830034631176587914516481
172,130067865105536965908464143669038833162075195017865067239466185416580683189088355159801242589185
64,130066344609621619120057793022152593322606426799686733653490761467192433112643940470906781443073
251,130069366157643534862629137210359172084848183672268652604275912952171559479387360467450175952897
195,130067397446679732568572661041003035346392265198328853575750028283357956562412267622632578881537
301,130067269361726289545003223432652089281039586394087912845626347577629704936206733556420813264897
1,260134538723452579090006446865304178562079172788175825691252695155259409872413467112841626529792
104,130065596824126100434309460334822982432491315711676265853754704493557803417629897992209375957505
52,130067397446679732568572661041003035346392265198328853575750028283357956562412267622632578881537
287,130069366157643534862629137210359172084848183672268652604275912952171559479387360467450175952897
219,130068646087880501508441267860891923908920520557282521329291831219859218830034631176587914516481
280,130069366157643534862629137210359172084848183672268652604275912952171559479387360467450175952897
202,130067865105536965908464143669038833162075195017865067239466185416580683189088355159801242589185
241,130067269361726289545003223432652089281039586394087912845626347577629704936206733556420813264897
278,130069366157643534862629137210359172084848183672268652604275912952171559479387360467450175952897
282,130069366157643534862629137210359172084848183672268652604275912952171559479387360467450175952897
40,130065596824126100434309460334822982432491315711676265853754704493557803417629897992209375957505
201,130067397446679732568572661041003035346392265198328853575750028283357956562412267622632578881537
80,130066344609621619120057793022152593322606426799686733653490761467192433112643940470906781443073
243,130067865105536965908464143669038833162075195017865067239466185416580683189088355159801242589185
137,130067397446679732568572661041003035346392265198328853575750028283357956562412267622632578881537
88,130066344609621619120057793022152593322606426799686733653490761467192433112643940470906781443073
133,130067269361726289545003223432652089281039586394087912845626347577629704936206733556420813264897
215,130067269361726289545003223432652089281039586394087912845626347577629704936206733556420813264897
237,130067865105536965908464143669038833162075195017865067239466185416580683189088355159801242589185
36,130066344609621619120057793022152593322606426799686733653490761467192433112643940470906781443073
231,259101975306900420456799506702209177827048058434169426062675790403891912130327789350696257615873
28,260213510490753988255246971433708952589053039716744339683277557261943379601514333746798709178373
294,130067865105536965908464143669038833162075195017865067239466185416580683189088355159801242589185
292,130067269361726289545003223432652089281039586394087912845626347577629704936206733556420813264897
134,130067269361726289545003223432652089281039586394087912845626347577629704936206733556420813264897
74,130069366157643534862629137210359172084848183672268652604275912952171559479387360467450175952897
228,130068646087880501508441267860891923908920520557282521329291831219859218830034631176587914516481
179,130067397446679732568572661041003035346392265198328853575750028283357956562412267622632578881537
300,130067269361726289545003223432652089281039586394087912845626347577629704936206733556420813264897
203,130067397446679732568572661041003035346392265198328853575750028283357956562412267622632578881537
229,130068646087880501508441267860891923908920520557282521329291831219859218830034631176587914516481
112,130067397446679732568572661041003035346392265198328853575750028283357956562412267622632578881537
73,130069366157643534862629137210359172084848183672268652604275912952171559479387360467450175952897
76,130066344609621619120057793022152593322606426799686733653490761467192433112643940470906781443073
144,130067397446679732568572661041003035346392265198328853575750028283357956562412267622632578881537
48,130065596824126100434309460334822982432491315711676265853754704493557803417629897992209375957505
26,260131193648252200868618920669645964864982631423352531707509408987115606835259795984418751915008
116,130067397446679732568572661041003035346392265198328853575750028283357956562412267622632578881537
38,130066344609621619120057793022152593322606426799686733653490761467192433112643940470906781443073
191,130067397446679732568572661041003035346392265198328853575750028283357956562412267622632578881537
174,130067397446679732568572661041003035346392265198328853575750028283357956562412267622632578881537
277,130069366157643534862629137210359172084848183672268652604275912952171559479387360467450175952897
295,130067865105536965908464143669038833162075195017865067239466185416580683189088355159801242589185
272,130067269361726289545003223432652089281039586394087912845626347577629704936206733556420813264897
218,130069366157643534862629137210359172084848183672268652604275912952171559479387360467450175952897
127,130067865105536965908464143669038833162075195017865067239466185416580683189088355159801242589185
102,130065596824126100434309460334822982432491315711676265853754704493557803417629897992209375957505
204,130067269361726289545003223432652089281039586394087912845626347577629704936206733556420813264897
120,130067397446679732568572661041003035346392265198328853575750028283357956562412267622632578881537
255,130067269361726289545003223432652089281039586394087912845626347577629704936206733556420813264897
299,130067269361726289545003223432652089281039586394087912845626347577629704936206733556420813264897
178,130067269361726289545003223432652089281039586394087912845626347577629704936206733556420813264897
150,130067397446679732568572661041003035346392265198328853575750028283357956562412267622632578881537
259,130067269361726289545003223432652089281039586394087912845626347577629704936206733556420813264897
192,130067397446679732568572661041003035346392265198328853575750028283357956562412267622632578881537
16,260134794893359465137145322082006070692784530396657707151500056566715913124824535245265157763072
206,130067397446679732568572661041003035346392265198328853575750028283357956562412267622632578881537
268,130067269361726289545003223432652089281039586394087912845626347577629704936206733556420813264897
234,130068646087880501508441267860891923908920520557282521329291831219859218830034631176587914516481
29,260213623352211433245799577756506734454011009519670218476593049083628260176955171839189109178373
264,258982068828425826509632363611757420076413691815385231118931401494376119610546535739176257615873
247,130069366157643534862629137210359172084848183672268652604275912952171559479387360467450175952897
235,130068646087880501508441267860891923908920520557282521329291831219859218830034631176587914516481
11,260137292175761003016882535721783847817841041114565042658583662439718437660069262353175829032960
260,130067269361726289545003223432652089281039586394087912845626347577629704936206733556420813264897
67,130067269361726289545003223432652089281039586394087912845626347577629704936206733556420813264897
226,130067865105536965908464143669038833162075195017865067239466185416580683189088355159801242589185
214,130067269361726289545003223432652089281039586394087912845626347577629704936206733556420813264897
140,130067397446679732568572661041003035346392265198328853575750028283357956562412267622632578881537
145,130067397446679732568572661041003035346392265198328853575750028283357956562412267622632578881537
147,130067397446679732568572661041003035346392265198328853575750028283357956562412267622632578881537
135,130067269361726289545003223432652089281039586394087912845626347577629704936206733556420813264897
86,130066344609621619120057793022152593322606426799686733653490761467192433112643940470906781443073
171,130067397446679732568572661041003035346392265198328853575750028283357956562412267622632578881537
25,260132689219243238240115586044305186645212853599373467306981522934384866225287880941813562886144
97,130066344609621619120057793022152593322606426799686733653490761467192433112643940470906781443073
90,130066344609621619120057793022152593322606426799686733653490761467192433112643940470906781443073
163,130067269361726289545003223432652089281039586394087912845626347577629704936206733556420813264897
66,130067269361726289545003223432652089281039586394087912845626347577629704936206733556420813264897
70,130066344609621619120057793022152593322606426799686733653490761467192433112643940470906781443073
269,130067269361726289545003223432652089281039586394087912845626347577629704936206733556420813264897
131,130067397446679732568572661041003035346392265198328853575750028283357956562412267622632578881537
94,130066344609621619120057793022152593322606426799686733653490761467192433112643940470906781443073
177,130067269361726289545003223432652089281039586394087912845626347577629704936206733556420813264897
254,130067269361726289545003223432652089281039586394087912845626347577629704936206733556420813264897
159,130067397446679732568572661041003035346392265198328853575750028283357956562412267622632578881537
230,130068646087880501508441267860891923908920520557282521329291831219859218830034631176587914516481
142,130067397446679732568572661041003035346392265198328853575750028283357956562412267622632578881537
20,260134794893359465137145322082006070692784530396657707151500056566715913124824535245265157763072
153,130067397446679732568572661041003035346392265198328853575750028283357956562412267622632578881537
173,130067397446679732568572661041003035346392265198328853575750028283357956562412267622632578881537
291,130067865105536965908464143669038833162075195017865067239466185416580683189088355159801242589185
180,130067269361726289545003223432652089281039586394087912845626347577629704936206733556420813264897
84,130067269361726289545003223432652089281039586394087912845626347577629704936206733556420813264897
68,130067269361726289545003223432652089281039586394087912845626347577629704936206733556420813264897
271,130067269361726289545003223432652089281039586394087912845626347577629704936206733556420813264897
242,130067865105536965908464143669038833162075195017865067239466185416580683189088355159801242589185
217,130067269361726289545003223432652089281039586394087912845626347577629704936206733556420813264897
302,130106196208100431492109902250667906040379701715296734513725817763381644399253583726725063297025
35,130066344609621619120057793022152593322606426799686733653490761467192433112643940470906781443073
305,130106196208100431492109902250667906040379701715296734513725817763381644399253583726725063297025
0,260212392416200862984219804501335812080759403430593469027451635526763288798507167453450126594048
43,130065596824126100434309460334822982432491315711676265853754704493557803417629897992209375957505
113,130067397446679732568572661041003035346392265198328853575750028283357956562412267622632578881537
285,130067269361726289545003223432652089281039586394087912845626347577629704936206733556420813264897
257,130067269361726289545003223432652089281039586394087912845626347577629704936206733556420813264897
249,130067269361726289545003223432652089281039586394087912845626347577629704936206733556420813264897
98,130066344609621619120057793022152593322606426799686733653490761467192433112643940470906781443073
24,260132689219243238240115586044305186645212853599373467306981522934384866225287880941813562886144
262,130067269361726289545003223432652089281039586394087912845626347577629704936206733556420813264897
12,260137292175761003016882535721783847817841041114565042658583662439718437660069262353175829032960
232,130068646087880501508441267860891923908920520557282521329291831219859218830034631176587914516481
252,130067269361726289545003223432652089281039586394087912845626347577629704936206733556420813264897
205,130067397446679732568572661041003035346392265198328853575750028283357956562412267622632578881537
253,130067269361726289545003223432652089281039586394087912845626347577629704936206733556420813264897
167,130067397446679732568572661041003035346392265198328853575750028283357956562412267622632578881537
54,130066344609621619120057793022152593322606426799686733653490761467192433112643940470906781443073
258,130067269361726289545003223432652089281039586394087912845626347577629704936206733556420813264897
261,130067269361726289545003223432652089281039586394087912845626347577629704936206733556420813264897
207,130067397446679732568572661041003035346392265198328853575750028283357956562412267622632578881537
13,260134794893359465137145322082006070692784530396657707151500056566715913124824535245265157763072
208,130067397446679732568572661041003035346392265198328853575750028283357956562412267622632578881537
149,130067397446679732568572661041003035346392265198328853575750028283357956562412267622632578881537
298,130067269361726289545003223432652089281039586394087912845626347577629704936206733556420813264897
53,130066344609621619120057793022152593322606426799686733653490761467192433112643940470906781443073
266,130067269361726289545003223432652089281039586394087912845626347577629704936206733556420813264897
211,130068646087880501508441267860891923908920520557282521329291831219859218830034631176587914516481
42,130065596824126100434309460334822982432491315711676265853754704493557803417629897992209375957505
65,130067269361726289545003223432652089281039586394087912845626347577629704936206733556420813264897
62,130066344609621619120057793022152593322606426799686733653490761467192433112643940470906781443073
267,130067269361726289545003223432652089281039586394087912845626347577629704936206733556420813264897
7,260134538723452579090006446865304178562079172788175825691252695155259409872413467112841626529792
274,130067269361726289545003223432652089281039586394087912845626347577629704936206733556420813264897
5,260134538723452579090006446865304178562079172788175825691252695155259409872413467112841626529792
99,130066344609621619120057793022152593322606426799686733653490761467192433112643940470906781443073
23,260132689219243238240115586044305186645212853599373467306981522934384866225287880941813562886144
117,130067397446679732568572661041003035346392265198328853575750028283357956562412267622632578881537
213,130067269361726289545003223432652089281039586394087912845626347577629704936206733556420813264897
286,130069366157643534862629137210359172084848183672268652604275912952171559479387360467450175952897
81,130066344609621619120057793022152593322606426799686733653490761467192433112643940470906781443073
123,130067397446679732568572661041003035346392265198328853575750028283357956562412267622632578881537
276,130069366157643534862629137210359172084848183672268652604275912952171559479387360467450175952897
273,130067269361726289545003223432652089281039586394087912845626347577629704936206733556420813264897
156,130067397446679732568572661041003035346392265198328853575750028283357956562412267622632578881537
96,130066344609621619120057793022152593322606426799686733653490761467192433112643940470906781443073
263,130067269361726289545003223432652089281039586394087912845626347577629704936206733556420813264897
8,260134538723452579090006446865304178562079172788175825691252695155259409872413467112841626529792
176,130067269361726289545003223432652089281039586394087912845626347577629704936206733556420813264897
284,130069366157643534862629137210359172084848183672268652604275912952171559479387360467450175952897
265,130067269361726289545003223432652089281039586394087912845626347577629704936206733556420813264897
103,130065596824126100434309460334822982432491315711676265853754704493557803417629897992209375957505
279,130069366157643534862629137210359172084848183672268652604275912952171559479387360467450175952897
119,130067397446679732568572661041003035346392265198328853575750028283357956562412267622632578881537
132,130067269361726289545003223432652089281039586394087912845626347577629704936206733556420813264897
31,130067397446679732568572661041003035346392265198328853575750028283357956562412267622632578881537
181,130069366157643534862629137210359172084848183672268652604275912952171559479387360467450175952897
281,130069366157643534862629137210359172084848183672268652604275912952171559479387360467450175952897
4,260138732315287069725258274420718344169696367344537305208551825904343118958774720934900351905792
248,130067269361726289545003223432652089281039586394087912845626347577629704936206733556420813264897
