246,563126124513216040837587479800974471868214365659975985063316232709733122479736978281007712257
164,563126124513216040837587479800974471868214365659975985063316232709733122479736978281007712257
209,563126124513216040837587479800974471868214365659975985063316232709733122479736978281007712257
140,562915150010255538087778895912765580699451523064869154197876060080756935227953217469958592513
261,562912196865360110381555565692765641331389683388070694914125459447371252053214041996596877313
297,563126124513216040837587479800974471868214365659975985063316232709733122479736978281007712257
65,562912196865360110381555565692765641331389683388070694914125459447371252053214041996596877313
133,562912196865360110381555565692765641331389683388070694914125459447371252053214041996596877313
0,1126252249026432081675174959601948943736428731319951970126632465419466244959473956562015424512
305,563126124513216040837587479800974471868214365659975985063316232709733122479736978281007712257
113,562915150010255538087778895912765580699451523064869154197876060080756935227953217469958592513
154,562915150010255538087778895912765580699451523064869154197876060080756935227953217469958592513
18,1125830300020511076175557791825531161398903046129738308395752120161513870455906434939917185024
144,562915150010255538087778895912765580699451523064869154197876060080756935227953217469958592513
267,562912196865360110381555565692765641331389683388070694914125459447371252053214041996596877313
7,1125824393730720220763111131385531282662779366776141389828250918894742504106428083993193754624
259,562912196865360110381555565692765641331389683388070694914125459447371252053214041996596877313
290,563126124513216040837587479800974471868214365659975985063316232709733122479736978281007712257
214,562912196865360110381555565692765641331389683388070694914125459447371252053214041996596877313
134,562912196865360110381555565692765641331389683388070694914125459447371252053214041996596877313
150,562915150010255538087778895912765580699451523064869154197876060080756935227953217469958592513
105,562898823221816604489684961785396471024879138055668604610863883680889070347027796520175931905
269,562912196865360110381555565692765641331389683388070694914125459447371252053214041996596877313
177,562912196865360110381555565692765641331389683388070694914125459447371252053214041996596877313
217,562912196865360110381555565692765641331389683388070694914125459447371252053214041996596877313
139,1114639249766505457972158363872170154695758887953452316456609261662541112628214725041302042625
176,562912196865360110381555565692765641331389683388070694914125459447371252053214041996596877313
302,563126124513216040837587479800974471868214365659975985063316232709733122479736978281007712257
19,1125830300020511076175557791825531161398903046129738308395752120161513870455906434939917185024
148,562915150010255538087778895912765580699451523064869154197876060080756935227953217469958592513
23,1125811469146093351985153103668841377580711561909724773257440561452251932536823233968235104256
99,562905734573046675992576551834420688790355780954862386628720280726125966268411616984117552129
250,562912196865360110381555565692765641331389683388070694914125459447371252053214041996596877313
40,562898823221816604489684961785396471024879138055668604610863883680889070347027796520175931905
280,562949323606803350261366888112950663229138759701985283868012026323975713541562592397904320513
249,562912196865360110381555565692765641331389683388070694914125459447371252053214041996596877313
106,562898823221816604489684961785396471024879138055668604610863883680889070347027796520175931905
135,562912196865360110381555565692765641331389683388070694914125459447371252053214041996596877313
266,562912196865360110381555565692765641331389683388070694914125459447371252053214041996596877313
29,1126272289318567502193109385056364991386918499333019722282173233608194256959739717510153605125
264,1112327428663293873617248831695497121396815566203060726539609061516665904118558726577302042625
4,1125898647213606700522733776225901326458277519403970567736024052647951427083125184795808641024
281,562949323606803350261366888112950663229138759701985283868012026323975713541562592397904320513
68,562912196865360110381555565692765641331389683388070694914125459447371252053214041996596877313
121,562915150010255538087778895912765580699451523064869154197876060080756935227953217469958592513
20,1125830300020511076175557791825531161398903046129738308395752120161513870455906434939917185024
142,562915150010255538087778895912765580699451523064869154197876060080756935227953217469958592513
219,562933712920466537734037301408092246877106917812163792195561325210698512454937957172372314113
224,562933712920466537734037301408092246877106917812163792195561325210698512454937957172372314113
130,562915150010255538087778895912765580699451523064869154197876060080756935227953217469958592513
77,562905734573046675992576551834420688790355780954862386628720280726125966268411616984117552129
275,563126124513216040837587479800974471868214365659975985063316232709733122479736978281007712257
230,562933712920466537734037301408092246877106917812163792195561325210698512454937957172372314113
73,562949323606803350261366888112950663229138759701985283868012026323975713541562592397904320513
257,562912196865360110381555565692765641331389683388070694914125459447371252053214041996596877313
32,562915150010255538087778895912765580699451523064869154197876060080756935227953217469958592513
227,562933712920466537734037301408092246877106917812163792195561325210698512454937957172372314113
153,562915150010255538087778895912765580699451523064869154197876060080756935227953217469958592513
288,562949323606803350261366888112950663229138759701985283868012026323975713541562592397904320513
258,562912196865360110381555565692765641331389683388070694914125459447371252053214041996596877313
255,562912196865360110381555565692765641331389683388070694914125459447371252053214041996596877313
27,1125960624674073731317107683080495685124806132489841343353797382637719518630111981614403989512
30,562980312337036865658553841540247842562403066244920671676898691318859759315055990807201994757
47,562898823221816604489684961785396471024879138055668604610863883680889070347027796520175931905
151,562915150010255538087778895912765580699451523064869154197876060080756935227953217469958592513
109,562898823221816604489684961785396471024879138055668604610863883680889070347027796520175931905
87,562905734573046675992576551834420688790355780954862386628720280726125966268411616984117552129
253,562912196865360110381555565692765641331389683388070694914125459447371252053214041996596877313
12,1125867425840933075468074602816184493754213835624327584391122650421397024909875914344744628224
232,562933712920466537734037301408092246877106917812163792195561325210698512454937957172372314113
276,562949323606803350261366888112950663229138759701985283868012026323975713541562592397904320513
218,562949323606803350261366888112950663229138759701985283868012026323975713541562592397904320513
67,562912196865360110381555565692765641331389683388070694914125459447371252053214041996596877313
120,562915150010255538087778895912765580699451523064869154197876060080756935227953217469958592513
277,562949323606803350261366888112950663229138759701985283868012026323975713541562592397904320513
303,563126124513216040837587479800974471868214365659975985063316232709733122479736978281007712257
52,562915150010255538087778895912765580699451523064869154197876060080756935227953217469958592513
37,562905734573046675992576551834420688790355780954862386628720280726125966268411616984117552129
17,1125830300020511076175557791825531161398903046129738308395752120161513870455906434939917185024
161,562915150010255538087778895912765580699451523064869154197876060080756935227953217469958592513
112,562915150010255538087778895912765580699451523064869154197876060080756935227953217469958592513
286,562949323606803350261366888112950663229138759701985283868012026323975713541562592397904320513
181,562949323606803350261366888112950663229138759701985283868012026323975713541562592397904320513
158,562915150010255538087778895912765580699451523064869154197876060080756935227953217469958592513
201,562915150010255538087778895912765580699451523064869154197876060080756935227953217469958592513
101,1107358873921232761965509527650266459393077474433877716768123389744576105547304885346113755137
60,562922323980031948426723846969508661535299583628745902553866437493134866574795569234043738113
41,562898823221816604489684961785396471024879138055668604610863883680889070347027796520175931905
53,562905734573046675992576551834420688790355780954862386628720280726125966268411616984117552129
145,562915150010255538087778895912765580699451523064869154197876060080756935227953217469958592513
95,562905734573046675992576551834420688790355780954862386628720280726125966268411616984117552129
216,562922323980031948426723846969508661535299583628745902553866437493134866574795569234043738113
147,562915150010255538087778895912765580699451523064869154197876060080756935227953217469958592513
304,563126124513216040837587479800974471868214365659975985063316232709733122479736978281007712257
138,562915150010255538087778895912765580699451523064869154197876060080756935227953217469958592513
123,562915150010255538087778895912765580699451523064869154197876060080756935227953217469958592513
244,562922323980031948426723846969508661535299583628745902553866437493134866574795569234043738113
237,562922323980031948426723846969508661535299583628745902553866437493134866574795569234043738113
34,562915150010255538087778895912765580699451523064869154197876060080756935227953217469958592513
256,562922323980031948426723846969508661535299583628745902553866437493134866574795569234043738113
97,562905734573046675992576551834420688790355780954862386628720280726125966268411616984117552129
25,1125811469146093351985153103668841377580711561909724773257440561452251932536823233968235104256
284,562949323606803350261366888112950663229138759701985283868012026323975713541562592397904320513
114,562915150010255538087778895912765580699451523064869154197876060080756935227953217469958592513
189,562915150010255538087778895912765580699451523064869154197876060080756935227953217469958592513
248,562912196865360110381555565692765641331389683388070694914125459447371252053214041996596877313
39,562898823221816604489684961785396471024879138055668604610863883680889070347027796520175931905
59,562922323980031948426723846969508661535299583628745902553866437493134866574795569234043738113
211,562933712920466537734037301408092246877106917812163792195561325210698512454937957172372314113
79,562922323980031948426723846969508661535299583628745902553866437493134866574795569234043738113
85,562905734573046675992576551834420688790355780954862386628720280726125966268411616984117552129
74,562949323606803350261366888112950663229138759701985283868012026323975713541562592397904320513
178,562912196865360110381555565692765641331389683388070694914125459447371252053214041996596877313
188,562915150010255538087778895912765580699451523064869154197876060080756935227953217469958592513
11,1125867425840933075468074602816184493754213835624327584391122650421397024909875914344744628224
235,562933712920466537734037301408092246877106917812163792195561325210698512454937957172372314113
16,1125830300020511076175557791825531161398903046129738308395752120161513870455906434939917185024
192,562915150010255538087778895912765580699451523064869154197876060080756935227953217469958592513
165,562915150010255538087778895912765580699451523064869154197876060080756935227953217469958592513
234,562933712920466537734037301408092246877106917812163792195561325210698512454937957172372314113
226,562922323980031948426723846969508661535299583628745902553866437493134866574795569234043738113
54,562905734573046675992576551834420688790355780954862386628720280726125966268411616984117552129
93,562905734573046675992576551834420688790355780954862386628720280726125966268411616984117552129
283,562922323980031948426723846969508661535299583628745902553866437493134866574795569234043738113
287,562949323606803350261366888112950663229138759701985283868012026323975713541562592397904320513
251,562949323606803350261366888112950663229138759701985283868012026323975713541562592397904320513
143,562915150010255538087778895912765580699451523064869154197876060080756935227953217469958592513
212,562922323980031948426723846969508661535299583628745902553866437493134866574795569234043738113
115,562915150010255538087778895912765580699451523064869154197876060080756935227953217469958592513
2,1125844647960063896853447693939017323070599167257491805107732874986269733149591138468087476224
296,562922323980031948426723846969508661535299583628745902553866437493134866574795569234043738113
46,562898823221816604489684961785396471024879138055668604610863883680889070347027796520175931905
203,562915150010255538087778895912765580699451523064869154197876060080756935227953217469958592513
81,562905734573046675992576551834420688790355780954862386628720280726125966268411616984117552129
129,562915150010255538087778895912765580699451523064869154197876060080756935227953217469958592513
222,562949323606803350261366888112950663229138759701985283868012026323975713541562592397904320513
274,562912196865360110381555565692765641331389683388070694914125459447371252053214041996596877313
5,1125824393730720220763111131385531282662779366776141389828250918894742504106428083993193754624
228,562933712920466537734037301408092246877106917812163792195561325210698512454937957172372314113
75,562905734573046675992576551834420688790355780954862386628720280726125966268411616984117552129
146,562915150010255538087778895912765580699451523064869154197876060080756935227953217469958592513
70,562905734573046675992576551834420688790355780954862386628720280726125966268411616984117552129
76,562905734573046675992576551834420688790355780954862386628720280726125966268411616984117552129
172,562922323980031948426723846969508661535299583628745902553866437493134866574795569234043738113
198,562915150010255538087778895912765580699451523064869154197876060080756935227953217469958592513
128,562915150010255538087778895912765580699451523064869154197876060080756935227953217469958592513
152,562915150010255538087778895912765580699451523064869154197876060080756935227953217469958592513
159,562915150010255538087778895912765580699451523064869154197876060080756935227953217469958592513
242,562922323980031948426723846969508661535299583628745902553866437493134866574795569234043738113
279,562949323606803350261366888112950663229138759701985283868012026323975713541562592397904320513
213,562912196865360110381555565692765641331389683388070694914125459447371252053214041996596877313
207,562915150010255538087778895912765580699451523064869154197876060080756935227953217469958592513
62,562905734573046675992576551834420688790355780954862386628720280726125966268411616984117552129
271,562912196865360110381555565692765641331389683388070694914125459447371252053214041996596877313
149,562915150010255538087778895912765580699451523064869154197876060080756935227953217469958592513
84,562912196865360110381555565692765641331389683388070694914125459447371252053214041996596877313
208,562915150010255538087778895912765580699451523064869154197876060080756935227953217469958592513
13,1125830300020511076175557791825531161398903046129738308395752120161513870455906434939917185024
9,1125844647960063896853447693939017323070599167257491805107732874986269733149591138468087476224
245,562922323980031948426723846969508661535299583628745902553866437493134866574795569234043738113
210,562933712920466537734037301408092246877106917812163792195561325210698512454937957172372314113
247,562949323606803350261366888112950663229138759701985283868012026323975713541562592397904320513
82,562905734573046675992576551834420688790355780954862386628720280726125966268411616984117552129
295,562922323980031948426723846969508661535299583628745902553866437493134866574795569234043738113
58,562933712920466537734037301408092246877106917812163792195561325210698512454937957172372314113
162,562922323980031948426723846969508661535299583628745902553866437493134866574795569234043738113
160,562915150010255538087778895912765580699451523064869154197876060080756935227953217469958592513
268,562912196865360110381555565692765641331389683388070694914125459447371252053214041996596877313
137,562915150010255538087778895912765580699451523064869154197876060080756935227953217469958592513
45,562898823221816604489684961785396471024879138055668604610863883680889070347027796520175931905
168,562933712920466537734037301408092246877106917812163792195561325210698512454937957172372314113
141,562915150010255538087778895912765580699451523064869154197876060080756935227953217469958592513
122,562915150010255538087778895912765580699451523064869154197876060080756935227953217469958592513
197,562915150010255538087778895912765580699451523064869154197876060080756935227953217469958592513
51,562915150010255538087778895912765580699451523064869154197876060080756935227953217469958592513
175,562915150010255538087778895912765580699451523064869154197876060080756935227953217469958592513
42,562898823221816604489684961785396471024879138055668604610863883680889070347027796520175931905
94,562905734573046675992576551834420688790355780954862386628720280726125966268411616984117552129
111,562898823221816604489684961785396471024879138055668604610863883680889070347027796520175931905
21,1125797646443633208979369923570792942049758276111337209221727767361778140694055593040351863808
104,562898823221816604489684961785396471024879138055668604610863883680889070347027796520175931905
273,562912196865360110381555565692765641331389683388070694914125459447371252053214041996596877313
127,562922323980031948426723846969508661535299583628745902553866437493134866574795569234043738113
124,562933712920466537734037301408092246877106917812163792195561325210698512454937957172372314113
125,562933712920466537734037301408092246877106917812163792195561325210698512454937957172372314113
206,562915150010255538087778895912765580699451523064869154197876060080756935227953217469958592513
157,562915150010255538087778895912765580699451523064869154197876060080756935227953217469958592513
33,562915150010255538087778895912765580699451523064869154197876060080756935227953217469958592513
204,562912196865360110381555565692765641331389683388070694914125459447371252053214041996596877313
169,562933712920466537734037301408092246877106917812163792195561325210698512454937957172372314113
240,562922323980031948426723846969508661535299583628745902553866437493134866574795569234043738113
225,562933712920466537734037301408092246877106917812163792195561325210698512454937957172372314113
117,562915150010255538087778895912765580699451523064869154197876060080756935227953217469958592513
299,562912196865360110381555565692765641331389683388070694914125459447371252053214041996596877313
182,562915150010255538087778895912765580699451523064869154197876060080756935227953217469958592513
107,562898823221816604489684961785396471024879138055668604610863883680889070347027796520175931905
215,562912196865360110381555565692765641331389683388070694914125459447371252053214041996596877313
243,562922323980031948426723846969508661535299583628745902553866437493134866574795569234043738113
202,562922323980031948426723846969508661535299583628745902553866437493134866574795569234043738113
61,562905734573046675992576551834420688790355780954862386628720280726125966268411616984117552129
119,562915150010255538087778895912765580699451523064869154197876060080756935227953217469958592513
132,562912196865360110381555565692765641331389683388070694914125459447371252053214041996596877313
294,562922323980031948426723846969508661535299583628745902553866437493134866574795569234043738113
191,562915150010255538087778895912765580699451523064869154197876060080756935227953217469958592513
241,562912196865360110381555565692765641331389683388070694914125459447371252053214041996596877313
293,562922323980031948426723846969508661535299583628745902553866437493134866574795569234043738113
190,1114639249766505457972158363872170154695758887953452316456609261662541112628214725041302042625
171,562915150010255538087778895912765580699451523064869154197876060080756935227953217469958592513
83,562905734573046675992576551834420688790355780954862386628720280726125966268411616984117552129
36,562905734573046675992576551834420688790355780954862386628720280726125966268411616984117552129
38,562905734573046675992576551834420688790355780954862386628720280726125966268411616984117552129
301,562912196865360110381555565692765641331389683388070694914125459447371252053214041996596877313
1,1125824393730720220763111131385531282662779366776141389828250918894742504106428083993193754624
6,1125824393730720220763111131385531282662779366776141389828250918894742504106428083993193754624
270,562912196865360110381555565692765641331389683388070694914125459447371252053214041996596877313
126,562922323980031948426723846969508661535299583628745902553866437493134866574795569234043738113
49,562915150010255538087778895912765580699451523064869154197876060080756935227953217469958592513
220,562933712920466537734037301408092246877106917812163792195561325210698512454937957172372314113
236,562922323980031948426723846969508661535299583628745902553866437493134866574795569234043738113
91,562905734573046675992576551834420688790355780954862386628720280726125966268411616984117552129
229,562933712920466537734037301408092246877106917812163792195561325210698512454937957172372314113
298,562912196865360110381555565692765641331389683388070694914125459447371252053214041996596877313
179,562915150010255538087778895912765580699451523064869154197876060080756935227953217469958592513
92,562905734573046675992576551834420688790355780954862386628720280726125966268411616984117552129
102,562898823221816604489684961785396471024879138055668604610863883680889070347027796520175931905
184,562915150010255538087778895912765580699451523064869154197876060080756935227953217469958592513
24,1125811469146093351985153103668841377580711561909724773257440561452251932536823233968235104256
98,562905734573046675992576551834420688790355780954862386628720280726125966268411616984117552129
35,562905734573046675992576551834420688790355780954862386628720280726125966268411616984117552129
200,562915150010255538087778895912765580699451523064869154197876060080756935227953217469958592513
14,1125830300020511076175557791825531161398903046129738308395752120161513870455906434939917185024
26,1125797646443633208979369923570792942049758276111337209221727767361778140694055593040351863808
48,562898823221816604489684961785396471024879138055668604610863883680889070347027796520175931905
96,562905734573046675992576551834420688790355780954862386628720280726125966268411616984117552129
64,562905734573046675992576551834420688790355780954862386628720280726125966268411616984117552129
262,562912196865360110381555565692765641331389683388070694914125459447371252053214041996596877313
252,562912196865360110381555565692765641331389683388070694914125459447371252053214041996596877313
278,562949323606803350261366888112950663229138759701985283868012026323975713541562592397904320513
31,562915150010255538087778895912765580699451523064869154197876060080756935227953217469958592513
43,562898823221816604489684961785396471024879138055668604610863883680889070347027796520175931905
166,562915150010255538087778895912765580699451523064869154197876060080756935227953217469958592513
110,562898823221816604489684961785396471024879138055668604610863883680889070347027796520175931905
163,562912196865360110381555565692765641331389683388070694914125459447371252053214041996596877313
8,1125824393730720220763111131385531282662779366776141389828250918894742504106428083993193754624
263,562912196865360110381555565692765641331389683388070694914125459447371252053214041996596877313
180,562912196865360110381555565692765641331389683388070694914125459447371252053214041996596877313
116,562915150010255538087778895912765580699451523064869154197876060080756935227953217469958592513
72,562905734573046675992576551834420688790355780954862386628720280726125966268411616984117552129
187,562915150010255538087778895912765580699451523064869154197876060080756935227953217469958592513
136,562915150010255538087778895912765580699451523064869154197876060080756935227953217469958592513
118,562915150010255538087778895912765580699451523064869154197876060080756935227953217469958592513
170,562922323980031948426723846969508661535299583628745902553866437493134866574795569234043738113
260,562912196865360110381555565692765641331389683388070694914125459447371252053214041996596877313
90,562905734573046675992576551834420688790355780954862386628720280726125966268411616984117552129
155,562949323606803350261366888112950663229138759701985283868012026323975713541562592397904320513
199,562915150010255538087778895912765580699451523064869154197876060080756935227953217469958592513
156,562915150010255538087778895912765580699451523064869154197876060080756935227953217469958592513
282,562949323606803350261366888112950663229138759701985283868012026323975713541562592397904320513
254,562912196865360110381555565692765641331389683388070694914125459447371252053214041996596877313
56,562905734573046675992576551834420688790355780954862386628720280726125966268411616984117552129
15,1125830300020511076175557791825531161398903046129738308395752120161513870455906434939917185024
196,562915150010255538087778895912765580699451523064869154197876060080756935227953217469958592513
167,562915150010255538087778895912765580699451523064869154197876060080756935227953217469958592513
233,562933712920466537734037301408092246877106917812163792195561325210698512454937957172372314113
88,562905734573046675992576551834420688790355780954862386628720280726125966268411616984117552129
78,562905734573046675992576551834420688790355780954862386628720280726125966268411616984117552129
71,562905734573046675992576551834420688790355780954862386628720280726125966268411616984117552129
292,562912196865360110381555565692765641331389683388070694914125459447371252053214041996596877313
186,562915150010255538087778895912765580699451523064869154197876060080756935227953217469958592513
50,562915150010255538087778895912765580699451523064869154197876060080756935227953217469958592513
223,562922323980031948426723846969508661535299583628745902553866437493134866574795569234043738113
44,562898823221816604489684961785396471024879138055668604610863883680889070347027796520175931905
108,562898823221816604489684961785396471024879138055668604610863883680889070347027796520175931905
239,562922323980031948426723846969508661535299583628745902553866437493134866574795569234043738113
10,1125844647960063896853447693939017323070599167257491805107732874986269733149591138468087476224
63,562905734573046675992576551834420688790355780954862386628720280726125966268411616984117552129
285,562912196865360110381555565692765641331389683388070694914125459447371252053214041996596877313
300,562912196865360110381555565692765641331389683388070694914125459447371252053214041996596877313
193,562915150010255538087778895912765580699451523064869154197876060080756935227953217469958592513
272,562912196865360110381555565692765641331389683388070694914125459447371252053214041996596877313
131,562915150010255538087778895912765580699451523064869154197876060080756935227953217469958592513
221,562922323980031948426723846969508661535299583628745902553866437493134866574795569234043738113
174,562915150010255538087778895912765580699451523064869154197876060080756935227953217469958592513
28,1126267659191793764355106616171040823122843361561382446960133512587006447009347331974153605125
231,1115795131653949776296491497853540479829662427752280053187915787869627570391336249777302042625
66,562912196865360110381555565692765641331389683388070694914125459447371252053214041996596877313
194,562915150010255538087778895912765580699451523064869154197876060080756935227953217469958592513
55,562905734573046675992576551834420688790355780954862386628720280726125966268411616984117552129
195,562915150010255538087778895912765580699451523064869154197876060080756935227953217469958592513
57,562933712920466537734037301408092246877106917812163792195561325210698512454937957172372314113
183,562915150010255538087778895912765580699451523064869154197876060080756935227953217469958592513
100,562905734573046675992576551834420688790355780954862386628720280726125966268411616984117552129
22,1125811469146093351985153103668841377580711561909724773257440561452251932536823233968235104256
173,562915150010255538087778895912765580699451523064869154197876060080756935227953217469958592513
86,562905734573046675992576551834420688790355780954862386628720280726125966268411616984117552129
103,562898823221816604489684961785396471024879138055668604610863883680889070347027796520175931905
89,562905734573046675992576551834420688790355780954862386628720280726125966268411616984117552129
80,562905734573046675992576551834420688790355780954862386628720280726125966268411616984117552129
3,1125898647213606700522733776225901326458277519403970567736024052647951427083125184795808641024
289,562949323606803350261366888112950663229138759701985283868012026323975713541562592397904320513
205,562915150010255538087778895912765580699451523064869154197876060080756935227953217469958592513
265,562912196865360110381555565692765641331389683388070694914125459447371252053214041996596877313
185,562915150010255538087778895912765580699451523064869154197876060080756935227953217469958592513
291,562922323980031948426723846969508661535299583628745902553866437493134866574795569234043738113
238,562922323980031948426723846969508661535299583628745902553866437493134866574795569234043738113
69,562905734573046675992576551834420688790355780954862386628720280726125966268411616984117552129
