78,16567564297378516555608715736896347044167665357024228732304654490272856043966242038149559
77,16567564297378516555608715736896347044164362049033864057202524654125862075303000090606361
75,16567564297378516555608715736896347044283090411841831140614785267220748705696159716436287
76,16567564297378516555608715736896347044164362049033864057202524654125862075303000090606361
79,16567564297378516555608715736896347044167665357024228732304654490272856043966242038149559
80,16567564297378516555608715736896347044164362049033864057202524654125862075303000090606361
74,16567564297378516555608715736896347044283090411841831140614785267220748705696159716436287
73,16567564297378516555608715736896347046146721747733891346923475669830844977687734651728425
82,16567564297378516555608715736896347044283090411841831140614785267220748705696159716436287
81,16567564297378516555608715736896347044164362049033864057202524654125862075303000090606361
72,16567564297378516555608715736896347046146721747733891346923475669830844977687734651728425
71,16567564297378516555608715736896347055186016178126319838198711913210818321784118888230871
83,16567564297378516555608715736896347044283090411841831140614785267220748705696159716436287
84,16567564297378516555608715736896347046146721747733891346923475669830844977687734651728425
69,16567564297378516555608715736896346966875678408905060310810381821062805366940705209376841
70,16567564297378516555608715736896347055186016178126319838198711913210818321784118888230871
85,16567564297378516555608715736896347046146721747733891346923475669830844977687734651728425
86,16567564297378516555608715736896347055186016178126319838198711913210818321784118888230871
67,16567564297378516555608715736896345034983922006001589386636387558539304734578370616223103
68,16567564297378516555608715736896346966875678408905060310810381821062805366940705209376841
88,16567564297378516555608715736896346966875678408905060310810381821062805366940705209376841
87,16567564297378516555608715736896347055186016178126319838198711913210818321784118888230871
66,16567564297378516555608715736896345034983922006001589386636387558539304734578370616223103
65,16567564297378516555608715736896332112973875297413666992073977526873690919968636035171705
89,16567564297378516555608715736896346966875678408905060310810381821062805366940705209376841
90,16567564297378516555608715736896345034983922006001589386636387558539304734578370616223103
64,16567564297378516555608715736896332112973875297413666992073977526873690919968636035171705
63,16567564297378516555608715736896383241330569813618983608142307272036185747119544387299895
91,16567564297378516555608715736896345034983922006001589386636387558539304734578370616223103
92,16567564297378516555608715736896332112973875297413666992073977526873690919968636035171705
61,16567564297378516555608715736898290227570942159998713637473548812335689947705376261530041
62,16567564297378516555608715736896383241330569813618983608142307272036185747119544387299895
93,16567564297378516555608715736896332112973875297413666992073977526873690919968636035171705
94,16567564297378516555608715736896383241330569813618983608142307272036185747119544387299895
60,16567564297378516555608715736898290227570942159998713637473548812335689947705376261530041
59,16567564297378516555608715736914740886331338349742489853511445454892654248403528974130687
95,16567564297378516555608715736896383241330569813618983608142307272036185747119544387299895
96,16567564297378516555608715736898290227570942159998713637473548812335689947705376261530041
58,16567564297378516555608715736914740886331338349742489853511445454892654248403528974130687
57,16567564297378516555608715736906290238134706080770495971130457088965389508541042186908937
97,16567564297378516555608715736898290227570942159998713637473548812335689947705376261530041
98,16567564297378516555608715736914740886331338349742489853511445454892654248403528974130687
100,16567564297378516555608715736906290238134706080770495971130457088965389508541042186908937
99,16567564297378516555608715736914740886331338349742489853511445454892654248403528974130687
56,16567564297378516555608715736906290238134706080770495971130457088965389508541042186908937
55,16567564297378516555608715735122621934903976188755440159102846426992642984412252555043031
53,16567564297378516555608715715693488981765986423349743635785212709578545350622099299762025
54,16567564297378516555608715735122621934903976188755440159102846426992642984412252555043031
102,16567564297378516555608715735122621934903976188755440159102846426992642984412252555043031
101,16567564297378516555608715736906290238134706080770495971130457088965389508541042186908937
52,16567564297378516555608715715693488981765986423349743635785212709578545350622099299762025
51,16567564297378516555608715677553713858456525732660187371019831201657732557803028984648383
103,16567564297378516555608715735122621934903976188755440159102846426992642984412252555043031
104,16567564297378516555608715715693488981765986423349743635785212709578545350622099299762025
106,16567564297378516555608715677553713858456525732660187371019831201657732557803028984648383
105,16567564297378516555608715715693488981765986423349743635785212709578545350622099299762025
49,16567564297378516555608717235903211457751749732938685553732608614253595136616040152531161
50,16567564297378516555608715677553713858456525732660187371019831201657732557803028984648383
48,16567564297378516555608717235903211457751749732938685553732608614253595136616040152531161
47,16567564297378516555608738870105366786670906087131766213565786279323423843566630115398583
107,16567564297378516555608715677553713858456525732660187371019831201657732557803028984648383
108,16567564297378516555608717235903211457751749732938685553732608614253595136616040152531161
46,16567564297378516555608738870105366786670906087131766213565786279323423843566630115398583
45,16567564297378516555608825070800628615273386760640868828954880084056717434396951539104089
109,16567564297378516555608717235903211457751749732938685553732608614253595136616040152531161
110,16567564297378516555608738870105366786670906087131766213565786279323423843566630115398583
112,16567564297378516555608825070800628615273386760640868828954880084056717434396951539104089
111,16567564297378516555608738870105366786670906087131766213565786279323423843566630115398583
44,16567564297378516555608825070800628615273386760640868828954880084056717434396951539104089
43,16567564297378516555607585498670138306735857284882499644608198885194764609449964687737791
42,16567564297378516555607585498670138306735857284882499644608198885194764609449964687737791
41,16567564297378516555584623611866910049262292671712517087499735924723808941779398654961897
114,16567564297378516555607585498670138306735857284882499644608198885194764609449964687737791
113,16567564297378516555608825070800628615273386760640868828954880084056717434396951539104089
40,16567564297378516555584623611866910049262292671712517087499735924723808941779398654961897
39,16567564297378516555450284628048487680819342428977929446793068760942979560957517338362583
115,16567564297378516555607585498670138306735857284882499644608198885194764609449964687737791
116,16567564297378516555584623611866910049262292671712517087499735924723808941779398654961897
37,16567564297378516556273812802082394562921893338606753146635861660214047733338201346117513
38,16567564297378516555450284628048487680819342428977929446793068760942979560957517338362583
118,16567564297378516555450284628048487680819342428977929446793068760942979560957517338362583
117,16567564297378516555584623611866910049262292671712517087499735924723808941779398654961897
120,16567564297378516556273812802082394562921893338606753146635861660214047733338201346117513
119,16567564297378516555450284628048487680819342428977929446793068760942979560957517338362583
35,16567564297378516579378361459369502678540289101068841295516044551189408357728142657761535
36,16567564297378516556273812802082394562921893338606753146635861660214047733338201346117513
34,16567564297378516579378361459369502678540289101068841295516044551189408357728142657761535
33,16567564297378516757184052937418636180276267588272844918203011988695212188706983747317049
121,16567564297378516556273812802082394562921893338606753146635861660214047733338201346117513
122,16567564297378516579378361459369502678540289101068841295516044551189408357728142657761535
31,16567564297378516402353933865776004981900982450747415392636784749958055993648287084031543
32,16567564297378516757184052937418636180276267588272844918203011988695212188706983747317049
124,16567564297378516757184052937418636180276267588272844918203011988695212188706983747317049
123,16567564297378516579378361459369502678540289101068841295516044551189408357728142657761535
30,16567564297378516402353933865776004981900982450747415392636784749958055993648287084031543
29,16567564297378494020794555514292084571425510222014170614910006678451751778546043915960825
125,16567564297378516757184052937418636180276267588272844918203011988695212188706983747317049
126,16567564297378516402353933865776004981900982450747415392636784749958055993648287084031543
27,16567564297378274326421253978628323059202976882962057974348994236834694984751948863691391
28,16567564297378494020794555514292084571425510222014170614910006678451751778546043915960825
128,16567564297378494020794555514292084571425510222014170614910006678451751778546043915960825
127,16567564297378516402353933865776004981900982450747415392636784749958055993648287084031543
25,16567564297378050872916754370233081465547721829156907982877432478969734360377851805691337
26,16567564297378274326421253978628323059202976882962057974348994236834694984751948863691391
129,16567564297378494020794555514292084571425510222014170614910006678451751778546043915960825
130,16567564297378274326421253978628323059202976882962057974348994236834694984751948863691391
23,16567564297397777595330963659759573105165270105014237939029530413065611838404683823506903
24,16567564297378050872916754370233081465547721829156907982877432478969734360377851805691337
131,16567564297378274326421253978628323059202976882962057974348994236834694984751948863691391
132,16567564297378050872916754370233081465547721829156907982877432478969734360377851805691337
22,16567564297397777595330963659759573105165270105014237939029530413065611838404683823506903
21,16567564297641557012393424898214381327067418216476918935233509053378746259504662965754025
133,16567564297378050872916754370233081465547721829156907982877432478969734360377851805691337
134,16567564297397777595330963659759573105165270105014237939029530413065611838404683823506903
20,16567564297641557012393424898214381327067418216476918935233509053378746259504662965754025
19,16567564298343495224925222548465268096027212122256004441905644937839251920351466255070271
136,16567564297641557012393424898214381327067418216476918935233509053378746259504662965754025
135,16567564297397777595330963659759573105165270105014237939029530413065611838404683823506903
137,16567564297641557012393424898214381327067418216476918935233509053378746259504662965754025
138,16567564298343495224925222548465268096027212122256004441905644937839251920351466255070271
17,16567564280674277138999072040286710786937016495063018810776313587895700112949908242234521
18,16567564298343495224925222548465268096027212122256004441905644937839251920351466255070271
139,16567564298343495224925222548465268096027212122256004441905644937839251920351466255070271
140,16567564280674277138999072040286710786937016495063018810776313587895700112949908242234521
16,16567564280674277138999072040286710786937016495063018810776313587895700112949908242234521
15,16567563998859240519026883090442566115776653331867985269992952902345073031017744064020151
142,16567563998859240519026883090442566115776653331867985269992952902345073031017744064020151
141,16567564280674277138999072040286710786937016495063018810776313587895700112949908242234521
13,16567562486170484336639150071401983172422094599003452963363650632810851429582576091714585
14,16567563998859240519026883090442566115776653331867985269992952902345073031017744064020151
144,16567562486170484336639150071401983172422094599003452963363650632810851429582576091714585
143,16567563998859240519026883090442566115776653331867985269992952902345073031017744064020151
11,16567572577991292953355435547321025162546965901242735439129202557122972630648767607572863
12,16567562486170484336639150071401983172422094599003452963363650632810851429582576091714585
145,16567562486170484336639150071401983172422094599003452963363650632810851429582576091714585
146,16567572577991292953355435547321025162546965901242735439129202557122972630648767607572863
10,16567572577991292953355435547321025162546965901242735439129202557122972630648767607572863
9,16567820898349599423038444628021664893610597303403142314409849609654595806325819010241737
148,16567820898349599423038444628021664893610597303403142314409849609654595806325819010241737
147,16567572577991292953355435547321025162546965901242735439129202557122972630648767607572863
7,16569318664607785093856324813423880540560600056707537552622058034657208541545005276543271
8,16567820898349599423038444628021664893610597303403142314409849609654595806325819010241737
150,16569318664607785093856324813423880540560600056707537552622058034657208541545005276543271
149,16567820898349599423038444628021664893610597303403142314409849609654595806325819010241737
6,16569318664607785093856324813423880540560600056707537552622058034657208541545005276543271
5,16556942467133957219847127440120604527507387339738678922425610764397524572182906832578385
151,16569318664607785093856324813423880540560600056707537552622058034657208541545005276543271
152,16556942467133957219847127440120604527507387339738678922425610764397524572182906832578385
153,16556942467133957219847127440120604527507387339738678922425610764397524572182906832578385
156,12803058904718310083124481809313232069642260259032553896974018843570817801524636387499859
4,16556942467133957219847127440120604527507387339738678922425610764397524572182906832578385
3,16209224353912717075971738541142869158803221137417784467126991589610575450042958470235443
154,16209224353912717075971738541142869158803221137417784467126991589610575450042958470235443
157,12803058904718310083124481809313232069642260259032553896974018843570817801524636387499859
155,16209224353912717075971738541142869158803221137417784467126991589610575450042958470235443
0,12803058904718310083124481809313232069642260259032553896974018843570817801524636387499859
2,16209224353912717075971738541142869158803221137417784467126991589610575450042958470235443
1,12803058904718310083124481809313232069642260259032553896974018843570817801524636387499859
