81,2965228745442385342605560676351713756733622981740074711855844444517617789812
82,2965228745442385342605560676351713755921825268851677744039104616812762786676
79,2965228745442385342605560676351713756816845226240414572806165988543970569076
80,2965228745442385342605560676351713756733622981740074711855844444517617789812
84,2965228745442385342605560676351713748424666941509180467980012287054046980980
83,2965228745442385342605560676351713755921825268851677744039104616812762786676
78,2965228745442385342605560676351713756816845226240414572806165988543970569076
77,2965228745442385342605560676351713756733622981740074711855844444517617789812
86,2965228745442385342605560676351713674048336410493076128308148449319302622068
85,2965228745442385342605560676351713748424666941509180467980012287054046980980
76,2965228745442385342605560676351713756733622981740074711855844444517617789812
75,2965228745442385342605560676351713755921825268851677744039104616812762786676
88,2965228745442385342605560676351712944651729191554524132265396892232352426868
87,2965228745442385342605560676351713674048336410493076128308148449319302622068
73,2965228745442385342605560676351713748424666941509180467980012287054046980980
74,2965228745442385342605560676351713755921825268851677744039104616812762786676
89,2965228745442385342605560676351712944651729191554524132265396892232352426868
90,2965228745442385342605560676351706370271361511687072220662314644547603164020
72,2965228745442385342605560676351713748424666941509180467980012287054046980980
71,2965228745442385342605560676351713674048336410493076128308148449319302622068
92,2965228745442385342605560676351651225084285315520289910187570180715358088052
91,2965228745442385342605560676351706370271361511687072220662314644547603164020
69,2965228745442385342605560676351712944651729191554524132265396892232352426868
70,2965228745442385342605560676351713674048336410493076128308148449319302622068
68,2965228745442385342605560676351712944651729191554524132265396892232352426868
67,2965228745442385342605560676351706370271361511687072220662314644547603164020
93,2965228745442385342605560676351651225084285315520289910187570180715358088052
94,2965228745442385342605560676351172494829421796648793333271254384960495053684
96,2965228745442385342605560676346461178543385911790725063119745238631955983220
95,2965228745442385342605560676351172494829421796648793333271254384960495053684
66,2965228745442385342605560676351706370271361511687072220662314644547603164020
65,2965228745442385342605560676351651225084285315520289910187570180715358088052
98,2965228745442385342605560676297615840321730664487897488335533686224127421300
97,2965228745442385342605560676346461178543385911790725063119745238631955983220
63,2965228745442385342605560676351172494829421796648793333271254384960495053684
64,2965228745442385342605560676351651225084285315520289910187570180715358088052
99,2965228745442385342605560676297615840321730664487897488335533686224127421300
100,2965228745442385342605560675831587543288006263269277484519826495235780668276
61,2965228745442385342605560676346461178543385911790725063119745238631955983220
62,2965228745442385342605560676351172494829421796648793333271254384960495053684
101,2965228745442385342605560675831587543288006263269277484519826495235780668276
102,2965228745442385342605560671933131993230218582078881309981282921966999595892
60,2965228745442385342605560676346461178543385911790725063119745238631955983220
59,2965228745442385342605560676297615840321730664487897488335533686224127421300
103,2965228745442385342605560671933131993230218582078881309981282921966999595892
104,2965228745442385342605560640771748277510971049948492056337463378624852683636
106,2965228745442385342605560353383834457191795759960151462881893191148545928052
105,2965228745442385342605560640771748277510971049948492056337463378624852683636
57,2965228745442385342605560675831587543288006263269277484519826495235780668276
58,2965228745442385342605560676297615840321730664487897488335533686224127421300
108,2965228745442385342605557230538529189842776717422045120424469349778784676724
107,2965228745442385342605560353383834457191795759960151462881893191148545928052
55,2965228745442385342605560671933131993230218582078881309981282921966999595892
56,2965228745442385342605560675831587543288006263269277484519826495235780668276
54,2965228745442385342605560671933131993230218582078881309981282921966999595892
53,2965228745442385342605560640771748277510971049948492056337463378624852683636
110,2965228745442385342605524526852435723231264200321991401183626219141872905076
109,2965228745442385342605557230538529189842776717422045120424469349778784676724
111,2965228745442385342605524526852435723231264200321991401183626219141872905076
112,2965228745442385342605237036556983690339374634773293469546484340521399380852
52,2965228745442385342605560640771748277510971049948492056337463378624852683636
51,2965228745442385342605560353383834457191795759960151462881893191148545928052
50,2965228745442385342605560353383834457191795759960151462881893191148545928052
49,2965228745442385342605557230538529189842776717422045120424469349778784676724
113,2965228745442385342605237036556983690339374634773293469546484340521399380852
114,2965228745442385342603083647339460152238218457243678410974108254474929597300
47,2965228745442385342605524526852435723231264200321991401183626219141872905076
48,2965228745442385342605557230538529189842776717422045120424469349778784676724
115,2965228745442385342603083647339460152238218457243678410974108254474929597300
116,2965228745442385342585921190639063523278668295489911532641632945873685998452
46,2965228745442385342605524526852435723231264200321991401183626219141872905076
45,2965228745442385342605237036556983690339374634773293469546484340521399380852
118,2965228745442385342400807603618687905012756709367679939371169491039716535156
117,2965228745442385342585921190639063523278668295489911532641632945873685998452
44,2965228745442385342605237036556983690339374634773293469546484340521399380852
43,2965228745442385342603083647339460152238218457243678410974108254474929597300
119,2965228745442385342400807603618687905012756709367679939371169491039716535156
120,2965228745442385340206866123008968795082476354209469752528876488948024503156
41,2965228745442385342585921190639063523278668295489911532641632945873685998452
42,2965228745442385342603083647339460152238218457243678410974108254474929597300
121,2965228745442385340206866123008968795082476354209469752528876488948024503156
122,2965228745442385318593279409205905448438887625054846810675417582778462006132
124,2965228745442385155606483544144464429059195962191421741071625797227054328692
123,2965228745442385318593279409205905448438887625054846810675417582778462006132
39,2965228745442385342400807603618687905012756709367679939371169491039716535156
40,2965228745442385342585921190639063523278668295489911532641632945873685998452
125,2965228745442385155606483544144464429059195962191421741071625797227054328692
126,2965228745442384086077449128061117358855919002633756652813575272358688385908
37,2965228745442385340206866123008968795082476354209469752528876488948024503156
38,2965228745442385342400807603618687905012756709367679939371169491039716535156
35,2965228745442385318593279409205905448438887625054846810675417582778462006132
36,2965228745442385340206866123008968795082476354209469752528876488948024503156
127,2965228745442384086077449128061117358855919002633756652813575272358688385908
128,2965228745442374212667387833149342611500148363012818083473924010533702855540
34,2965228745442385318593279409205905448438887625054846810675417582778462006132
33,2965228745442385155606483544144464429059195962191421741071625797227054328692
129,2965228745442374212667387833149342611500148363012818083473924010533702855540
130,2965228745442240421296235735991832232164788893981329886002420057544516004724
32,2965228745442385155606483544144464429059195962191421741071625797227054328692
31,2965228745442384086077449128061117358855919002633756652813575272358688385908
131,2965228745442240421296235735991832232164788893981329886002420057544516004724
132,2965228745440655212170918275009547512694397688186761943371122867062884752244
30,2965228745442384086077449128061117358855919002633756652813575272358688385908
29,2965228745442374212667387833149342611500148363012818083473924010533702855540
27,2965228745442240421296235735991832232164788893981329886002420057544516004724
28,2965228745442374212667387833149342611500148363012818083473924010533702855540
133,2965228745440655212170918275009547512694397688186761943371122867062884752244
134,2965228745427335080623397814911443344032025995766841531239613263433384774516
26,2965228745442240421296235735991832232164788893981329886002420057544516004724
25,2965228745440655212170918275009547512694397688186761943371122867062884752244
136,2965228745349618368347238469786172141610011584545867246889750751901505617780
135,2965228745427335080623397814911443344032025995766841531239613263433384774516
24,2965228745440655212170918275009547512694397688186761943371122867062884752244
23,2965228745427335080623397814911443344032025995766841531239613263433384774516
137,2965228745349618368347238469786172141610011584545867246889750751901505617780
138,2965228744875994704256396790769171081832209186734411144712150306581090739572
21,2965228745349618368347238469786172141610011584545867246889750751901505617780
22,2965228745427335080623397814911443344032025995766841531239613263433384774516
139,2965228744875994704256396790769171081832209186734411144712150306581090739572
140,2965228738071751207532145853025245597139991583598284100719304444368486201460
20,2965228745349618368347238469786172141610011584545867246889750751901505617780
19,2965228744875994704256396790769171081832209186734411144712150306581090739572
142,2965228631357237173345279968994617827502039543032134462683363049333767299700
141,2965228738071751207532145853025245597139991583598284100719304444368486201460
17,2965228738071751207532145853025245597139991583598284100719304444368486201460
18,2965228744875994704256396790769171081832209186734411144712150306581090739572
143,2965228631357237173345279968994617827502039543032134462683363049333767299700
144,2965227524299029203419092080336414336259503049974563891745141952998528616820
15,2965228631357237173345279968994617827502039543032134462683363049333767299700
16,2965228738071751207532145853025245597139991583598284100719304444368486201460
146,2965220616338469271019628821361323004164662701809130227073399895992654521940
145,2965227524299029203419092080336414336259503049974563891745141952998528616820
14,2965228631357237173345279968994617827502039543032134462683363049333767299700
13,2965227524299029203419092080336414336259503049974563891745141952998528616820
147,2965220616338469271019628821361323004164662701809130227073399895992654521940
148,2965196101693819380648934652992674965245449852404436344837913424465973329844
11,2965220616338469271019628821361323004164662701809130227073399895992654521940
12,2965227524299029203419092080336414336259503049974563891745141952998528616820
149,2965196101693819380648934652992674965245449852404436344837913424465973329844
150,2964967899209121963717142318090192130497018212620976236886840450485156751836
10,2965220616338469271019628821361323004164662701809130227073399895992654521940
9,2965196101693819380648934652992674965245449852404436344837913424465973329844
151,2964967899209121963717142318090192130497018212620976236886840450485156751836
153,2958994160246359295229100763968980894374195477902831148668356017897389162472
152,2958994160246359295229100763968980894374195477902831148668356017897389162472
7,2964967899209121963717142318090192130497018212620976236886840450485156751836
8,2965196101693819380648934652992674965245449852404436344837913424465973329844
156,2191499513380668412699117047031122748360432654762193039501537210037124639402
154,2872249070936366629298578633962538554002389849188454585692269093359456820334
157,2191499513380668412699117047031122748360432654762193039501537210037124639402
155,2872249070936366629298578633962538554002389849188454585692269093359456820334
6,2964967899209121963717142318090192130497018212620976236886840450485156751836
5,2958994160246359295229100763968980894374195477902831148668356017897389162472
4,2958994160246359295229100763968980894374195477902831148668356017897389162472
3,2872249070936366629298578633962538554002389849188454585692269093359456820334
2,2872249070936366629298578633962538554002389849188454585692269093359456820334
1,2191499513380668412699117047031122748360432654762193039501537210037124639402
0,2191499513380668412699117047031122748360432654762193039501537210037124639402
