66,87916324069859635181825495255175017407285540154445686624859566388460355778
59,86578798355062098994745049905931784562018503052434550704811865468664482564
56,87916192297950119927803904504236424545737913866158915967078305689269539864
58,83762501063980339312950852219633097479836057324804707132848678870281215993
67,87921864533260964567072648118144729787738123070615386107786620463444548630
54,87923611646829257917557208953376135414616510434481459586837601766655536450
50,83762501063980339312950852219633097479836057324804707132848678870281215993
51,86578798355062098994745049905931784562018503052434550704811865468664482564
62,87916324069859635181825495255175017407285540154445686624859566388460355778
52,87916192297950119927803904504236424545737913866158915967078305689269539864
63,87921864533260964567072648118144729787738123070615386107786620463444548630
38,83762679046185746889977245864668751533817493804726354617597327012097331175
39,86579003570580137569034231269253624545429405239347111189626813978462479052
46,87916233405422686880211759809556962022320486691777993041323192860215457776
47,87921929517163854582623903614361360494809145192812498578459536410067451609
36,87917097429106497403925942690021588955863180909912679425886947126563984774
86,87964439492076676935828712379240781001109089086838921521705266232025035638
79,86712463894956640603228062597368401394311039032265590485407065292345996746
97,86794742967111373394955777923963673954594259604861313117389165784314664706
84,88087136524462162513722589487479074587053521221536412048019919554024403389
98,43979976915033364464858725783069959618481409895823201446302935202547014785
96,87959953830066728929717451566139919236962819791646402892605870405094029568
75,87960007298342092956039800310439843304752894853775950552171227330749132142
94,67367240273504951407879027800516622546627249521790336015020767148248039081
99,43264997046408001885177246785439025550006325783283944580003776750750848491
89,86529994092816003770354493570878051100012651566567889160007553501501696980
88,84161815990248153724692747303871071492362915909673464833740873489511924433
95,44008563595562775751239027135398490396234364627692537193030782835863236212
85,88017127191125551502478054270796980792468729255385074386061565671726472422
82,87964439492076676935828712379240781001109089086838921521705266232025035638
71,86712463894956640603228062597368401394311039032265590485407065292345996746
93,86794742967111373394955777923963673954594259604861313117389165784314664706
80,84161815990248153724692747303871071492362915909673464833740873489511924433
91,43264997046408001885177246785439025550006325783283944580003776750750848491
81,86529994092816003770354493570878051100012651566567889160007553501501696980
92,87959953830066728929717451566139919236962819791646402892605870405094029568
90,43979976915033364464858725783069959618481409895823201446302935202547014785
74,87934560358675811578660640861634520064827503931798429668471304381381943792
34,87923712213148110949774292230088435065017198254115759569024469364940032694
48,83762420063162725154894406077655039965649105638064686580488289674674034294
57,87921721862907875350604731352030294514835412107493781198711026486352701082
49,86578113153808717185423670705115706818652594469078182879070154967235041184
78,83796406370553325386434855208928546231984765063074578652740260241254642505
87,87948753836064064649103468959706799158096157607902647175663198977909593358
76,87918867324842036041798281190828056606743139175800521605405985407566706042
83,87948753836064064649103468959706799158096157607902647175663198977909593358
72,87918867324842036041798281190828056606743139175800521605405985407566706042
70,83796406370553325386434855208928546231984765063074578652740260241254642505
32,87917097429106497403925942690021588955863180909912679425886947126563984774
31,86579003570580137569034231269253624545429405239347111189626813978462479052
43,87921929517163854582623903614361360494809145192812498578459536410067451609
42,87916233405422686880211759809556962022320486691777993041323192860215457776
30,83762679046185746889977245864668751533817493804726354617597327012097331175
11,86627299321953610516835562706632079754219385243039704452238525021899061890
12,88065940396837651067455073313634972655883828285201042135467624876404863082
1,84078771279000321094186757067511214419489461719448762927417337163168303248
9,84078771279000321094186757067511214419489461719448762927417337163168303248
16,88065940396837651067455073313634972655883828285201042135467624876404863082
19,86627299321953610516835562706632079754219385243039704452238525021899061890
0,83676456005222075840955192526774656785402437615724400308609608981452126978
2,66482187852646536473698515909894564230125511816558354870018160560626111562
6,66482187852646536473698515909894564230125511816558354870018160560626111562
8,83676456005222075840955192526774656785402437615724400308609608981452126978
4,88067904565669891686044632991557276975632235401188848722370252053853756058
5,86772172788015714263948463211182326560720385403494608135886845138986242300
15,87932254692116233049499931179647485606958234741360906337418885557103440946
13,87989589400815413698644581911805388093553855746439437834105185463010132340
3,43994794700407706849322290955902694046776927873219718917052592731505066171
73,87924605253729187551953656070172993160498414897704472456720435541947628920
61,86590597135449311652883595457893840023169968569810453025911524377928862768
60,83764423843031825436400808362169183331244105629804353884048519824409071044
7,43994794700407706849322290955902694046776927873219718917052592731505066171
17,87989589400815413698644581911805388093553855746439437834105185463010132340
26,87929766306933236573270317145318519417001943527422758644927591764779813014
27,87978203229474527989851867956255782505177129815681276538606210130667621154
18,83836895518265195915584952507988385906589703677019955118736775784963873773
41,86578113153808717185423670705115706818652594469078182879070154967235041184
40,83762420063162725154894406077655039965649105638064686580488289674674034294
53,87921721862907875350604731352030294514835412107493781198711026486352701082
14,87961432076617897708239388900421828740981350641965645079628440424736195978
69,86590597135449311652883595457893840023169968569810453025911524377928862768
77,87924605253729187551953656070172993160498414897704472456720435541947628920
68,83764423843031825436400808362169183331244105629804353884048519824409071044
22,87929766306933236573270317145318519417001943527422758644927591764779813014
10,83836895518265195915584952507988385906589703677019955118736775784963873773
23,87978203229474527989851867956255782505177129815681276538606210130667621154
29,86590294189809055367808349549154294953454492898106605691720911387597004196
37,87925642058827876556271130242704786784884330922316580938628549907045918098
28,83767242802075683149000258832808494749229586694410975485243482792779009106
21,86590294189809055367808349549154294953454492898106605691720911387597004196
20,83767242802075683149000258832808494749229586694410975485243482792779009106
33,87925642058827876556271130242704786784884330922316580938628549907045918098
44,87923586580406453798597890222138842118966577439803781854343432041668747818
64,87924211068276933123161191555976508234056020599711165486004718656597650038
35,87913962930039271771913153795071864615493752565626596354031935706375088804
45,87913869687858090501303269116756306544738979785520098552195066460678133568
65,87916465432108283819560633551740141770601285782516191924140260757722083708
55,87913983052432979565686922085705125922671968444718246597544549019528287118
24,87925875394473403793674277077848660238100412604049881849555142842078206066
25,87915861445292720985336582147042759851915169463357670006233255909185804044
