54,52445901046683519382109282482627978108545407957145289307308036
62,52586949775729677302468887726370387224712564386384413915368898
52,52561034682440485426206927041879359910774808910585392675405992
50,48326725724583803937492202945889523239157350556084307204732769
51,51412478771469262098311096797579753128911001703821188895929856
63,52599249851005051541460006214669843209197351043858658705679791
48,49151369969759414502307575880240705402064912567564960771340402
57,53521003140844291192913661635946846137074971733450957116503020
49,52206146405725895681103791502825980117065451802249500595942955
59,55232800276020010525203931471993008883458760519975209030930435
66,56437929395246647871118678024271590805897986552848992736705580
67,56540517022365604906914735852158998122686428478016639755076108
58,51701373997971533353125801347837322923571770636394651862686750
56,56373475851845374831143028554869839265139374961332747450885106
40,50311235393846304504586579563765003279996851997031482841559100
53,54815716442923048957716473415724021724360957699269599929524051
41,53448661698916709360423430005811386416714953200486172184891897
38,50876844285567967537918106564979457808042651284264672853918184
47,55486803467996749251050184778743003711448367259905497200368233
39,54207390513430331743606763535758432400855926256447545714769446
46,55470607035060297004213857113472300299215579213577940830076166
36,55403869718518952483604084116818705478882389092230073864848278
45,54662607970184124739196975891263007295595871151540756831587577
35,54823001613507367825227682922093951018457548338864826046312748
61,52678974824069621096456615169357892760580042936198639007169620
60,49563251682534239128391076261505646063057326454018947368397632
73,54006209959049754073578608496650191577692676264996213663720846
44,55155814893076723473157039123059071808135682826653522530763733
34,52942563683079013918325871702430632385570453393439436327344934
42,53075600540089149121741732766918007339221006652730266481708384
32,53053570506667250415374735018147162898403558739275133492079173
30,48786997970888713649113418333109317486125503506560652469356640
43,53072576735771831998679937419776441456613557876085151220155897
31,51867752230333025039605837447946814660044114268568165568186033
64,54322601327333954208092510740749692207225567522126832560354533
74,52384143324161893403028506749803639272609719435856167598438588
78,48283458325603986972050577475580621818641945880693458559056052
76,52493432312503994571700004040180164728161185007196266251273313
87,52593442419936427433227499034062073124548149888594174875503917
68,48420432159622872495895078642985675471405397607721874656886008
77,52730440440810666132231761955424589116396828492294369322210275
69,51451512912314704362925609812725686817328080837252925144626269
37,54010055142950726873559272349111853080987302930512585440046496
28,49594477158710205516224287959912193960931007708502257536950320
29,52694656680951982258978996083256106730982973325303921673954837
65,53848316605951408033201352219139214885104637063084950209525300
55,53997324730261255473951742550311365359173438185211605853390601
72,52483257839236807068671135958708507202994220060413830563300864
83,52581217849409027435188679764333878663997602898722022956204280
70,48286653468393378282374819290573693728336308792866586702873340
98,27183262846186685459224096018784054290658683918550892451540911
96,54366525692373370918448192037568108581317367837101784903081820
86,53340755780998027113500008245465025627377414018355430918478348
97,52083073319261425805957070672790154482654150781013585241151012
79,52222838689946426586663622799998805284833484057770827635609381
88,49475021984020411443188375894791062899841526939140197262905849
89,52486659108140152314463415270355406780240063262939990309406294
99,26243329554070076157231707635177703390120031631469995154703148
75,52173079524166516680473367477108946162873435209052641122322498
94,39199861735557545535784210384789090911323308653861611451701411
71,51006495365445609820987110928489587133472821848283743313031316
93,50875373360287211322392467220900335288409016210545121411888014
82,52095690296941908596350839673781391785905813884114988843690938
84,52465935424653890710246031849593998903074736969829327905675503
90,26555558347996522520978802184978527642996467257802538644278847
92,53111116695993045041957604369957055285992934515605077288557692
85,52868013936996466430380267038974284634191210379832187134852582
95,26434006968498233215190133519487142317095605189916093567426292
80,48385729058580330329813705179459296676027460753608213220519585
81,51317590446069767281722720160211638144150613502449781155564720
91,25658795223034883640861360080105819072075306751224890577782361
18,52895358998784813074687173048982019457427878189733532768062747
27,57865482652276141246401762669284037206070923923142043949770511
26,57651481479283620784652384743108984457081441123537252310870016
14,53850371516774620954608049507148667316550277737334462418722626
21,53943099046146616106832669896088702931851238304163392148965405
33,55310698113155619871652769764805223040034625541013750963274405
20,50758403858275872401463219628269928806406951203904316679683128
7,27909639009293181930404093953216333848503406475988895418931636
17,55819278018586363860808187906432667697006812951977790837863270
15,54108418655019879872042791339191267890116369472498084190119018
5,52938764891320069344344410598231025156088267810179432065733797
13,54865547884468310822504687457001296463360158113142124011776202
3,27432773942234155411252343728500648231680079056571062005888102
1,50217246395223175624659758402300304964011804132917192330461073
11,52706941547696866285801936822248711527886569818258057786928787
12,54225540014840661835316196776567364300328528370652845746299640
16,54226743040959873401467476452570577968413385633667602235623654
19,52671515419426333214125930672516142290222722962797438844919115
9,50220518175729053592457994522519921903456806198018694012277341
2,39382719002756587904792784976993421219023165928197721695764303
0,50024871060814223472583514625368355225326649358619016571253394
4,54716000838937464407924294123254619229588166793867850994230216
6,39383101921456594140544890497891141267490310353676767304717492
8,50025873763982990872442647498889095418453377956908931848706714
10,49625594868871465616533054651045437805958600442511283245787203
22,53927075293706414492450388664702851127999578248945190005271223
23,54049772656699220838472540061100414596553103275401949980671785
24,55689412933458868057800793204684347151260576062000779624750790
25,55168557650806301904776935338318637727507494407609378987966912
