199,1029065
200,1029089
198,1029089
197,1029161
201,1029161
196,1029281
202,1029281
195,1029449
194,1029665
203,1029449
193,1029929
204,1029665
205,1029929
192,1030241
191,1030601
206,1030241
207,1030601
190,1031009
208,1031009
189,1031465
209,1031465
188,1031969
210,1031969
187,1032521
211,1032521
186,1033121
185,1033769
212,1033121
213,1033769
184,1034465
214,1034465
183,1035209
215,1035209
182,1036001
216,1036001
217,1036841
181,1036841
180,1037729
218,1037729
179,1038665
219,1038665
220,1039649
178,1039649
177,1040681
221,1040681
176,1041761
222,1041761
223,1042889
175,1042889
224,1044065
174,1044065
173,1045289
225,1045289
172,1046561
226,1046561
171,1047881
227,1047881
170,1049249
228,1049249
169,1050665
229,1050665
168,1052129
230,1052129
167,1053641
231,1053641
166,1055201
232,1055201
233,1056809
165,1056809
164,1058465
163,1060169
234,1058465
235,1060169
162,1061921
236,1061921
161,1063721
237,1063721
160,1065569
238,1065569
159,1067465
240,1069409
158,1069409
239,1067465
157,1071401
241,1071401
156,1073441
242,1073441
155,1075529
243,1075529
154,1077665
244,1077665
153,1079849
245,1079849
152,1082081
246,1082081
151,1084361
247,1084361
150,1086689
248,1086689
249,1089065
250,1091489
147,1093961
149,1089065
251,1093961
148,1091489
146,1096481
252,1096481
145,1099049
144,1101665
253,1099049
143,1104329
255,1104329
254,1101665
256,1107041
142,1107041
257,1109801
141,1109801
258,1112609
259,1115465
139,1115465
140,1112609
138,1118369
137,1121321
260,1118369
261,1121321
136,1124321
262,1124321
263,1127369
135,1127369
134,1130465
264,1130465
132,1136801
133,1133609
131,1140041
266,1136801
265,1133609
267,1140041
130,1143329
268,1143329
129,1146665
128,1150049
269,1146665
127,1153481
126,1156961
270,1150049
272,1156961
271,1153481
125,1160489
273,1160489
124,1164065
274,1164065
123,1167689
122,1171361
120,1178849
276,1171361
121,1175081
275,1167689
279,1182665
119,1182665
280,1186529
278,1178849
281,1190441
117,1190441
118,1186529
277,1175081
116,1194401
282,1194401
283,1198409
114,1202465
115,1198409
113,1206569
284,1202465
285,1206569
112,1210721
286,1210721
111,1214921
288,1219169
287,1214921
110,1219169
289,1223465
109,1223465
108,1227809
290,1227809
107,1232201
291,1232201
106,1236641
292,1236641
105,1241129
293,1241129
104,1245665
294,1245665
103,1250249
295,1250249
102,1254881
101,1259561
100,1264289
297,1259561
296,1254881
99,1269065
98,1273889
299,1269065
97,1278761
298,1264289
301,1278761
300,1273889
96,1283681
95,1288649
302,1283681
94,1293665
304,1293665
93,1298729
303,1288649
92,1303841
305,1298729
306,1303841
91,1309001
90,1314209
89,1319465
307,1309001
308,1314209
88,1324769
309,1319465
87,1330121
310,1324769
86,1335521
312,1335521
84,1346465
85,1340969
311,1330121
313,1340969
314,1346465
83,1352009
82,1357601
315,1352009
316,1357601
81,1363241
80,1368929
317,1363241
79,1374665
318,1368929
78,1380449
319,1374665
320,1380449
77,1386281
321,1386281
76,1392161
75,1398089
74,1404065
323,1398089
322,1392161
324,1404065
73,1410089
72,1416161
71,1422281
326,1416161
325,1410089
70,1428449
69,1434665
327,1422281
328,1428449
330,1440929
329,1434665
67,1447241
68,1440929
331,1447241
66,1453601
65,1460009
332,1453601
64,1466465
333,1460009
63,1472969
334,1466465
61,1486121
60,1492769
337,1486121
58,1506209
338,1492769
59,1499465
336,1479521
335,1472969
62,1479521
339,1499465
57,1513001
340,1506209
55,1526729
341,1513001
56,1519841
342,1519841
54,1533665
53,1540649
343,1526729
344,1533665
345,1540649
52,1547681
51,1554761
346,1547681
50,1561889
347,1554761
49,1569065
348,1561889
349,1569065
47,1583561
48,1576289
46,1590881
350,1576289
351,1583561
45,1598249
352,1590881
44,1605665
353,1598249
354,1605665
42,1620641
43,1613129
41,1628201
355,1613129
40,1635809
356,1620641
39,1643465
357,1628201
358,1635809
38,1651169
359,1643465
360,1651169
37,1658921
36,1666721
361,1658921
35,1674569
362,1666721
34,1682465
32,1698401
364,1682465
363,1674569
365,1690409
31,1706441
33,1690409
367,1706441
366,1698401
30,1714529
368,1714529
29,1722665
28,1730849
369,1722665
27,1739081
370,1730849
26,1747361
371,1739081
25,1755689
372,1747361
373,1755689
23,1772489
24,1764065
374,1764065
22,1780961
21,1789481
376,1780961
375,1772489
20,1798049
377,1789481
19,1806665
18,1815329
378,1798049
379,1806665
17,1824041
16,1832801
381,1824041
380,1815329
382,1832801
13,1859369
384,1850465
383,1841609
14,1850465
15,1841609
385,1859369
12,1868321
386,1868321
11,1877321
10,1886369
387,1877321
9,1895465
388,1886369
8,1904609
389,1895465
7,1913801
390,1904609
6,1923041
391,1913801
5,1932329
392,1923041
393,1932329
4,1941665
3,1951049
2,1960481
394,1941665
1,1969961
395,1951049
0,1577711
396,1960481
399,1973129
397,1969961
398,1577711
