240,10154225972985538451629414553531736904649358775693277324099290055282349866715954402458439112966949221297816178094378033039686720067077342064
88,10154233989440233576785403909537282278555577446010034798709000556675407319270904100923415748673182104926464961187903782777293560412485007401
259,5077112986492769225814707276765868452324679387846638662049645027641174933357977201229219556483474610648908089047189016519843360033538671033
202,9891251530529906615265831501128192022907586882233778644400010087712726847959032365293163427355485474712585553729921868733994520236767873433
353,9108546131153629009381570256580394669517578199678748200131376048584804463230259567737724829543396655315889647357673218445634411654396447146
152,3384741990995179483876471517843912301549786258564425774699763351760783288905318134152813037655649740432605392698126011013228906689025780690
146,6769483981990358967752943035687824603099572517128851549399526703521566577810636268305626075311299480865210785396252022026457813378051561378
65,9331436810104031635833958733949629509211257224161043045938588581647936551313149798153906474492001035397851139724972333759305452967387671373
387,6744353103431229535013888664082629311637400406942437738479881218082012619210462120303482751849970102332492719110893821764654948368902425823
209,4829337218204432360262607490840111672106412069895731461631714296338221984342944586254552806784292742910748479400792292559238267634222036248
258,5077112986492769225814707276765868452324679387846638662049645027641174933357977201229219556483474610648908089047189016519843360033538671033
393,2414668609102216180131303745420055836053206034947865730815857148169110992171472293127276403392146371455374239700396146279619133817111018125
63,9086483762798398031524991455111353403714705610314373063613794897973072315940574315820338763008718886436319439630891056709207797710502251947
64,7450170725844764474276252366970000941298319849084879223398502056829495453184401547039456417030650099810848792421444144063395672233318828567
386,9092666563703365577855534392918836007081123428239386724682282226071515675199279790107047178699779293663521989458628585919951293664204629075
388,7010507200761764072548032123060767204499611603939442831518699680144628023117766165738544624319095857847331869154813410202704871215104829089
380,9025095846529862825173488818520089265833264876558554990100076766425655140413276583575049504658415348877386946148244203188455499957051788118
110,8133226007547899885442116260117944058619977942606730629263093327307940869380780662756769727579825756564111112510844862440648835502028355789
137,8009930960982705323812722523902097271426760764269569505731711366882496205187602244694608160074629879529360924810706399814831308164771594233
121,6759951128972295068420211140438812471612353840159350796932363632003481121998896801738417396718139240162730940846527732588245705863234184362
147,6769397282734569311496320158536414815110920750149645598117669102848242920799885591346353427319614753278013527240083903250050279298574530018
327,8732824023836844448077747987954917867842049558293358373656073364521979429660270493174706297720997725315020218318711096958525200390111045868
201,9994281255847554913454238157199823335998646412510184704389278108894604335151779042085935674925854613330835230674944582059572509760968986808
129,7263486390238598583408986259929629702755597133040456962450007144567613567752541925362702695763288512392627054527898227825025056164776834368
130,9345929872198862952792480361196908847268327546791104082580259097983663239308557835604304793313238287417897537869338737004770070372309106157
128,8921807674164387046232373602195988358938209998474900579219578085731131196098614707200579647767593018664424262126369837456754181471576800221
260,5077047962050926983622240118902311111333190562612234198588251827136182190599914193509765070489711064958510145430062927437537709473930897513
93,10148720500839964874974082677925522230654576008150383312327079492166423256351967580042641589785913185405913388809294868480133376541112841984
218,10154103945122398479340760514843546678010691758388789900079535004632287827667209514799403831294053611194885331961086399538203195232338810240
123,7341167148667759256422626587845467895871356710534755074156997976642118733382774149189841346454522499134335083581459381438120930330084034503
409,8627991444288873132002591614759497269166305836650019528418465481248716400845812286330384995768057460248391575677246270497292940749046078320
389,9255170687752647574057576980425632941003640659822255812255616121563852486987669431243634967608920443314138205039479271910674383110594911083
213,5074360250419982437487041338962761115327288004075191656163539746083211628175983790021320794892956592702956694404647434240066688270556420993
81,9623062545367727770942990909167096154512804166324094280461156638314001331138023011547808012010543772827401372416044792659238780508940293783
241,10154095924101853967244480237804622222666381125224468397176503654272364381199828387019530140979422129917020290860125854875075418947861795024
261,5077047962050926983622240118902311111333190562612234198588251827136182190599914193509765070489711064958510145430062927437537709473930897513
200,10139926693458442602630316710658218707418530760239026195398545448005221682998345202607626095077208860244096411269791598882368558794851276540
257,5069963346729221301315158355329109353709265380119513097699272724002610841499172601303813047538604430122048205634895799441184279397425638271
416,8475150595337821643285564425540490396909705987086619514782206303614323016211213263513358078260282714925859964569728995663672143382545501232
111,7244005827306648540393911236260167508159618104843597192447571444507332976514416879381829210176439114366122719101188438838857401451333054369
245,9658674436408864720525214981680223344212824139791462923263428592676443968685889172509105613568585485821496958801584585118476535268444072488
153,3384698641367284655748160079268207407555460375074822799058834551424121460399942795673176713659807376639006763620041951625025139649287265010
177,10022329485808231385208874032336561922713411737849682687379204852818874294792225172486563417243178713421694805676286599934386130430575023960
267,8754710777036493086833909264431317573001840493549493493254703657921016814650842793115883840223569828517912949041667489742209238323042628812
352,9051983115209930237416059485527449681908496156970189226945145110302733224948823489474734396592087051769920944155197399312517066203683670394
266,8385705830025300716553609424834741512715688036283344347584336625461167262044334573943844579738515876113841141042791253119766447753668935045
330,9050147937568748559487533097005322015012634001525725461768980723365511248814304344483900907378632879743459240938792575020284298035442664088
326,8363649703177437244587846632988840162417995729012973658354529307649719056976307856708159919099234197019370633832396673603894087492184207781
325,8363649703177437244587846632988840162417995729012973658354529307649719056976307856708159919099234197019370633832396673603894087492184207781
322,8961842812211222635096973743313361343397282830303538721769230137903040865301661835461845016160002043283531856021485213615749378712656651106
292,9046582205692633265608428256069944159316978120757491740539587803157494149380766545883727782952865261869361986858379708739904904300516387194
338,9172209327562289456271836974573679152558707834366740963868105371075798118369566462280178235546377776973959316423893458992306371456014110056
411,8678608053696645501026350777278226289775165535415661887520924222601360641678781978482879864960512742907665065426206958285300760705198497330
340,9188453357177495602247420920454119514837523843950900280753485978282336520899988711714354927253195142903582031325460983585132338238427864400
31,7936883431765000034627362511479587757619037793228478702868189320690836418957137038143650244133875086309923621064877511625146186121394515120
385,9255288691111466511403890638168552275516339416313551347183857857963423839772679381750582274328024795910700098463689852307709111630811684203
204,9891128855694969190457964769853249685667757019230402003798737612259361886921191926412232796107156560208039439590387351234101062202811838873
186,10084899509468516109181790510146267642586773490071715322187539884155431838667699262837746144177010723014431420718041885766469971712038472752
306,8794767890068870027777151646237408540496489427543730589823444157678765424988161403678471359680167856143961155742107028089125835740656698720
133,7258903441509288250166262772924927117735022545945181358946862902653917915379470773519979741194607951369422663900350751569175054059271890054
233,10097100343381708778594237577016044191773658480636451523176745241304230466584854238778120917704814693628813313087388856942577820550585190668
150,3378306777914579555623736848592617381806811986758410735824395850305015133595723942595603714041496100493289964114775294334992259907640767062
55,8784044128737387442420674854968335897428179848559261318006234294084615698500530135121195919781446784272221681166725684860506471892398068569
56,7043021928954322716340006351154966691444631086597393872627903854276060357140243434866985286606098173959194445823696170567930731742110619787
57,8770563240739301984267118787063087976059998621516715467196667814871884979238038832915787851150609296682015649687595143788258706883428404837
185,7663068176820915354655810667544736347377790138306493353960109114952095780213218692140476790709336857046978854530207372587351412241284942171
354,8756817078749546795320107185345356419014011943486248305107290050269543149904343028839755446349681352676307953869852146832050169136518761676
339,8808753575742443148334126958170282115921475775636823899892420818052391327381699008078596813259022617777235260424878194630083892932671430632
382,9092781661832517722703276474193275067229127130397158386284818876018850874721318145036272372095008590112455652571893204991954359270313073235
384,7010595034401521410006487908580498931203333706053133693191529350768293792167466078860033071771692098086771008433814259131101105230558514849
103,10124086925462329426196519061925402266871285037955133239522615893283526798536631392516628103283026271492320079711650019576118057757601450117
404,9388377670689543961866169896144976514768006139944923049609258259044360354702513231486763767898669297916167301032946264669037442333095369328
229,9963092591716365698719989936280575424100607912438677579218821045252793100084819907166025275110858068137453327675059304268911981834647772784
136,8010031912729302134657982642089255997819411322093892786545033642318794827854745988822676708796563508392968873356120706647336173463541540713
329,9008115663565748159526882891737711205603589517794120114451489072197630332232067245592056807049480657630487089330012561750865190422300421678
302,8547177023134684969542185547649109893264693338925660783446737004747830842407025519498575576933108193795918808740476554872028816225500282668
33,7337778030486934159431441274563745032323398152451322494530441693520838577990952470445081870677787446893053607457813775965817877388714857328
256,5069963346729221301315158355329109353709265380119513097699272724002610841499172601303813047538604430122048205634895799441184279397425638271
228,9963219035244712667681709046628033846424698618479355648795609432532924852599417014784549097570761306045700301514464644776180337156815708144
395,9388494015510362860464302044136002466848625295648825818647215002636529504304651004208340604114329449142319932543525565255248301779857977808
102,10124216332658808214001761700469904064046012302444704603926203408252365954292636391066954603134967786018729585739808986503176478532544223237
303,8727241895651130183593838024158165964094135737475284369200538150252715454195099245639996078799973898077257211558746726178435855975344791646
379,8989134173764184009764567775589291533307177194419213980264880194731413391564986739688139611423882583211764763914424103324211399664994856406
161,7663499096599278222826140021876643553646216772914507129254828423320970839499969075295949680375649887080021191874534486464543484705416259931
279,8809214729648330838418904707487046990033086971951458333346321432144614683928716694235175123929427824130209620691501313073855397951819513832
294,8757457326803385159243384011372988696943365342691182074486342948234791775785446843673355790769460530761358385563483815344562802022001749196
278,9172544875274071252841153163842767441132701922249015584825013162670786025262803536210008421136228867429864290128251418665915337449920327016
281,9232100428864328956226583529457363562044325073868269852029997071124873269123208114760670045900788512451465424477920290024381995706264404230
83,7852194539936923423972770762885236290321190222172553203491502650661404480931269515910942007417570751588269759436100350711832514561678082569
280,9183222963626494582126399574877656889525015117927244964719968506397435067449745436762686173663956736472855693443994987337302633196270951760
319,8984660924841517019338747075784052016485252605582416513668256873836542393818641975414097881044752630364415472383386975282232698625316679126
237,9549240092864691329443888483413367864205531718714963512147615636198904830548510377583254761057079786422279600775101532508937926789726573026
211,4774620046432345664721944241706683932102765859357481756073807818099452415274255188791627380528539893211139800387550766254468963394863286514
62,9331554272009167398098670089450364544752268435551799770816196798607368117230159314201971308160674852443424507417205419554062032071715179853
45,7616570956786486871874925016498513644621248953861502366646448404080854819088494634735319986657854116918686884418486427729031596420233220565
95,10154103945122398475391636747263257129186246679526637945935177216640178458299590917220451439797389075780037178967991817085441002927676378922
324,8799742438793804706245520227829251000091208690403034282022163220807893202238731908334944926897293082500719013968804020893227833298002783566
408,8678718730628505233492312616371458189126692634390997752351121855165126098469964014159291409873276332808718113951397485431579175657134666930
87,8440077220983363172331334205708199329301196819835958375972925076325226261795409258967209537606377953818496233230747533670582531321019594680
410,8668929460586963543869492669687639945154336358992711060404899267618325754157499293236828790035950315881865525824267435623948798567552375258
244,9658796963092281505491348195179706597306647124946353040365745931148178715010336086651501762832004653074261735781571167653364860261078160168
109,7244097722319211129118511146384779947979985343709764780274309448361134036257752064988626322124003489805696301836178375740023645195808620129
61,7450265267633028608537926260888161962625629874781882893828089022184624724848390815379218166350918306059519564605409860533909914561459661847
60,9086599691503432980604525795502678478349024444148484726331896133285925195376849571753293732804191151960436150031033993792973417956812366507
254,5067460166871869333435605272888926072710217980137616103736593775457522700393585913893405571062244150739934946172162941502488389861461150591
74,9623185788601297184352461678563796868691535591750109917828733715651007587582114471620121289387419839370517324844112487487205504684717700503
238,9214360104393275014376886567162831734825909987689166556706152162087493881074076582516258446529947448414492623704701334861553247531568750817
328,9236138641437942490987537964071302280840312955735835057066075709578607289772122537895387688885937909733388254386276356056713240055588886530
143,7792489985850743034333781282350073508381795552554682691739997469191897628028817304209216300426447263997276599628503050802929377789974689319
406,8628101277545729935950502719800075676523565783307486374190186784499249884523127622496101648613483645193360224214488538252179791614553668080
394,9633398459575918382239836921289904994653852891315537266280862282340288301933497847341839625586512286678339545547096898559041578151005514770
26,7305415653680683554493292932798770416460856662065606323813209393169884398739244341871604938152337947921908274611073454732200573472849291404
119,7336988295946999815650186634917731091872559664995392876284175282495737059472350052253762968122407185900103034380883152534463851474439382983
262,8958778780146326269703194646827389603843424581547032841264052547598641231922240293719743894845266851786527685786172997559199806886310697826
59,6992712705004094141550077714541533328261253898470576571777003576785929587299849910307695105600626058447350051140495913664360897800266086463
24,9878547960420604174308484141188562888839696176735885430514995600939790823240985388096674543911652204832010944744912630355840081856485495427
98,9901833787127453240891416630795988876802919037582014759070245443645876977358681854734860897349545494167791513408684768397919088332407657914
265,8385705830025300716553609424834741512715688036283344347584336625461167262044334573943844579738515876113841141042791253119766447753668935045
122,7341167148667759256422626587845467895871356710534755074156997976642118733382774149189841346454522499134335083581459381438120930330084034503
216,10154233989440233576713049252479433630921321552951882645130419473521313782530450951248507285407903581450294565227689287479557141973070250720
92,10148850476211653360500312719904288667565967462178501449580088533934834957003214562782727762707234666438180151045183833222620256056094092544
219,8998557135811711836448873964568725387757701258735234936334031088609760803521815228380055649678940197867427472306881481094996848778070531057
108,8133325373784836933336206465428539864556390854963835950669152067921141953184378222128692788345398249715414115689250872127405409508394561229
320,9020602126947553220637214967801102515960417858803796855910061365511772657401245633423007750308409294250774105576019395465757663489124420438
392,2414699240773070376372837048794926649326661781236588260091436482787044678752584021662875440708001163268565433945392791913341215065269540045
43,7420610063104340289088737202224192631627913421307033975819307595526247558800448053716564143261585049508611393153604033409448257500452716528
249,4455662193642118138263512849240822310350539678229030024831516784743162792740479510659226789562905611578830991632987689818092183801954659345
117,8911324387284236276527025698481644620701079356458060049663033569486325585480959021318453579125811223157661983265975379636184367603909318688
383,6744438411502391779152302899602193279310513788774260273819798946870335134421561338774402720018199803220061041381138037883754384908406914783
138,6714350439081812893727505758134327054762804381681771082282611760700433115183360355655670014455058253193707512811467334283219809887056753458
223,8031806312766348559673350628364250056727039684733505061195225270115180041763163854616061855765898581020240361181912723916101725859405737826
423,8638417851428571427248945952986507472134540127004422628348413612965151319928176417104823488164373908752661581298994436247470695680582016296
407,8669039895838093107839729165359055061571036700343333889289643667549879927037102463367606541794633408523422958403061049387574152191473212378
402,6727999440111278114480431517701039525280975040197304430730103034512363776857759756416856319538962060480032696571576850996072522199084504714
293,9103361223629865330238504813778895803864180703293256617562496509059178681442573543857190426002598582412920612488659970260596578145908623786
120,7336988295946999815650186634917731091872559664995392876284175282495737059472350052253762968122407185900103034380883152534463851474439382983
208,4829398481546140752745674097589853298653323562473176520182872965574089357505168043325750881416002326537130867890785583826682430130539080088
250,5035762829311359670295629318600745291072103286261328311711958820525324836387520266741752510841293689895280634608600500712414857415292565093
151,3379975564486147534210105570219406235806176920079675398466181816001740560999448400869208698359069620081365470423263866294122852931617092182
17,7424747326316676071828229653487351870162152491128363154491086235968401410125786888316625573041209868144291754300133684273187299443901807675
148,3357175219540906446863752879067163527381402190840885541141305880350216557591680177827835007227529126596853756405733667141609904943528376730
405,7197650755385556192884102491939961581106897714089068789716088251131562568988381059882435031074891152487713124630715390190646190286855514362
230,10071525658622719340591258637201490582144206572522656623423917641050649672775040533483505021682587379790561269217201001424829714830585130184
251,5035762829311359670295629318600745291072103286261328311711958820525324836387520266741752510841293689895280634608600500712414857415292565093
263,8876984117338093999765658483446953905025899959658103324808589829536182001573588385414940939860010935609217074322518200242533516928024641710
264,8796755255993390694582120204466413896125867317570763714590633211636349825564927665983534577485363947998890361716853569420200002867553500494
323,8880010620758339622734410824154661220064313465491840621378752666712190001267043312230275341149822068033791468060184848235964145909477327022
142,7792489985850743034333781282350073508381795552554682691739997469191897628028817304209216300426447263997276599628503050802929377789974689319
368,9045423654303022371753608457726472174742421560577260773022155674101257411555110842148255639892654068421477278896784410748900625705357101894
118,6756613555829159111247473697185234763613623973516821471648791700610030267191447885191207428082992200986579928229550588669984519815281534122
268,9230881103731817837921046137507207489062683298527932383043516774607948304449309967045108931767534727700829218042517362971291359413091145730
227,8761810166346769872471248944386407870639296275798808709505695038156145639771885995295410031235784174505857496352864790554301869155149643114
425,4380905083173384936235624472193203935319648137899404354752847519078072819885942997647705015617892087252928748176432395277150934577574821558
105,7275393684900977310831247809685242857544901767956154049165889037375505744292484087311169734477910249181879010738578196705325616947189674314
125,7263578920128040933989116449766411310957663814167629410354387752966440327115027973663922363559770113463129327716838730613922510203924699968
126,9346047966501922214645304251419727165982139839330679236533849777364634539869921687488193603654865230589631929459299457164351497743679008237
124,8921921889728648821551493845138092313965214131700187856181378973387073026089305424941083869145010039094916540585030291127424389779413392861
195,9902247102454960479071766469223550475055606468770371213109121348771037543235990280413927937194205455423354964884780179163859626075033432256
377,9346965903219650262267494100663998995391093154133195697396035511914273278518056484607551459329486862079844983535824092525094288726583930716
198,9993060426321929949587462643196475138437882994469010271992542690661602500058613917282747959933463792356465226183753921685877110750627565354
341,9237358661048888350585167352384562621102124170244668682662444482963216129132173850898393832115240147679735024075878109620083486186573119750
85,10154233989440233576785403909537282278555577446010034798709000556675407346213750555932902329989346881028555629205379819237947970572348249641
224,8024786807171113309664337648166548657834219827562317147419470939889467341429605719947286313967973315442735483418257687678968683818423866568
422,8632883205088880260702045868728801427354547231515417431554206301100103433887784106226756189188793927090441718500366768347915223598560428764
277,9242506097526433822789517564173388370006592725347310813932848640837846762277208067815737364547624624015452496221090029806462673270891293476
4,7827115306731128445639353138460527633736110788382624258823063704507168625893539873027729880527817605122111743508345780827090909273758946382
365,8937016444604660039264807516512413807763521298423627145999964168408939047994349911474526532118464069380769407927959594609559423392558119963
309,8868143138901147625004712248266610439929680625917351234705532919685238117616458132381180119396881797040175287798795864850298675899239107894
321,8731213948878553462446374610978480051776784287141235543895636742830310602875038866445226183809647733051331131283715146054559482383379600410
282,8819646700974288832835896279119836021698305274714800487688029650238826003601158455658187694393480532891473305652776652814974879794591586512
175,7671296195366778221690125477465433934641117927446805609954597039435518532858669928554619463247674829033124362981811837322784178461339900054
115,7933458601404387065472384929049543379413063465776067949534504556036066088025188501054079191020494944330989779715879567007392584045687092612
247,9916823251755483831840481161311929224266329332220084936918130695045082610031485626317598988775618680413737224644849458759240730057108865760
269,9002987924626247395721134119330364335837163810392838693032215318117781866211323425787581751059766122251275186169682859500698023246863560238
369,8873194075687369933109672141240866345464031059692964118241222319767605728080146496723598130563920641973609642053291666850962305049007033654
376,9344034634729879936808940012394449132062111965283239050579603990799569155629679488529129856750894297367006580486019155542305149840359478982
5,7905313190225863854486587840163552328574472244510690460984301526959383949413234800386421897173918234128914259277518594151263951399259499885
308,9040274678331937765153161591241022063161166167073075797905160205959557524052110685169521963609187275088485199689023134633802593459139988294
307,9047577757916327876444734013785142302512019205433127204426398000074934694893125094613758924527703622181597862127260401282087401905732387158
252,5035698552023151648571470032771149978424482347392629127947947432079683594382877479102228737692453086422857927718850095481611132067099237093
203,10154233989440233576785403909537282278555577446010034798709000556675409597535232614399551886103041592348599446050558635882950165566080556184
301,8938936427968356477863375690211556769074135304482038989422923607506750312192614108094956874504809755776146906545143817222247579277959743958
239,9214246931061923455618318270303017486522763236561161021018257091239764258624674906490809218759891313470580906174314495488617595478822262897
413,8475258441938367126537776758618046373661156594321944471378485725661373520116530672019680139654650459570533250815520605628513510570096374032
25,6984950762768477786022433551339057998940179611521866795591920295883900869260617754761632987787994962002089861585905200983667895641625365634
363,8732212580770052029573696536199278720428133450452013448449379255614604234507911418182050178877823337145241879965703098002531636277612552286
400,8853802514597728963319563451078654198605375411765285311881307462146769264121217768861945069902160091729340766176519340286874655578145593234
192,9104341722923283142689746080445916695566821026782515863045535777527961989569316424273537201330456877997559465461967442906818832907770003085
149,3357132368015434432380980021847433318949654898261752751965298288053122396255251652734819158461635390948571951812566730321074088044732824730
316,9338715678797471077827114477973572153948506963671369949434525277011302731517753845103463346225051932206066344955409689102026158970284660422
312,8932069087327187174618724178937329953449188561163254515294779128934525492065995474275057298564591229127401497690459840930167096810835647420
235,10154233989440233576785403909537282278555577446010034798709000556675423105464124965199449222785209860268862347121631535752963335528474395400
234,5077116994720116788392701954768641139277788723005017399354500278337711552732062482599724611392604930134431173560815767876481667764237197701
144,10154233989440233576785403909537282278555577446010034798709000556675420854142642906732799666671515148948818530276452719107961140534742088869
199,7675665456388425022381327138374519124451426049665303986118052042458890025465045663603528410289895486734671019734337781198650537872852342934
381,8736186896318848451174128448683090610848179422237546776728894932215804926959452476603478116903364100379204877782033793481162111071783916570
342,8824670016144746843536868889155163220800785435400535708594394201152771626394438744051991562878663385731592785563986803493430869933643126992
32,7337865310022803236519367789980022292925824851033122078865900223053542512493381612622335255634962067972906582806654149554495401313116463728
172,4118230882717106829791477005343026551269038138881893897362033825175293529967940553083466353111506559292582251260911725970238642531657727583
318,8236461765434213659582954010686053102538076277763787794724067650350587059935881106166932706223013118585164502521823451940477285063315455164
305,8931929177862370223451353275956960372460657059051707913921592477076395458651374922300423193318793018313179837918900758070545499538577980443
212,5074425238105826680250156359952144333782983731089250724790044266967417478501607281391363881353617333219090075522591916611310128028047046273
417,8688389359630730975686685801778143415153793082618206988875650641768590470794970415265093628160972233859645990023730694539561544526354866066
176,10134920333743738666871210545777852145420435960275232207473187550915045400787171827786811142124488301479869892344325883004976779722922301180
255,5067460166871869333435605272888926072710217980137616103736593775457522700393585913893405571062244150739934946172162941502488389861461150591
366,8799777035271699931465736185249133405321212763663865840299073400704116733345333420714540076259042860983529283005340769223104528536704058720
91,5950093951053290299104288696787157534559797599332050962150878417027049566018891375790559393265371208248242334786909675255544438034265319462
145,10154233989440233576785403909537282278555577446010034798709000556675420850293664841731444440769205895219948434845384713899296224797618768549
1,6910862660140019400773283487542788204083029850711883270841022546834973624908350166573420846502687873885354651441239939577882591179176322072
127,10154233989440233576785403909537282278555577446010034798709000556675411848856714672866201442216736303668643262895737452527952360559812862725
9,7272330505225967542493190025017626265323084769325238519065473691315137094516404595574042042862470556808324443642491325693983660928503577105
421,8598071403449981253840262957934903036693233052973853362524120597670378017088741807636673899154070306705332772642055127244149366186429753392
225,7947802120757685840566981605647765218732480221479140936417569668318547863945839299245978212576163270611400480733916944274847137387773703418
414,8688499672112529089766998268231964908211807660684787418033608100110607274994361014894624918289018792105680625493145016616542287612809767986
270,9044996272368066149644456246604122068877862005022343211956134463915975514780659594042183531003451468566009157430879663607308376306796315288
13,6870547742997171184652838639700347682059705971895869340161842461085492365898686829960324652772366048817410541471510033109582518379241963980
311,8440967006584777685192088947894226321481462751051872976889077135415972077667141232340277499435859420763328130282349637229682073970219129873
41,7270593509793988937404177209229071287490685047404207133846369435140401952530163774736225397447530200184035044486071862719844222769328811167
114,10149508225367149873370150089604519375756514356147141763241520066348139399677842132854036174781877495817012869779735687869184546665540175432
236,9543804326707194902002657629426374867450644246583771232016663852974308619421583159709566325548653599304507534204492990027102820960086688226
210,4771902163353597451001328814713187433725322123291885616008331926487154309710791579854783162774326799652253767102246495013551410480043344114
217,8998671694591850095819025586393567191549495227186830553369150303551047018515063771022681130220178935292782329091175374476406069277977369457
139,6714264736030868864761960043694866637899309796523505503930596576106244792510503305469638316923270781897143903625133460642148176089465649458
140,7792585619627620486833615521192369292608933664849825701473430176584462121870352245028127363818940465928610559552454551015081873412066579879
194,10128557043589754677202711742648699355197356490186134229841303797340820207515754646609036391009734444858104217240757035498684572536270285008
345,8620063910723765917107851035803783810036101231299442903455121295245217847843978459749326535769482424239792576153648662921099560723452664598
104,7275484992394379119030547929112366854246968383554402064858150089011422943138570157132554513801701502510946914245338076048554516455263387914
141,7792585619627620486833615521192369292608933664849825701473430176584462121870352245028127363818940465928610559552454551015081873412066579879
80,8752817066613973423865347879148423982995959824791264156037607472706538981430237398671244493534739623788067688526103295540343217933695618443
79,7034610177576614064366294165036576324545666634271618073630869427388914055422460750254051812567666238939298383433546654667358292355143266247
78,8778695071899533157048418008086679182145412912692653204051935120662285369607672227833811264838868673406700650979188117531686575881188346159
179,4029527965234662382060577038559557985504688994218886253270682241514494321939454956234095247447188298178793284844730656942774412754812626051
336,8059055930469324764121154077119115971009377988437772506541364483028988643878909912468190494894376596357586569689461313885548825509625252100
362,8552045150562074962421497475353237681886259792735318939062327819180237801553902071006923144906644415295709377744164365417442831043536158508
131,10154233989440233576785403909537282278555577446010034798709000556675411829611824347859425312705190035024292785740397426484627781874196261125
248,4453125872686115204350873207826965736142315121407565461740064021603012133028118516555036776726160996084450384822444610307738978877262553105
116,8906251745372230408701746415653931472284630242815130923480128043206024266056237033110073553452321992168900769644889220615477957754525106208
207,3966729300702193532736192464524771689706531732888033974767252278018033044012594250527039595510247472165494889857939783503696292022843546310
243,9769521310102509835060755502098012904872364304984079778631950804153142812250922898441849108469060988161258489669016046296602851719396620029
401,8774342999425119888594270032610915893613473551874012833627674309864962359094105940586887404363346716863573399632607775933296575530306959560
215,10047629613206641596599282466735096972344020814603533452519666837139466979845814297404550937854907800191444272572706521534126131886831837888
403,9633277720113652488016061837641914363432635128008950831002869051307104049028536103404948984077244972023348715108199320518924490520345715410
106,10154233989440233576785403909537282278555577446010034798709000556675418602821160848266150110557820437628774713431273902462958945541009782336
205,10154233989440233576785403909537282278555577446010034798709000556675409574441364224391420530689186069975378873464150604630960671143340634264
396,7197740816431095305560073900539278180863975449932146098771557532425260774963425481519303933737120004955207299713015183128256149092943627962
29,6983568950038911264524002426603870085427593362696736520388527916337105530104977538534488564481534612369188274041791933764054530308193762965
101,9879766645830620076395979540855621945555191190107758644982059888018890395434946602955011268821395972610024393613248848404510517306966285908
40,9540703024705399836782488180145054735451529017705157104302003522264050902816074477232519533693890281954691195902403146441094481520110888953
334,9028336707077242522705302923972640777809277446879444398904933889300692395767222842012263189796397962574483256256310330492173215617317081977
310,8440967006584777685192088947894226321481462751051872976889077135415972077667141232340277499435859420763328130282349637229682073970219129873
191,9955738813620716411938400279057646673491008302353599565611313251925775069194055723524000614742920989679439837253581455470234703358757575924
351,8816415039903642359065219947049529373318294598830823157377723189513102690764207706634265370252897204664995479010774468231623679337624697898
183,8263013638583375424525952756482459428519011628813684766966199269755286229524735595874266844671689537038281513293431511265344682498217639664
332,9204802807244383573652054852109185696906596686426583017611042541920437555051079205918548657211940766656983668878549238763740314550518461690
12,6985253610707747583568883180070632682044851778826068628003852203738155821468381205037699212145488807932448167380008389487413607360153263914
180,9518919391096893607406084967676819859343065341689071119241779308873945768196657994806272987274847425356892305882990425716200510761998618627
335,9042253949337223463174203287903872900042276971307754736014059677400178167855093431490401908003163068487563293902360999063745590239802950196
181,9467889502810296825686783633262302077822067085451933216508318085842497937207799166719764353850042037008932167847471307620435137146217101824
317,9341645278705249508972999569847471080641169129859051917429137105840753058684300063803513936653823712146866216357436758352577943030534205276
174,9987372021889015325344618221778897760652854807658823827347895370381321607269536553063940414337725589833555934335204410083450675982785220394
171,9896610392186997753888133766894172033537803731754936793886673916840982787545108648074085525457020573523871120979138139506828951846053146816
169,7858820004067258660493943836532720324746690428827229166134912985837581929783813130438083115737028941495198757296298445013601112263523211875
304,8574751363463361764635049896577548728968810854203532141981672937482016205110889717048159050830194464594622161985443161271970446825796802676
372,8937156433756267281931514141346218244757088330947606002246240742257000440828861686600655213862662603862305065146034302318646947961538649020
190,10094697725109039977247192614675224830616432210518719651380167721775856091215453586516001239902577397188406893120620394924061487519227381082
360,8624239522908759685766861618153940582910771447842004798631241978565232168229275892019994921537818786272748098776165635463031453425059780980
189,10129136390910908100408910928719709073565027110688555311599934386226489862981916479150725406124761924050472858370795397428725500465196071078
364,8579635196123261027170379778935584349608184979597525046409743281771290489660020179083180148922783988447451793914697907123270207686226810996
193,7863296071089758435192788289335386874249891790224093314257481294020787022839815846499943731469499874172296259482291584174197460928777591395
367,9052730893427098270735155247229820670467546381683866815182495304377850308531552472350595050825945335874837246074059101243184613309206757718
132,7258993264414514312677795068885950286737048194597788365604918904822951086425267793608547835702319864161948750213475399895714513132651432774
232,10097229072831423024696853048907955942721358498342778785265480226771084811133570054342551633187806087214053778775810856009320366195474466508
82,7847724792299709821271834650539858074293920193475473353293761072145428446132958894387782415375644561413186568292902742731704616565047027209
391,1983364650351096766368096232262385844853265866444016987383626139009016522006297125263519797755123736082747444928969891751848146011421773156
284,8308003754354705280275583710863822324312960322027844344669338551455339312077900282811819039419967798870766084971264534097176940466167598320
162,10079158826972085547825023898743409957374969206665714433171636406334423682911670337486007117712805186387810244251515935672391637784512564272
38,7296017387847268204127368841060732079176597342927037433832823447004530141233409684937599697445364799159840739191206041127215605202163183608
359,9049572688993383371732716475182052965163697834595015244492814596106008369458436807294102232029320246016174615345099484656645928030208089342
168,9099159208697807972433185350884036327579924873953543107376317700094337406559641458718197733500451068917399875767465772008755076428851838605
358,8953661935327579948933868139084247046976611615573402150219425180454003228757898554496928737997222211935155249316277318660297612583271225930
398,8774441426477745632645204279057549026083702720811537263777607213386161700133508490054316985122612110383796224732755781475871083576792725160
214,10047753888891828605638594468228706240191597931472937687505786674205669240993662963770531598889661172167059286680222827550800356227638601088
242,9769633926576737440052350190152898036304617906675453468202638346413649178734496710779622990499020570706824890540856019046462078454931325389
371,8445774641068915109003229094322342580478842372755781191074279871067285050358924398073512651322658665641498278965470407693063655139925072913
52,8810020992039392937849980261379722549965571174054716913751519840544288129761517016998956240671117797850001821801911489183901260840091261404
53,6978106028593388623664710477046765581005766805486745204906762883590027617461658837915574080865095154558609384360509781628854911382920435215
54,8713264475441637992346695002745540390384886565170974314542394572432055266766600169914604030359945398436124175396806472432839689551461722642
347,8399957739705052616250404565092145676070711888757856395089968723506501268511265796732770408692328375787383460862140792871285986496881330704
357,8789744775725241480097600451562835818618837909475016136475153608426633455601638389442965779062639471163706994539176712127996558105642768952
331,9371225625375478435380098296029973664421677168880987797345084835743858671810695156194308407807371993573414728647950594685338039015026857813
8,7272416771806180415040832168834153882414949113154211424955990396545380392937346258132429164700696107846739137133780999934634835675243867665
158,8953938775343860481002002071036061021548640207125499577326124258121957444827780418626504075208767163967226235712590851752292692317398568663
350,9315965245319732691625558090193010846617591121114014489490623676427803562134403522263829296224957530160484218963644163774910080706990991012
399,6728077277599515418609645371492452233909435881032281627836472897707278471416136044925866924530084579737991407027441205778356943284545433274
77,8713042572951060201552733980806403728173375699099082973425377720045404648229158130828979755318202100917544758519047317859502578756724264751
76,6980651436745468788468791148700329418674635427094041763990711026481959416223833295772954304649593697897572293327108777935393189490613310075
75,8817340733266832061777113125609725482463370014920096145494996819166716501414747769202772641541432708671361144800830480549335098118170747951
44,7612235334450003137080795962682096563899910468030709688342164066926557755288471772337029002186185106340014321178763168904366772477840076245
253,5035698552023151648571470032771149978424482347392629127947947432079683594382877479102228737692453086422857927718850095481611132067099237093
231,10071397104046303297142940065542299956848964694785258255895894864159367188765754958204457475384906172845715855437700190963222264134198474184
99,9890248883692273514150891035271286091885231317342851262116075035763583630039846667094082469868224941935270748118074178269794987084825469592
27,6989075391586204564978200839930362524304467567563862737444905934104237647879238455186071586839261093116840731518914274915107949308802661909
39,9878783541056902569922938055692096565106383951129468933792913844665338150807274916648965345786908086382093055701356521986711961238877275607
361,8944027685757788432128075423137260106962425833653074052117232245228806403509190375160288715457529546526575765419369080427640509606345607638
300,8619330299884008282472283294012103734734698465340013728904231374544801941318729217467021329995152686876696876336669648709019462466022791540
166,10088951465120739417884092530495386623091656463675171296623475972139247680942418379599872263538775534979398460067901557115340066715972289882
165,10123370527212547407273242895103155582914461112127557858388434652127637472321904355038695208205882501925635147192262085380703733139670464678
344,8312735658331183369586822010447681260878752710663261352894715930786501060207885021902907198531421876232646168882598037330104624993405783280
337,9242210396906151196462263098126547253443870116746939339518261525051069551834546725986803625926911110249631494765437129881965020462650919716
373,8128094333762342178635089118900170017815036391454900022967893176150108064069246941942530408461329680329959072026843936131001128750095242647
188,7436696482427538716265612203597648519573354768321439999865614652383900541707502981621817107058249189070345800970787359215540306647970649165
356,8639616762400546859781709640187728654920605843803177074589406056875974446240956476781862087133252479589130846265685720082137863260167579300
42,7416385988658967397398184499549246438165680268547332941581106413385606275877037140796767564953598932803557752137527392161334221472818683888
107,10154233989440233576785403909537282278555577446010034798709000556675418595123204718263439658753201930171034522569137892045629114066763141696
412,8816713008766646013734704136868184285146591630721709140629896273437134590165502507169848418111690261806482868360884233078450414847239792874
187,7678137657342256878071960275760063479876301322072998651362252001869120452330465635434855091569434589671486534110020870266121449903073675269
197,10003808410784421142935494300184824637310814020252184643652791601415517617315996236236960502721636529636872704033038690622770620000117221712
374,8128094333762342178635089118900170017815036391454900022967893176150108064069246941942530408461329680329959072026843936131001128750095242647
378,8241152921978231745172029028467745822762560875352120366358315037202100811626795222903982766300780894169517524825472935565905112475549859004
196,4120576460989115872586014514233872911381280437676060183179157518601050405813397611451991383150390447084758762412736467782952556237774929503
182,8959038577865493048829129088901582405299485121097888047880807744109580473498933186718779411322553326596390715614578257082364820964798893783
30,7936979759134968468900599601990934633023763641327103988939422588396655594516272158658974515542600369336911778670631423267823712594776773040
283,8622677074506838949005965373118922523083092097075249373499432885362400010580728162232439239194663579419734685116671668261726698082029063586
355,9208797226891398603284986672948492353148627472411507684294047732676547916304093965929430556025307498080529614744081457367543272664044377899
397,8853904272853485965669845501364922798622839870753675612149935307041024575064698848051719444662795139372434623629717726762824877226137661074
346,9100243092153238679775247608794901559981776399790872583729306547608606814411680323508733355708136185609950982079504943489172858086059158078
291,8811396423758451904661366672304192111938398053049612846203406461283014480193347799137719085332546134061892398402461005380397395674985184298
167,9950071653973490654548637577615694332665931551410317019970683477441155873524101612472038279378704013072017641854895350570896669870740495604
348,6708869677317203336032484231264641549720951891883682504415793601854728307303940923038497455141789131251876008689764209776091357936152232060
184,4040174995835822436505154121401002283486179202127542596636348755778471698521694974420003536312147263436657343359182433142779177203010574740
349,8080349991671644873010308242802004566972358404255085193272697511556943397043389948840007072624294526873314686718364866285558354406021149478
343,8627588203719480294875744175353444815498528849003312809779818200926320984799600917547778791571072879277503092624790138604349135171684421026
89,10154233989440233576785403909537282278555577446010034798709000556675414084782284471327430094721194000073206698016644248338294892605051887984
299,9044421351244593228646134521608739037996806029070396942901286430002655947855897690439070944982398354856538948625086088614282057144877145342
298,8948565193381581078062645616649278705793239129684387981671966296543423626775254277239142746976989094648889801457581557652296071749138520650
84,8435272829672817040319669039938408451496610791925603593576934032768282884367262789008566727073403082022556275416610072960802269580111204280
66,10154233989440233576785403909537282278555577446010034798709000556675416351499678789799500554444125726308730896586095085817956750547277475801
67,10154233989440233576785403909537282278555577446010034798709000556675416339952744594795434876737197965122120610292891070191962003335907514841
135,10154103945122398477366198631053401903598469218957713923007356110636233142983400216009927635545721343487461255464539108311822099080007594582
19,10154103945122398473417074863473112354774024140095561968862998322644123773615781618430975244049056808072613102471444525859059906775345163260
178,4104203207237463504558317973689235868537909977805641343045674689160883039715430352066216478789399566565216238508877146537662292940323190055
333,8208406414474927009116635947378471737075819955611282686091349378321766079430860704132432957578799133130432477017754293075324585880646380108
21,6985040219520345320738710456552860537110484056523192804286122889309054018412773752465377289340486275143542079396257215576025506370917960834
290,9310662267479353508975937742818356930584007894911305890300623483804729258013578510426270497353154643345945006497844741783494980276479682212
286,9095062911013769853468766405949735117950275568014690822365104935318732746863237935241091820747250038587553495682432346250027989489100007998
315,6248821180135960149716373057489496140745385052300202735413420047555816337633462096852578695360347156010305497589148123334671177627312636376
313,8123467534176748194631284974736344982969000567990263556037446061822561238923500725908352303968451302813397146865892560335072530915506427287
46,8810133822593050308390494971512417728993221109631634670053684779939039138585936761059523301970470277967388186757159962919197934673727672604
47,6978195397684267914349525984264326620372461657711199673664999196968800029702680381412851970937879898838575145418433361209689511196672393935
48,8713376066827835086938048040453754127021759852339808882064078736415488594724969209680103903612930642458054326874401767377039974662389489362
157,9462500044294037784497045934942861162054272621283087390779561904470072855700928397010292903008394419285932051661646769214950709287913224704
156,9513500884558271365531355176665966340869810986557872200939962186297376381505860259703223680971103367898353382931191911314656523048084148227
275,9037106777674629875914265979259287528813123360362291313075763915625179581131884353147209084117353969768067398759729686755260672769667531316
86,10154233989440233576785403909537282278555577446010034798709000556675414100178196731332850998330431014988687079740916269172954555553545169264
159,8258310038144100202063998605276782288057753710182296801600346889559626828934905771541850419463211000937872230384827856970648923177159130864
173,9998113888217536239546196891983193825192616083680324376661472076089306140213539354964125912576555449616488796142636997335473884203700218192
314,8123467534176748194631284974736344982969000567990263556037446061822561238923500725908352303968451302813397146865892560335072530915506427287
113,7933560205762336168874932371973112153289688409915505758806840561740904682638778203521006023062205297524598119593745233818774843147142144132
246,9916950257202920211093665464966390191612110512394382198508550702176130853298472754401257528827756621905747649492181542273468553933927680160
7,7101895785959278966054430255481780967307856058351846691953254456638225466897638244678452878240755442284770723824572223522675682545148113765
16,9581004567664619777573634559656134065099545517175671705526302593234368247647917384115879148834854102874364885321447674024680632677429788181
285,8615157064605572657513249271080030991593701996451174253037302285567084041294089283711601056102792796932781960669962446774516093102126471958
170,10122791509676437729601314989670398514793911916483509338703063671218169542732293332943644087452194056170685720078093053807787789125533952208
272,9199563107006515011744076652102108800072669568713369373280202739808436708926964655047081355625512738458194035613087368729491487413686809850
2,7827215549143081441360613313781744407786251466306337572411128868530215658182315138815444163546181164305045445476978193040766798606596945742
23,6989164901162481207887581032885710276798493453480894117856685104849811119482515319498165296357292693427252977608318179576199522423190521109
35,9878910059327109409615232035123202908876138873224045350408493073736261974958123271480046099467671188240384037135867529416072010672697429207
97,9890375548799923600490913830508633226382632688347728702747224665628841869628728481647326550999903194019730100544707315377721133123111555992
415,8816601511584379748230433276666852048794219632489784582668095011237137792122619045131882699326434245985932929678008235577004139139776618634
22,7305509214648772826374838871185447918416833897750576184856020456487395292911256425178028835948263535085114925250940162873180795374363088844
289,8075750369858986189527316771478988592412878155227521526224981129327491389873826043418328285856669165975906916736607224655839767096422347558
160,4037875184929493094763658385739494296206439077613760763112490564663745694936913021709164142928334582987953458368303612327919883548211173780
375,6252380256740263214334683937615515398319258762657615402282994750884698510822497647648100314201022831023045440020649181639231637500073263576
134,10154233989440233574738462080337447232838061858569816739637976098178092864544567853810593460010538458748436926377485386174444753662618017302
18,10154233989440233570789287736053474436671542469805684928653089347491651028572801658934765809215808213344721648677077583564219977041713550460
71,8778807501259945199263921142552307693404888447667486530260514828194908119931190822728333251071895380207135005548685773724090305114313576559
73,8752929164552965862610935898502746196083107839248133314804419912917015742747049240573835436510269413332692134990941493966831691623111831243
72,7034700270320072557369808912138712340462901153957196035044093596795989051939644155180323267638713029612930643590378203822502922766585538247
370,8445774641068915109003229094322342580478842372755781191074279871067285050358924398073512651322658665641498278965470407693063655139925072913
112,10149638210827281350358481194523661262871476998881724679869333032167526915864950176495234262993408282307614105980166614035160202017923202632
37,7270686624792451369285739277822500225611988595046295215642234904197833675104598564590670628112216693694758231556714832233812543869630247007
50,7043112129427668122508872631896885029803539114748193121255540001928858538828872426860157320298553056093315482779352060857655957305708468107
49,8784156626603543694007534523850069004004886929840076906636982798827439155461597998147823724393275782786053048793249820595639510937256820889
51,8770675565954784872942813510759875600617159519101764421150180530181724554817426247177118621331912353606219159161892990450032860885135395237
94,10154233989440233572763874908195460834754802164187750834145532722834871946558684756372679634613173336046579287527281484869332365352165783882
163,7673766989056142048049776994029237750871774957902027893066915484386199298645766052837712977607290255557959441242187970756377787282106435589
164,7432463251021726880712432902646420542914152085240581109449367350803967755430540876159165290714602586490281012115030934343397641887409149005
296,8634698786105670053360255053781756472249461490206372257632170400886745446432543971944186145991171898115837844761351768875445515158267373220
274,9023197457602566171995818004243895207317976533469168183032018384217733165003266572412773417400251529237407035686217375273522723562348188537
34,7296110828451111084135907763157835784647570849560621321472908268847007417305062247570234439228505638865064718254067234325912399754238088568
155,4027234214995784773928760450253937792008103552579839068471196176109199427960350103328898606817382950331649848788826899983213620740813153411
276,8054468429991569547857520900507875584016207105159678136942392352218398855920700206657797213634765900663299697577653799966427241481626306820
15,7424842415573824421462059350426431379934701899507344368195782833915854501929529526447793737421869175856136966625307804286088518652828031995
287,8395176185826225465119204719928615737366650952521682260844670887392607554384341277469382612004795111053931865410982599214506290672653142544
297,8784741341240374004334928296642923069034652905245803215723193219025799338092393955454116001183494313333310436587545735317838323111710399032
28,6983658389093806741095163375298927339065027125260489465081598167241836890268123387881030550387246332999960002615226887908916310716194882005
36,9540825213154840621800303991285170136318161140890771333293846094071147463972472604517590493533782962912559483535873188431223086859830838713
100,9879893176691518359613752612595378222238182384409610959466907534423486091719376700523708865768770869983154427632479425351103723858377143508
69,6980740838435567915598832789843467494476657895444688443449115286602635974593908009324085553487927001273750101372235917092814768261374956475
68,8817453657564926144432161793281455243683999333394232183830792204973085718039963117840754787328064525903935570268104342831583636329835090351
70,8713154161495336613722898825187247799064576887002510897615904853120219449387636357887799628617710275063166832778081813792225322996886608431
58,6992802261163697559355370775680645965338869224594045672508850982855824244405277830127307008953704120556163050982786054253973530557473739583
96,9901960600603770080648611970371787367409843157389292896811389392398460942277694303339011603133709245801130101857015481453267137839248230074
20,9878674475673713364798631012988431082724687653176734292143205111758150264300182070353222444294055709563267187097428965419423065279580893827
220,8031909176670300326649292017232940560658096640049075247926843520665733685881929347121435375782383523176686830898802054964682514469559135586
420,8638528484248831572301561662222553813099939804532582850432929867688815090303961790530110378788673738027169421520298027712043397334101670056
288,6705050750743740799327893559189644382349736081469110383994725347354191184831447398348773577878624841081234478711062798838741224132544577660
90,5950170154321752126656199278979834114967266307436629319105130421305678511979083652640754517296653973143448589695308925364081132360356608102
419,8632993767026538494889503828899012471118138405006595454700481538237242321484641528178959613377666246315644917786453169046318732716067547164
221,8024889581175767058274988241094352015257315270075917880324308158176840184218467635155294311580210978611577238897692205459346130566959092168
206,3966780102881168084437466185986556076644844204957752879403420280870452341319389101760503011531102648762299059796872616909387421573571072070
10,6985343071338209810929020434423900170962995515106333000410441240885617821258980249442405145846548691500804289805371584255649814939719145514
271,9365891191366772114037318757130433138812119602959647279857058866853053370058613044684028135780452502283816334957015598020231635620483077973
222,7947903908814088272317037321124897776763487561644301884811768825670466870852583015714142657924719247221376351555329390641593935276288881338
418,8598181519550466537285757581088232330822417913972741169084485615850728267837862979442836613189444673074061770903945726247271374296354384432
11,6870635734581580828490680501528857977091686710754209589690577687124390681019155355878991092975583697309761687916358142268956098383346113740
390,1983390051440584042218733092993278038322422102478876439701710140435226170659694550880251505765551324381149529898436308454693710786785536036
424,4380961189730509088858482251683703020248116825091898273227713079572136556499253752261565562600345687916579364856375449738672964715703018358
226,8761922379461018177716964503367406040496233650183796546455426159144273112998507504523131125200691375833158729712750899477345929431406036714
154,4101866949202223650981637627031151893549551303713342725104060836728839762849684528757623550776234539454837387739908733389090254084569298215
273,8203733898404447301963275254062303787099102607426685450208121673457679525699369057515247101552469078909674775479817466778180508169138596428
14,9581127272258733707401704160113735668111769686635220992449034981298845407633780117158594341214875937537241621123062719681794905884292057301
6,7101986740434219580269568083583022829676922956171100802290277139354833078226083189109191723379730279712038088113336431497346671398643506725
295,9203555252888191131620072824670234312852531583241662585340912615547060715830954267838044198147671612136765357988912865241831826889860503339
3,7905414434123567851027057301690485394706553391212352040537909006712898293964530558603784821145601203660374502082445766474641279866291418285
0,6910951168040386292473706891603109906823665361780946156888925683957231204579742675183801234046086187776211412261998143536538314346169675672
