88,228054444190002247215191360020969745218896607813974697743651102395833740147671958939355077988972164928611858711574975232126654147865837843505545496490
240,228054313903539017452140129142087263441085984406803598379471623777622531478103952719300531719799630111609770592371016841266620571379651629024063138208
389,212700670094586935716515685572147584543097681967885819948651852775276565094868496897781704713986685708434322343914379553768111887350481378375691480126
146,152036209269026011634760086094724842294057322937869065586314415851748354318735968479533687813199753407739847061580677894177747047586434419349375425474
258,114027156951769508726070064571043631720542992203401799189735811888811265739051976359650265859899815055804885296185508420633310285689825814512031569105
259,114027156951769508726070064571043631720542992203401799189735811888811265739051976359650265859899815055804885296185508420633310285689825814512031569105
152,76018104634513005817380043047362421147028661468934532793157207925874177159367984239766843906599876703869923530790338947088873523793217209674687712738
65,211923017613682395107471622456646128398231929729790627839475675075888483970835014304545270036107763137040837756866817640296046526964405130869641687730
202,223269857887149367232217526954502971196928711511477058693377651025544903499889182467785512007705511055620709463980553346903520345201229503098743429986
353,209549358000317202339727317054583447554307218266809157736377352664674846208596135347129728817150592637785487746705902056828539613758712585463955895456
122,175947710045121687824245213031317231391106615240072354778096352798304308331898833284027776520099107173691742009382262336260250889156977617306224193655
388,164837363865186586798531401062858680550723449729717304471902425468278540683840615301739117885233671658916437536671183238565757414616295517747343428635
386,208966405952217397643579745329675817505584505568772318753770586137612766032468487312433719936735823799162646251682152943219523501882650252477609549463
218,228054444190002247215146549259127583234968449850638670309028567765536690830935945166174381198599726875219896311809850993848549143386563959973730371394
93,228011714613116777510010280489970347741723535666795051391116475499139193818690690088743008478369343706264921749225506792873526427000526370272472720032
111,162658595014671860303624483025883862031791908857950242113257462850971282934958515244501309800436949316875997176567387709860065912302126176695511712408
245,216878126686229147071499310701178482709055878477266989484343283801295043913278020326001746400582599089167996235423183613146754549736168235594015616540
186,227077191202490240866118207556321698783266869259778501848026153157843817970641259766884831402518618396024094874054914299928544969033902185897329523532
204,223269857887149367232217526954502971196928711511477058693377651025544903499889182467785512007705511055620709463980553346903520345201229503098743429986
64,175701450589089409355303075791777293593296818393829166036237924173371161374103948771494943509532047144593497392935203017493581532043191334948585181570
63,209789777845162647067381939453677143239525316354742523978571178877973707480299910865152878064341230905844397127051547693194310556162948299093166283302
31,179608183690702648089525866780662076878130467929524389589940464761409752005290953872085831854735049162659763750708803063460273719620093640284045647512
393,54219531671557286767874827675294620677263969619316747371085820950323760978319505081500436600145649772291999058855795903286688637434042058898503904138
83,175393352996838794384773204198662175606959476840262501373190367309065050592110557168739681355245019141003022058012276946242470934202498338548809988006
92,228011714613116777510010280489970347741723535666795051391116475499139193818690690088743008478369343706264921749225506792873526427000526370272472720032
216,228054444190002247215146549259127583234968449850638670309028567765536690830935945166174381198599726875219896311809850993848549143386563959973730371394
110,182581249134230699267942479727381489464624837178010206576861029996653687970756757484959717673419950733936058837842622647170698533283151503118670004798
87,189509498463155968773085853565186559337370166189886034737778909414586258271303360568996306427879414688333864078260037432424627441472072999735368155766
45,170276627840106407145467908642774289452522445304153267199214781591520067710478315719558932792527300580135301048691819394154821571729232304522587490696
130,213354115705747148307172314608142912047413755625064995640945846598957991427827529328315062062295429608430571418245429457850974769529615838560278154388
129,172325197957609020249583457690106566391714399034838341322680337920957974490586858285575795061656500848297639227964841843724286128829326344275340544593
128,207159677236367438589250515912306022930360712781844962407111001564994376796882707198348055968801181036426687123069705509795107608798852555188314155594
209,108439063343114573535749655350589241354527939238633494742171641900647521956639010163000873200291299544583998117711591806573377274868084117797007808274
212,114005857306558388755005140244985173870861767833397525695558237749569596909345345044371504239184671853132460874612753396436763213500263185136236360017
9,163946277636467449776955757767123286549162131904138906629659620476711042016763224258001760400496175770681942595485432372327458118225114205463685020284
81,219519448724620985486581377806201888283878252633147843638366996353577932140461041485680949529450304119056998646615673138328710182033396885194922478432
237,214509759692521156532080731350579338268046341381966217507111733949327300428433758495399274995393023025789612615770277494795947319227577595601675874822
211,107254879846260578266040365675289669134023170690983108753555866974663650214216879247699637497696511512894806307885138747397973659613788797800837937412
74,219519448724620985486581377806201888283878252633147843638366996353577932140461041485680949529450304119056998646615673138328710182033396885194922478432
189,227588361007258483612649445268068407644823188912251885354199073485600280823322316673393324201480819312852929991036137207810780820047107620072577330704
360,201779417693973243762658751106357702865825676646319816410203833453215443612576777968801126122399108138022539289415796448474422968070907205304110731321
190,227183215631246858988988824242379972666796382528623358057911158146519981149207104078324122038088924375783565736592208345138395370169276378937997229311
33,164937299450976800169761295416029757411326921653634178958633142221792354005251825462293055673391142961107374291196705566897599722779466826408559806046
144,228054444190002247215191360020969745218896607813974697743651102395833740149698033961514928922134671523973392975418079137274636985038726804844974655520
62,211923017613682395107471622456646128398231929729790627839475675075888483970835014304545270036107763137040837756866817640296046526964405130869641687730
43,165571246018000682349363692187266161542385548854278756077685267556346331817414047919473391101649168731025020375275899232094102735972707417460401434776
385,212700670094586935716515685572147584543097681967885819948651852775276565094868496897781704713986685708434322343914379553768111887350481378375691480126
369,206546602926331452264025418562376155655677246992649818481873349354301094958895217636513541751825637272629089948493971309806109586958133522242866414747
352,208802911124973222242022505393832380397964099038432391591153557326365070546530702052589097446094783116344441987130129185656247517042895635853862390490
387,160069546553542596935652140521249629320275381082149057825366737172301161528033716916621853861577109240097083132571716437337758466843435767540298801794
324,205358147711620548293772079664488966154721515533780101476072493069339774294398860547560988404521211481273777756331071090302276708056144823123181839296
357,204253428221493263330795600975175370636588003581029398165532179325651100023827309591901332575974493485220928904320887218480997971101627107103361549103
347,196009269901045088662811699104212916450971910637871655672487180819934141643078465189043663766726081728728795178619672756084517088458779727507235546695
214,226223066206655328651417212161962551285518841900681616866993278860292675903306208938107391261344897015652806462471778294110521187124560025971216707200
242,219636642231190889765151881304699076898602272949172598738953085282536570832760451835136110346903925904696006325027627705197557154686433567823229932312
398,202905948310666763021456192583416158903042736252828752634750663117879214183074735560473953076579844887602490609878281335182369571805456608884367591820
397,204552554304532872743022525297732027499771878490706007166760711512318240450711174836216773305190087665341690644239318982410610579914988223421364285542
121,151910615572452672950943068160757847518915064016217505957563154052852965428242480093220891487310333695371733589596986369476737940929313814369872449986
241,228054313903539017452140129142087263441085984406803598379471623777622531478103952719300531719799630111609770592371016841266620571379651629024063138208
261,114027156951769508726070064571043631720542992203401799189735811888811265739051976359650265859899815055804885296185508420633310285689825814512031569105
205,228054444190002247215191360020969745218896607813974697743651102395833740148009638109715053144499249361172114422215492549651317954061319337062117023000
257,113932961679339504713207301120568385639186298012163129468172365539639724071181860069915668615482750271528800192197739777107553455696985360777404337489
200,227865923358679009426414602241136771278372596024326258936344731079279448142363720139831337230965500543057600384395479554215106911393970721554808674976
346,208381475653926002951303404491048735928629392679232510054216799646619623010553921179834097313897637697606201835302445872478756796911603861284867428591
108,182581249134230699267942479727381489464624837178010206576861029996653687970756757484959717673419950733936058837842622647170698533283151503118670004798
384,164837363865186586798531401062858680550723449729717304471902425468278540683840615301739117885233671658916437536671183238565757414616295517747343428635
382,208966405952217397643579745329675817505584505568772318753770586137612766032468487312433719936735823799162646251682152943219523501882650252477609549463
365,207276435675491648154304482483517547756845414861407450327467862068402057300383243200331139031070654411207841763999327144740153070518663190080750841522
383,160069546553542596935652140521249629320275381082149057825366737172301161528033716916621853861577109240097083132571716437337758466843435767540298801794
368,208811141398009223926470761169072952756226044372842246323186118297862709912275330027970608715553905304409357164125009637586725300525846707734661915020
123,175947710045121687824245213031317231391106615240072354778096352798304308331898833284027776520099107173691742009382262336260250889156977617306224193655
366,205100012207460015808919090404527608498564683165419358546283456954022474310224740049745494395224052679093057324102401611015776066656776738464865798323
137,183683212964320046466771343116569602379288196200043414454210569050567563576911055780894201703775426158776707131606198878443324230739613315897064016863
103,227514263493025528711776909427621072369011099033354593076453157918616435284101205348432831035008459542795513446966342273016851031770061452950344486774
404,213904974047152470419267498745522616372947981278737048644368836240006325737595549135748646251047692348072336759901432326030926645689880274110604526516
229,224811091608861606206873187514491931221019682746018219197925844532718402811880802609672271196730239530158760901396652090755374432769093356894441136210
367,208551635284640889540334339845268859495915457545237996764985515844579629558621721271153160227667074273911677592041348966852622325975478145677931258968
267,204538752251660308686571529281514567642805782704100036652260574062550683558654764591375529241033776675799905162809441319271737628116421321588485501071
177,225969307027659531494466725801566114560494499446023878139633083096172428047916939898222644231420984953546456579116721324571601114399538511717175402611
235,228054444190002247215191360020969745218896607813974697743651102395833740150035713131874904077661755956533648686058596454799300791234208298401546182018
234,114027222095001123607595680010484872609448303906987348871825551197916870075017856565937452038830877978266824343029298227399650395617104149200773091010
61,175701450589089409355303075791777293593296818393829166036237924173371161374103948771494943509532047144593497392935203017493581532043191334948585181570
60,209789777845162647067381939453677143239525316354742523978571178877973707480299910865152878064341230905844397127051547693194310556162948299093166283302
203,228054444190002247215191360020969745218896607813974697743651102395833740148009638109715053144499249361172114422215492549651317954061319337062117023000
187,178099537995734826458682623720725129734193260746808467827280598178858355353420492710231590012794595437343303364305044742233821986235811084962049803120
409,203182282290100191569381130709602859846785542171981116673711478326594355700502029940143159746321728677522761045932920137363564901469979585460381405111
326,201106654027452330043508845651608173735785022813592738044757200687891543915893414169622479402783420388104713157512127235632566151712010040185005730387
188,174261392905216646593174740378771924790054045392461962627078147711138657681636232040552941912687314283986820919238128503137454321642248836051409312983
356,202159181902042851408398851216708529493409575426595590823854295838487296046952510514268813440172103702641752211796749347152432841904344829759739053561
419,201292018662693553915715948446493553831433785157804273701789072000078072432218136472012091006220018895195131981287993749950101319276465496386897434997
221,183939097774758043307254857767603391336505751039824000362218713586503860240995835705670312813419439736407260384188438484548377266135549583467025585852
377,213500791518288439028942361578503627262558560499604364281672059017794101795253356769649814804051507846485608026756767300310861137223924709921435680187
198,225032514712349946888745819598299269087450754225821934075812025792911525589383328824743208619562349638846858303664188311767068656061377321918850912939
195,224177772739608136804358757380099761442159906219439180822002269254912003946514797771181402395698290345083492658671503607078092524643143832680681922459
233,227284861626138135970874993538484078640662011489337872066383145453667689747341152500032621788220174197268348633699599132631329838680871604160921951108
133,168565770859919886465426198338979676220671257890913408020775136419500316952728170540120195522131266477686112764872924387074349970133063200157407217582
400,204552554304532872743022525297732027499771878490706007166760711512318240450711174836216773305190087665341690644239318982410610579914988223421364285542
372,207690459594939752393376928403312417893107442284188839125075182179963858298753594834398795919487426330401743086441110592955855559907643027766739298375
340,210694222038103510189754751100317744270610758558850881429594336116324457985162004364011262015278798485837030663998897353668720019394700493128786390302
343,203828077605969812824646502013505423286756823845728236386549869831764478734634270534217805617805950157000503658461167519984040933721248140526567743420
348,163013349213519386695072454747566207530444965791502380463446552540362318214099377077628201265080244534518830509127808400054179240715190219645309906875
142,181600989695434085892963943438886326604310317867444101573108789663669069560799759654190372109221631665903000711651502472744870550597265201015417715075
379,208209770781356322972524698655623210867427742892845768265916084114252729217804739868060594176704274252738544162715576484214852818710197945872082845699
238,208518466284873182268466715132732101829928555642356090102323894140789987313072223181340190289687247144558331751023022213266044596906420524207773473284
264,205358147711620548293772079664488966154721515533780101476072493069339774294398860547560988404521211481273777756331071090302276708056144823123181839296
374,196422437136693390593913450391059562498344485048907779645513786431188543587965274277416558865193447713163666051168752028629718154435341950866681538647
197,225885802707197399183000467949718496873096157806243946592340854395866825126160065419029042694972464870138215958844064832924175877600643243496683769436
201,225969307027659531494466725801566114560494499446023878139633083096172428047916939898222644231420984953546456579116721324571601114399538511717175402611
327,204538752251660308686571529281514567642805782704100036652260574062550683558654764591375529241033776675799905162809441319271737628116421321588485501071
125,172325197957609020249583457690106566391714399034838341322680337920957974490586858285575795061656500848297639227964841843724286128829326344275340544593
126,213354115705747148307172314608142912047413755625064995640945846598957991427827529328315062062295429608430571418245429457850974769529615838560278154388
124,207159677236367438589250515912306022930360712781844962407111001564994376796882707198348055968801181036426687123069705509795107608798852555188314155594
325,201106654027452330043508845651608173735785022813592738044757200687891543915893414169622479402783420388104713157512127235632566151712010040185005730387
338,210140314766548728729188149322814549991744791255724220914162847205246113987356832217158935786035791576487345448208185884533479394009175725159028699074
100,224677773226872931790748747418738868326701847556623110288856090223891643192595840517991058573990917248830588802840566131207791476198018726606696161842
36,217945725700803375048952227929152260983628503185350772584974806756162480156484832469571079783607787331089558051655240582577008735453086554090156343144
28,164681973316880985546121662561452868956282020860351469545236771496318654253592837385654470254278793518577762324423453323365903957304063061667622476622
392,54219531671557286767874827675294620677263969619316747371085820950323760978319505081500436600145649772291999058855795903286688637434042058898503904138
364,200417271827648063471181607229498246821855519109413857757606934734378698500921430939816370732297391512625913757549154102156613856482145956254134452848
193,180021343713689793100130110894169546790014072265745067442380971446781621754403708975809105406356094536919414263751327990222269597507675630545808446217
344,199806368960917197295473946135187300597542619503385243488310521198306211189702754552632938249059475174806213555153169684804595226488935314641827779431
147,152036209269026011634760086094724842294057322937869065586314415851748354318735968479533687813199753407739847061580677894177747047586434419349375425474
370,202294903435873628088931972762871699511598071549829924806680914352410674797269073985757905310808060929251370110228555953746012152146615806102442115259
418,200801343932951665023271296574120554737545289532021573418455157970219600174099626059246412095059095124802101208332860990669210276958305303931644189044
222,182902067335271592752359768444087678084385503457797452104321397092330622629994402299072303651965435038922102974070518998512371916217530312555705429193
403,218359512803783946461707981044655827708065615377066930318576698286329701557022979047818301180341002055323165362365838940195580345014288165939828450150
32,164937299450976800169761295416029757411326921653634178958633142221792354005251825462293055673391142961107374291196705566897599722779466826408559806046
395,213904974047152470419267498745522616372947981278737048644368836240006325737595549135748646251047692348072336759901432326030926645689880274110604526516
102,227514263493025528711776909427621072369011099033354593076453157918616435284101205348432831035008459542795513446966342273016851031770061452950344486774
228,224811091608861606206873187514491931221019682746018219197925844532718402811880802609672271196730239530158760901396652090755374432769093356894441136210
239,208518466284873182268466715132732101829928555642356090102323894140789987313072223181340190289687247144558331751023022213266044596906420524207773473284
263,206308801977905338485875807552986761068076182410551205416901411593709355548766033937040446175231235797387945574409741236834057782309657365760917170770
402,163239120744966161041136331716431517432302319347345311075482379358524698338872936986420422369147286566114534322033091939334358656035294227231403669606
232,227284861626138135970874993538484078640662011489337872066383145453667689747341152500032621788220174197268348633699599132631329838680871604160921951108
132,168565770859919886465426198338979676220671257890913408020775136419500316952728170540120195522131266477686112764872924387074349970133063200157407217582
117,199742948776620743251696444676962331646244229262104503085730080849676224034567843467357803553314851810069306096900952536599926166418605067787813150386
249,99871474388310371625848222338481165823122114631052251542865040424838112017283921733678901776657425905034653048450476268299963083209302533893906575194
71,203676514022898839228215740523055751337622540479259554664957194338816018323219332285059511892829625775602982335502882586900658934780454457974541929829
73,203785631639272476369198669924039976788729563614695684469721911056470521721603294758621613729431451727452401477156684060953524871913302417385136382577
72,166927530777699475082727429579064881953444856524576562116371392099559854390461635568722661002450879689109160316238678567118650159142219977736639219252
416,201537297942452009742359787158577700826333604372230635138789944781765268184699996519042848055164473875297298261739595194674471501604090749681520958556
376,213303878904092873114883596574329959312025005827199284470165406263265955748304879094045391555879942793110679337099872718505374855330247958788089636380
105,168919702666414155571912125464486852005718981087132159753905091950625321567406485060761939031089692204891293488615531333247952853985167059553975632218
337,211051478501071773987612759535637064486079552546191478232322797708647632546987784086743528856680870003208454771614073832045902207636061884716849098746
272,210889497020217231610041509711691705232682526408953981658808053501069559133230215660531515301081990378986265720697132853310585827798583412446298279308
350,212729994145732545905667307570751621654677549245265373780598969843426272012909527197617846376052152521239823935458027301799028366399798230972772939054
405,173426638695695805523780415612316957704463052693411497817380935488241881005085586543539392435349628953295410084202649725350019302800736144713757668930
127,228054444190002247215191360020969745218896607813974697743651102395833740148347317280075028300026333793732370132856009867175981760256800830618688549508
256,113932961679339504713207301120568385639186298012163129468172365539639724071181860069915668615482750271528800192197739777107553455696985360777404337489
90,134222508542103530532398471275480016007372477644099282189459550156752218230676682830231431284206137405942920458050509487414294841532104212389847526485
270,209096061357173340397932088698117929315100952100148715681196777326142778855962439531601302034267409982582200139088256321910433777235332896794946480266
106,228054444190002247215191360020969745218896607813974697743651102395833740149360354791154953766607587091413137264777561819749973178843245311288403129020
417,204720379422582253036689636028520586827269086665436590286693760507743448566980078790930351746372510040593801408515617030179882602124326776884925610476
51,204314156586807849497462232887253057444397396297898438001898855500201400662550403364368079909901205093782177638993009680026859233144368802722431471225
49,203781843600780473350250493120302402081763081464235545260404322683557858420295547198093694527748424287123636417025740107411504095742789668903549343757
50,167203032505474455831820912365151234752078108105740685159129883689142425354122471236948740095545309360062610748984609896729979193389988514687596029408
135,228054444190002247213554676223401443821124341804644508556061080681430323011381742099772166894223238387969175858905060030588096119154678455508193154728
19,228054444190002247210370930151949164993436125712656185050126106513217587372273335966967738285470261413467734953095478104067190070690907446577118721390
415,205884779087884772783552258995311525887654955764985659084661147006951573523655382289279143666606454272641685905218772556383074908580281445081690904335
371,202294903435873628088931972762871699511598071549829924806680914352410674797269073985757905310808060929251370110228555953746012152146615806102442115259
396,173426638695695805523780415612316957704463052693411497817380935488241881005085586543539392435349628953295410084202649725350019302800736144713757668930
279,203442288615953002712824106310954897692596536895625739109620549929564596194324127937789196278756334197119810698356850091857886380934206668477785892006
294,202766416400457056787622880481241150194226744931127137306581497390826643964230802407845972703104844086675071586257508227022812814926306842152681177316
161,175997704603614788148514017881960563655492127745603724458411199787010067647203602231770182338977873654769328381713264044165090505228831662566928822095
182,208278018520651941393528261555541561765456082252668826231587678495170639031169817265301848601097217222490684551114078732532094617560493982448073776786
278,210140314766548728729188149322814549991744791255724220914162847205246113987356832217158935786035791576487345448208185884533479394009175725159028699074
378,192988659022664137541917752320182690663827265331502607175919155162398995841660734588568015297693238782604970714872407298316939701268232844949048225684
196,96494329511332068770958876160091345331913632665751303587959577581199497920830367294284007648846619391302485357436203649158469850634116422474524112843
95,228054444190002247211962803187675304407280233758650346803093593597323955191827539033369952589846749900718455406000269067327643094922792951042655938060
16,218633530538663053910760151515538669336257558731184159303162055911001740152361362898429193438985009452230425730535252912166197054797529616082180283640
7,166399480419990787315360018486240544274249837428845697625226133544991912038151002474476966770520320968811812537756191263619219508689858812828069873422
170,227681115353512317870814437135630763986547227062347864552032962851948670047061987466634105605547666427885593945545329693650500373861779703204665347499
285,203731263771084862486513743950928880530138604075281804568248407805708900337829154319824197701911194757980664840053616146662242738558816938585826720439
23,164576868486791437705699909526828258840491761632593711170348300462235287531847561822584320796356550313878968728437700669603941618249818386265288032953
35,224223763842734935857186307205732422227982453338625872889574548135844484188057332081804155788272910881843893280909171210354017757161430702338505648419
97,224470882492629383945492171526293034650108297559803256030900422735814422258042580275828795345633278857430448652042468259488481890750296760700804797996
17,177494702450265054585185096327366171300008615259162846000909216655487672399985366109792371848752253910962084811744747614559857388400111934109127761752
86,228054444190002247215191360020969745218896607813974697743651102395833740148684996450435003455553418226292625843496527184700645566452282324175260076014
345,203731263771084862486513743950928880530138604075281804568248407805708900337829154319824197701911194757980664840053616146662242738558816938585826720439
194,227681115353512317870814437135630763986547227062347864552032962851948670047061987466634105605547666427885593945545329693650500373861779703204665347499
277,211051478501071773987612759535637064486079552546191478232322797708647632546987784086743528856680870003208454771614073832045902207636061884716849098746
145,228054444190002247215191360020969745218896607813974697743651102395833740149698033961514928922134671523973392975418079137274636985038726804844974655520
113,178963344722804707376531295033973354676496636858799042919279400209002957640902243773641908378941516541257227277400679316552393122042805616519796701976
246,223704180903505884220664118792466693345620796073498803649099250261253697051127804717052385473676895676571534096750849145690491402553507020649745877465
136,183683212964320046466771343116569602379288196200043414454210569050567563576911055780894201703775426158776707131606198878443324230739613315897064016863
363,205087861386148130579222675912689645402062872300707346679736714998219131170464698971228488030149194855198282577123171817150500752905324413277753740480
104,168919702666414155571912125464486852005718981087132159753905091950625321567406485060761939031089692204891293488615531333247952853985167059553975632218
284,199806368960917197295473946135187300597542619503385243488310521198306211189702754552632938249059475174806213555153169684804595226488935314641827779431
208,108439063343114573535749655350589241354527939238633494742171641900647521956639010163000873200291299544583998117711591806573377274868084117797007808274
206,89481672361402353688265647516986677338248318429399521459639700104501478820451121886820954189470758270628613638700339658276196561021402808259898350992
342,204153044595658781922236864206949079588388851172287131602381422620251611302599460633003888861131658477370658069826023181131179125331632511666151115191
381,202768382894471674465903186812388855075507536361895850146524606178379186736717302023097968862856135945221618295353038309077515449198080889886730821051
199,176813720530648453909849624663107547954175567488335664672143733555174495651068296961887258318599487865607703477279574078477166725815678556350014679555
153,76018104634513005817380043047362421147028661468934532793157207925874177159367984239766843906599876703869923530790338947088873523793217209674687712738
66,228054444190002247215191360020969745218896607813974697743651102395833740149022675620794978611080502658852881554137044502225309372647763817731831602518
320,208727284642769233172888347745864267282755810999191901658143702370696340069510553335992717171533577956429540981781432385561951353840935819836585088635
268,211588820714589794310636943598019442357115342241543628457952971432694714032282671349280475949694821207283985894102907838002929466773205906771293324848
1,163259175869544389548823092274103712388523648435021689042904783344253296298180344784964118488358570315066042796902782866318888503392066202663090394172
176,227865923358679009426414602241136771278372596024326258936344731079279448142363720139831337230965500543057600384395479554215106911393970721554808674976
255,113932961679339504713207301120568385639186298012163129468172365539639724071181860069915668615482750271528800192197739777107553455696985360777404337489
148,75445540437133028812742881443088315723466364011891872266385114108694496863593980943206270002286828657853882053626882889974886464734684030508223055942
355,211621135808646618769496969290087072652500181451084770328228884309838553611059061765624162978895272306951917020300468331527838467955288225515695855121
192,209683885008580323155604201210449576875185557235067896040925435421028558044854267348655222073198976099655710895748023080339746646257970404849439657562
138,150891080874266057625485762886176631446932728023783744532770228217388993727187961886412540004573657315707764107253765779949772929469368061016446111882
411,204793226116105917020754088842190176287949849032655523397480730727629210533452056987890593862971498596496458798119636578659439620769933200329228595351
175,176813720530648453909849624663107547954175567488335664672143733555174495651068296961887258318599487865607703477279574078477166725815678556350014679555
321,202768382894471674465903186812388855075507536361895850146524606178379186736717302023097968862856135945221618295353038309077515449198080889886730821051
282,204153044595658781922236864206949079588388851172287131602381422620251611302599460633003888861131658477370658069826023181131179125331632511666151115191
143,181600989695434085892963943438886326604310317867444101573108789663669069560799759654190372109221631665903000711651502472744870550597265201015417715075
359,208968606045622422411546965964531807381468418067501939949218489667236099571132512981513067345324176101194432786436646199883110068785888749031543577299
362,202570684528911958336403011697240920037096993491515725707668538336741043909870065100795657466418011737175025432461583240962338753066763763165364441744
30,179608183690702648089525866780662076878130467929524389589940464761409752005290953872085831854735049162659763750708803063460273719620093640284045647512
269,208487763437509282313175431866810341593303079411902354870471960302345107873657439637146463596564670160597823316338621835661287911876143342731545524816
254,113932961679339504713207301120568385639186298012163129468172365539639724071181860069915668615482750271528800192197739777107553455696985360777404337489
266,201106654027452330043508845651608173735785022813592738044757200687891543915893414169622479402783420388104713157512127235632566151712010040185005730387
244,216878126686229147071499310701178482709055878477266989484343283801295043913278020326001746400582599089167996235423183613146754549736168235594015616540
109,162658595014671860303624483025883862031791908857950242113257462850971282934958515244501309800436949316875997176567387709860065912302126176695511712408
390,44740836180701176844132823758493338669124159214699760729819850052250739410225560943410477094735379135314306819350169829138098280510701404129949175497
280,210694222038103510189754751100317744270610758558850881429594336116324457985162004364011262015278798485837030663998897353668720019394700493128786390302
406,203182282290100191569381130709602859846785542171981116673711478326594355700502029940143159746321728677522761045932920137363564901469979585460381405111
11,162437957474857799965522822731590666508590906069927356977276343673742266574889168036181143990817750212664085407361678140488976377055752337495442537056
410,204594361994695802605858360233588563512794040786456386273747555481184428908134641892467686070165317429108853062658374037308806839168793602385435709325
149,75445540437133028812742881443088315723466364011891872266385114108694496863593980943206270002286828657853882053626882889974886464734684030508223055942
118,151910615572452672950943068160757847518915064016217505957563154052852965428242480093220891487310333695371733589596986369476737940929313814369872449986
166,227183215631246858988988824242379972666796382528623358057911158146519981149207104078324122038088924375783565736592208345138395370169276378937997229311
300,201779417693973243762658751106357702865825676646319816410203833453215443612576777968801126122399108138022539289415796448474422968070907205304110731321
165,227588361007258483612649445268068407644823188912251885354199073485600280823322316673393324201480819312852929991036137207810780820047107620072577330704
361,207421420364180203241241795455352863602561477210070132427532882318168650750177026345724809880841075865809410440190207457995024471669959791529565759844
250,113168310655699543219114322164632473585199546017837808399577671163041745295390971414809405003430242986780823080440324334962329697102026045762334583911
394,218359512803783946461707981044655827708065615377066930318576698286329701557022979047818301180341002055323165362365838940195580345014288165939828450150
424,100739682945061948292636080376008694677308088768617835398576613588590412273008515397208494331979771859867422666674974833672617919817159486807707667741
226,201479365890123896585272160752017389354616177537235670797153227177180824546017030794416988663959543719734845333349949667345235839634318973615415335480
183,187166486978375441307548086822708943231297666598929071855685694358305351659003270069010762444958994903222475063602988705014779799765364362500993921354
139,150891080874266057625485762886176631446932728023783744532770228217388993727187961886412540004573657315707764107253765779949772929469368061016446111882
408,204793226116105917020754088842190176287949849032655523397480730727629210533452056987890593862971498596496458798119636578659439620769933200329228595351
413,201537297942452009742359787158577700826333604372230635138789944781765268184699996519042848055164473875297298261739595194674471501604090749681520958556
22,175002724299576538246054457925165836523244465636036310930518702162419638167060856851914271911937345265251253719681961706080683880632634941856236932753
141,181600989695434085892963943438886326604310317867444101573108789663669069560799759654190372109221631665903000711651502472744870550597265201015417715075
298,207900724435160362059187027648872017910192346751977717123169739140373811247957907703261409455138352826773772949565172343354054000048704283333650819997
217,208255383741161242662731802099982857768588089588293170502739315098530949837958349632423526161517319709827872305750601704681252323449529925839235152822
131,228054444190002247215191360020969745218896607813974697743651102395833740148347317280075028300026333793732370132856009867175981760256800830618688549508
171,224177772739608136804358757380099761442159906219439180822002269254912003946514797771181402395698290345083492658671503607078092524643143832680681922459
317,213500791518288439028942361578503627262558560499604364281672059017794101795253356769649814804051507846485608026756767300310861137223924709921435680187
174,225032514712349946888745819598299269087450754225821934075812025792911525589383328824743208619562349638846858303664188311767068656061377321918850912939
283,203828077605969812824646502013505423286756823845728236386549869831764478734634270534217805617805950157000503658461167519984040933721248140526567743420
316,213303878904092873114883596574329959312025005827199284470165406263265955748304879094045391555879942793110679337099872718505374855330247958788089636380
140,181600989695434085892963943438886326604310317867444101573108789663669069560799759654190372109221631665903000711651502472744870550597265201015417715075
56,167203032505474455831820912365151234752078108105740685159129883689142425354122471236948740095545309360062610748984609896729979193389988514687596029408
55,203781843600780473350250493120302402081763081464235545260404322683557858420295547198093694527748424287123636417025740107411504095742789668903549343757
57,204314156586807849497462232887253057444397396297898438001898855500201400662550403364368079909901205093782177638993009680026859233144368802722431471225
150,75955307786226336475471534080378923759457532008108752978781577026426482714121240046610445743655166847685866794798493184738368970464656907184936224994
34,174859453437995309467385139060523575763273378186003331190833095731423980314759203174147669498456592554671200970453065704616898954156048126692280187293
373,196422437136693390593913450391059562498344485048907779645513786431188543587965274277416558865193447713163666051168752028629718154435341950866681538647
107,228054444190002247215191360020969745218896607813974697743651102395833740149360354791154953766607587091413137264777561819749973178843245311288403129020
185,175997704603614788148514017881960563655492127745603724458411199787010067647203602231770182338977873654769328381713264044165090505228831662566928822095
354,202766416400457056787622880481241150194226744931127137306581497390826643964230802407845972703104844086675071586257508227022812814926306842152681177316
339,203442288615953002712824106310954897692596536895625739109620549929564596194324127937789196278756334197119810698356850091857886380934206668477785892006
407,204594361994695802605858360233588563512794040786456386273747555481184428908134641892467686070165317429108853062658374037308806839168793602385435709325
299,208968606045622422411546965964531807381468418067501939949218489667236099571132512981513067345324176101194432786436646199883110068785888749031543577299
281,211434171071382470489078929901723280841443784496579216682273932479304948830595038780103212442440335317791770922505746015985762895568697230954705217979
21,164493260052962134088988999916158889398524889457693357808526642952323631659580859614874254189212640449250857172121409555078464841082607451071005029924
167,224256257572963391292144851330098634277019867924355939340090639080844120358254600243597867264434693796064469532826581453446396317358409715298607781149
291,203495364456608372594565598935442922554177845569182076964700785892299819053631719349314763393022168796802649164768207384847424773229664688718079867987
412,205884779087884772783552258995311525887654955764985659084661147006951573523655382289279143666606454272641685905218772556383074908580281445081690904335
375,157137949709354712475130760312847649998675588039126223716411029144950834870372219421933247092154758170530932840935001622903774523548273560693345230919
349,189761779310430492688699167157917682409835184676251959575292914285067309250572552105816004169631183836024446044766365836585824318018544871174983529372
184,94880889655215246344349583578958841204917592338125979787646457142533654625286276052908002084815591918012223022383182918292912159009272435587491764687
260,114027156951769508726070064571043631720542992203401799189735811888811265739051976359650265859899815055804885296185508420633310285689825814512031569105
292,208802911124973222242022505393832380397964099038432391591153557326365070546530702052589097446094783116344441987130129185656247517042895635853862390490
293,209549358000317202339727317054583447554307218266809157736377352664674846208596135347129728817150592637785487746705902056828539613758712585463955895456
297,204253428221493263330795600975175370636588003581029398165532179325651100023827309591901332575974493485220928904320887218480997971101627107103361549103
287,196009269901045088662811699104212916450971910637871655672487180819934141643078465189043663766726081728728795178619672756084517088458779727507235546695
25,164493260052962134088988999916158889398524889457693357808526642952323631659580859614874254189212640449250857172121409555078464841082607451071005029924
290,212729994145732545905667307570751621654677549245265373780598969843426272012909527197617846376052152521239823935458027301799028366399798230972772939054
322,207111587085107510364867605011443051345855193445465299659499691468323405824433176478908070233827045613962156498967251813197685065244444100023846143968
286,208381475653926002951303404491048735928629392679232510054216799646619623010553921179834097313897637697606201835302445872478756796911603861284867428591
85,228054444190002247215191360020969745218896607813974697743651102395833740147671958939355077988972164928611858711574975232126654147865837843505545496490
273,192254707336848611974191508497459058208463603685553893743962915933111479659521430031344980271912438366483223554033773278699038410572069768645706566750
154,96127353668424305987095754248729529104231801842776946871981457966555739829760715015672490135956219183241611777016886639349519205286034884322853283376
414,204720379422582253036689636028520586827269086665436590286693760507743448566980078790930351746372510040593801408515617030179882602124326776884925610476
10,164494495603493288342931288086641388033116480225534583456573008928911974841852479091242774277236427655350116938059934986559120240386863033477854983094
162,227077191202490240866118207556321698783266869259778501848026153157843817970641259766884831402518618396024094874054914299928544969033902185897329523532
243,219636642231190889765151881304699076898602272949172598738953085282536570832760451835136110346903925904696006325027627705197557154686433567823229932312
215,226223066206655328651417212161962551285518841900681616866993278860292675903306208938107391261344897015652806462471778294110521187124560025971216707200
401,202905948310666763021456192583416158903042736252828752634750663117879214183074735560473953076579844887602490609878281335182369571805456608884367591820
295,211621135808646618769496969290087072652500181451084770328228884309838553611059061765624162978895272306951917020300468331527838467955288225515695855121
151,75955307786226336475471534080378923759457532008108752978781577026426482714121240046610445743655166847685866794798493184738368970464656907184936224994
156,216154454709665620012855837502092575789512374631162279025138621401788896721274565075691278585948705939134759458413931926698637950540950696912907783672
275,208842879453394758066282361872213161752645190974805741180489856471193516535883068820210028042037624259543666300094563699668095763415964416149091465084
157,215232428761800775540895332538882097682340453521904620748626405304333163500703386374290620687230237626103000553960583450384509476714358214031381273200
420,201192769372882190452742976754198843322954797411832519467858370119050991590501684800534742508939160684610199729743130372023971531163648620433255970832
220,183908138713255912658773701109903830818259218782297169632938213979348806762804534755323946395515420494932503408706474693719686710110943935547778621621
296,202159181902042851408398851216708529493409575426595590823854295838487296046952510514268813440172103702641752211796749347152432841904344829759739053561
164,174261392905216646593174740378771924790054045392461962627078147711138657681636232040552941912687314283986820919238128503137454321642248836051409312983
26,175002724299576538246054457925165836523244465636036310930518702162419638167060856851914271911937345265251253719681961706080683880632634941856236932753
59,164608020257014259565801580966653658169561013467663150289479681095965822699744821593886599263411173631808723029322484322025452626685791692587819453603
24,224225560188256632199045631880373225782937368483626368894276707656252948566147790329961153665723167511318760158548316492668521900176672742629243829827
98,224569840800413008629483375031857532096045740513535746337135822087179521686639676266998188888318767058992357730151540793509485256986225467179687100864
332,210889497020217231610041509711691705232682526408953981658808053501069559133230215660531515301081990378986265720697132853310585827798583412446298279308
425,100739682945061948292636080376008694677308088768617835398576613588590412273008515397208494331979771859867422666674974833672617919817159486807707667741
227,201479365890123896585272160752017389354616177537235670797153227177180824546017030794416988663959543719734845333349949667345235839634318973615415335480
40,217945725700803375048952227929152260983628503185350772584974806756162480156484832469571079783607787331089558051655240582577008735453086554090156343144
101,224677773226872931790748747418738868326701847556623110288856090223891643192595840517991058573990917248830588802840566131207791476198018726606696161842
29,164681973316880985546121662561452868956282020860351469545236771496318654253592837385654470254278793518577762324423453323365903957304063061667622476622
159,187166486978375441307548086822708943231297666598929071855685694358305351659003270069010762444958994903222475063602988705014779799765364362500993921354
265,201106654027452330043508845651608173735785022813592738044757200687891543915893414169622479402783420388104713157512127235632566151712010040185005730387
79,166927530777699475082727429579064881953444856524576562116371392099559854390461635568722661002450879689109160316238678567118650159142219977736639219252
80,203785631639272476369198669924039976788729563614695684469721911056470521721603294758621613729431451727452401477156684060953524871913302417385136382577
78,203676514022898839228215740523055751337622540479259554664957194338816018323219332285059511892829625775602982335502882586900658934780454457974541929829
231,226336621311399086438228644329264947170399092035675616799155342326083490590781942829618810006860485973561646160880648669924659394204052091524669167820
253,113168310655699543219114322164632473585199546017837808399577671163041745295390971414809405003430242986780823080440324334962329697102026045762334583911
315,157137949709354712475130760312847649998675588039126223716411029144950834870372219421933247092154758170530932840935001622903774523548273560693345230919
13,162437957474857799965522822731590666508590906069927356977276343673742266574889168036181143990817750212664085407361678140488976377055752337495442537056
219,208255383741161242662731802099982857768588089588293170502739315098530949837958349632423526161517319709827872305750601704681252323449529925839235152822
4,179961724666810164637957207648632926007322234450851371079206670450883630065508223605097343575502896958562644568206329920970556966624750112422653398708
329,208487763437509282313175431866810341593303079411902354870471960302345107873657439637146463596564670160597823316338621835661287911876143342731545524816
120,175947710045121687824245213031317231391106615240072354778096352798304308331898833284027776520099107173691742009382262336260250889156977617306224193655
351,203495364456608372594565598935442922554177845569182076964700785892299819053631719349314763393022168796802649164768207384847424773229664688718079867987
191,224256257572963391292144851330098634277019867924355939340090639080844120358254600243597867264434693796064469532826581453446396317358409715298607781149
274,208630104234656717034291476111472282189451670718823204655140883525626808869597412196809876219256439264228645014451483282057143038686750766253354578052
134,228054444190002247213554676223401443821124341804644508556061080681430323011381742099772166894223238387969175858905060030588096119154678455508193154728
18,228054444190002247210370930151949164993436125712656185050126106513217587372273335966967738285470261413467734953095478104067190070690907446577118721390
119,175947710045121687824245213031317231391106615240072354778096352798304308331898833284027776520099107173691742009382262336260250889156977617306224193655
358,207900724435160362059187027648872017910192346751977717123169739140373811247957907703261409455138352826773772949565172343354054000048704283333650819997
6,166399480419990787315360018486240544274249837428845697625226133544991912038151002474476966770520320968811812537756191263619219508689858812828069873422
14,218633530538663053910760151515538669336257558731184159303162055911001740152361362898429193438985009452230425730535252912166197054797529616082180283640
335,208842879453394758066282361872213161752645190974805741180489856471193516535883068820210028042037624259543666300094563699668095763415964416149091465084
180,216154454709665620012855837502092575789512374631162279025138621401788896721274565075691278585948705939134759458413931926698637950540950696912907783672
181,215232428761800775540895332538882097682340453521904620748626405304333163500703386374290620687230237626103000553960583450384509476714358214031381273200
328,211588820714589794310636943598019442357115342241543628457952971432694714032282671349280475949694821207283985894102907838002929466773205906771293324848
158,208278018520651941393528261555541561765456082252668826231587678495170639031169817265301848601097217222490684551114078732532094617560493982448073776786
334,208630104234656717034291476111472282189451670718823204655140883525626808869597412196809876219256439264228645014451483282057143038686750766253354578052
306,205100012207460015808919090404527608498564683165419358546283456954022474310224740049745494395224052679093057324102401611015776066656776738464865798323
94,228054444190002247211962803187675304407280233758650346803093593597323955191827539033369952589846749900718455406000269067327643094922792951042655938060
84,189509498463155968773085853565186559337370166189886034737778909414586258271303360568996306427879414688333864078260037432424627441472072999735368155766
312,207690459594939752393376928403312417893107442284188839125075182179963858298753594834398795919487426330401743086441110592955855559907643027766739298375
115,178963344722804707376531295033973354676496636858799042919279400209002957640902243773641908378941516541257227277400679316552393122042805616519796701976
247,223704180903505884220664118792466693345620796073498803649099250261253697051127804717052385473676895676571534096750849145690491402553507020649745877465
313,196422437136693390593913450391059562498344485048907779645513786431188543587965274277416558865193447713163666051168752028629718154435341950866681538647
302,202570684528911958336403011697240920037096993491515725707668538336741043909870065100795657466418011737175025432461583240962338753066763763165364441744
207,89481672361402353688265647516986677338248318429399521459639700104501478820451121886820954189470758270628613638700339658276196561021402808259898350992
179,94993782861512763239280420370942550705835599620849490825957147890148772612661159549711810477342750511357850695804702956596139808876377496644238265264
336,189987565723025526478560840741885101411671199241698981651914295780297545225322319099423620954685501022715701391609405913192279617752754993288476530526
44,170276627840106407145467908642774289452522445304153267199214781591520067710478315719558932792527300580135301048691819394154821571729232304522587490696
42,165571246018000682349363692187266161542385548854278756077685267556346331817414047919473391101649168731025020375275899232094102735972707417460401434776
303,205087861386148130579222675912689645402062872300707346679736714998219131170464698971228488030149194855198282577123171817150500752905324413277753740480
311,202294903435873628088931972762871699511598071549829924806680914352410674797269073985757905310808060929251370110228555953746012152146615806102442115259
252,113168310655699543219114322164632473585199546017837808399577671163041745295390971414809405003430242986780823080440324334962329697102026045762334583911
399,163239120744966161041136331716431517432302319347345311075482379358524698338872936986420422369147286566114534322033091939334358656035294227231403669606
91,134222508542103530532398471275480016007372477644099282189459550156752218230676682830231431284206137405942920458050509487414294841532104212389847526485
276,189987565723025526478560840741885101411671199241698981651914295780297545225322319099423620954685501022715701391609405913192279617752754993288476530526
155,94993782861512763239280420370942550705835599620849490825957147890148772612661159549711810477342750511357850695804702956596139808876377496644238265264
301,207421420364180203241241795455352863602561477210070132427532882318168650750177026345724809880841075865809410440190207457995024471669959791529565759844
309,206546602926331452264025418562376155655677246992649818481873349354301094958895217636513541751825637272629089948493971309806109586958133522242866414747
168,209683885008580323155604201210449576875185557235067896040925435421028558044854267348655222073198976099655710895748023080339746646257970404849439657562
333,192254707336848611974191508497459058208463603685553893743962915933111479659521430031344980271912438366483223554033773278699038410572069768645706566750
178,96127353668424305987095754248729529104231801842776946871981457966555739829760715015672490135956219183241611777016886639349519205286034884322853283376
310,202294903435873628088931972762871699511598071549829924806680914352410674797269073985757905310808060929251370110228555953746012152146615806102442115259
331,213528090781200200133070803811532281814677329704590044657822003981949109310625850644616602750820170388305843535917641764336464951530773471636991251700
3,180571954590005889274797350027210018001206686130533722498235360409324407012354831228301896129673198872791523693162527372900412660959675160417998467921
41,174750436614340675558438533845457012003009912600249458968105625774818949500400712051860261518447423759241166801856413020225514237068647678355541101424
114,228023882199499758751848603872317149269589702928267469107789332511860300404652009774748973063229440626571116478533156533054842655689389559559750013988
0,163259175869544389548823092274103712388523648435021689042904783344253296298180344784964118488358570315066042796902782866318888503392066202663090394172
89,228054444190002247215191360020969745218896607813974697743651102395833740148684996450435003455553418226292625843496527184700645566452282324175260076014
213,114005857306558388755005140244985173870861767833397525695558237749569596909345345044371504239184671853132460874612753396436763213500263185136236360017
163,178099537995734826458682623720725129734193260746808467827280598178858355353420492710231590012794595437343303364305044742233821986235811084962049803120
380,208727284642769233172888347745864267282755810999191901658143702370696340069510553335992717171533577956429540981781432385561951353840935819836585088635
2,179961724666810164637957207648632926007322234450851371079206670450883630065508223605097343575502896958562644568206329920970556966624750112422653398708
37,174750436614340675558438533845457012003009912600249458968105625774818949500400712051860261518447423759241166801856413020225514237068647678355541101424
112,228023882199499758751848603872317149269589702928267469107789332511860300404652009774748973063229440626571116478533156533054842655689389559559750013988
82,175393352996838794384773204198662175606959476840262501373190367309065050592110557168739681355245019141003022058012276946242470934202498338548809988006
54,203446264194284504802108376244002967602883618523013735165937261787581330746702165516922274650295705483121572558888241810824832825922393060897911394171
52,203973657441973553427153412633842058788818388213307700094320026292371051293464577192003872317036449753563008553128727828357639199711844935124030134791
53,166224447545721243190767398946695764454611748981878775039595804944899292328395570820800159293430749023940655488747998033064738671274882885123568486063
308,208811141398009223926470761169072952756226044372842246323186118297862709912275330027970608715553905304409357164125009637586725300525846707734661915020
67,228054444190002247215191360020969745218896607813974697743651102395833740149022675620794978611080502658852881554137044502225309372647763817731831602518
307,208551635284640889540334339845268859495915457545237996764985515844579629558621721271153160227667074273911677592041348966852622325975478145677931258968
262,207111587085107510364867605011443051345855193445465299659499691468323405824433176478908070233827045613962156498967251813197685065244444100023846143968
391,44740836180701176844132823758493338669124159214699760729819850052250739410225560943410477094735379135314306819350169829138098280510701404129949175497
319,208209770781356322972524698655623210867427742892845768265916084114252729217804739868060594176704274252738544162715576484214852818710197945872082845699
289,189761779310430492688699167157917682409835184676251959575292914285067309250572552105816004169631183836024446044766365836585824318018544871174983529372
160,94880889655215246344349583578958841204917592338125979787646457142533654625286276052908002084815591918012223022383182918292912159009272435587491764687
5,180571954590005889274797350027210018001206686130533722498235360409324407012354831228301896129673198872791523693162527372900412660959675160417998467921
8,163946277636467449776955757767123286549162131904138906629659620476711042016763224258001760400496175770681942595485432372327458118225114205463685020284
423,201192769372882190452742976754198843322954797411832519467858370119050991590501684800534742508939160684610199729743130372023971531163648620433255970832
223,183908138713255912658773701109903830818259218782297169632938213979348806762804534755323946395515420494932503408706474693719686710110943935547778621621
46,203973657441973553427153412633842058788818388213307700094320026292371051293464577192003872317036449753563008553128727828357639199711844935124030134791
47,166224447545721243190767398946695764454611748981878775039595804944899292328395570820800159293430749023940655488747998033064738671274882885123568486063
48,203446264194284504802108376244002967602883618523013735165937261787581330746702165516922274650295705483121572558888241810824832825922393060897911394171
77,203368633914156471233194578026175536206738575413102204277055990038184945588851270535889240346559374249464771586349930569028509166504887742557840390442
76,166190796484196715293015871392358412699054298213260593912750043004189661861903841336554665739945652685483550206682389350420564690075121002368521135145
75,203985737905572268420813119349945364556725831772441775839115487410351728672214230334254014665928950510641618183847541952961748528697568940665116799776
251,113168310655699543219114322164632473585199546017837808399577671163041745295390971414809405003430242986780823080440324334962329697102026045762334583911
230,226336621311399086438228644329264947170399092035675616799155342326083490590781942829618810006860485973561646160880648669924659394204052091524669167820
341,211434171071382470489078929901723280841443784496579216682273932479304948830595038780103212442440335317791770922505746015985762895568697230954705217979
271,213528090781200200133070803811532281814677329704590044657822003981949109310625850644616602750820170388305843535917641764336464951530773471636991251700
210,107254879846260578266040365675289669134023170690983108753555866974663650214216879247699637497696511512894806307885138747397973659613788797800837937412
236,214509759692521156532080731350579338268046341381966217507111733949327300428433758495399274995393023025789612615770277494795947319227577595601675874822
305,207276435675491648154304482483517547756845414861407450327467862068402057300383243200331139031070654411207841763999327144740153070518663190080750841522
314,196422437136693390593913450391059562498344485048907779645513786431188543587965274277416558865193447713163666051168752028629718154435341950866681538647
173,225885802707197399183000467949718496873096157806243946592340854395866825126160065419029042694972464870138215958844064832924175877600643243496683769436
288,163013349213519386695072454747566207530444965791502380463446552540362318214099377077628201265080244534518830509127808400054179240715190219645309906875
318,192988659022664137541917752320182690663827265331502607175919155162398995841660734588568015297693238782604970714872407298316939701268232844949048225684
172,96494329511332068770958876160091345331913632665751303587959577581199497920830367294284007648846619391302485357436203649158469850634116422474524112843
69,166190796484196715293015871392358412699054298213260593912750043004189661861903841336554665739945652685483550206682389350420564690075121002368521135145
70,203368633914156471233194578026175536206738575413102204277055990038184945588851270535889240346559374249464771586349930569028509166504887742557840390442
68,203985737905572268420813119349945364556725831772441775839115487410351728672214230334254014665928950510641618183847541952961748528697568940665116799776
58,164608020257014259565801580966653658169561013467663150289479681095965822699744821593886599263411173631808723029322484322025452626685791692587819453603
96,224569840800413008629483375031857532096045740513535746337135822087179521686639676266998188888318767058992357730151540793509485256986225467179687100864
20,224225560188256632199045631880373225782937368483626368894276707656252948566147790329961153665723167511318760158548316492668521900176672742629243829827
224,183939097774758043307254857767603391336505751039824000362218713586503860240995835705670312813419439736407260384188438484548377266135549583467025585852
422,201292018662693553915715948446493553831433785157804273701789072000078072432218136472012091006220018895195131981287993749950101319276465496386897434997
15,177494702450265054585185096327366171300008615259162846000909216655487672399985366109792371848752253910962084811744747614559857388400111934109127761752
323,206308801977905338485875807552986761068076182410551205416901411593709355548766033937040446175231235797387945574409741236834057782309657365760917170770
330,209096061357173340397932088698117929315100952100148715681196777326142778855962439531601302034267409982582200139088256321910433777235332896794946480266
248,99871474388310371625848222338481165823122114631052251542865040424838112017283921733678901776657425905034653048450476268299963083209302533893906575194
116,199742948776620743251696444676962331646244229262104503085730080849676224034567843467357803553314851810069306096900952536599926166418605067787813150386
304,200417271827648063471181607229498246821855519109413857757606934734378698500921430939816370732297391512625913757549154102156613856482145956254134452848
169,180021343713689793100130110894169546790014072265745067442380971446781621754403708975809105406356094536919414263751327990222269597507675630545808446217
225,182902067335271592752359768444087678084385503457797452104321397092330622629994402299072303651965435038922102974070518998512371916217530312555705429193
421,200801343932951665023271296574120554737545289532021573418455157970219600174099626059246412095059095124802101208332860990669210276958305303931644189044
39,224223763842734935857186307205732422227982453338625872889574548135844484188057332081804155788272910881843893280909171210354017757161430702338505648419
27,164576868486791437705699909526828258840491761632593711170348300462235287531847561822584320796356550313878968728437700669603941618249818386265288032953
99,224470882492629383945492171526293034650108297559803256030900422735814422258042580275828795345633278857430448652042468259488481890750296760700804797996
38,174859453437995309467385139060523575763273378186003331190833095731423980314759203174147669498456592554671200970453065704616898954156048126692280187293
12,164494495603493288342931288086641388033116480225534583456573008928911974841852479091242774277236427655350116938059934986559120240386863033477854983094
