46,123137017070250546561089677155208055141002518344102572991044280399336332238116272230504
45,121202981873704470007966367235259299511005785163449031882300923159677411412021495513260
48,85987044651123559553526406722035073653276220004848585528827102717258865492933095465083
122,118698074562287514267504002663425533762418019952535705632455584864978464809479074511484
56,122364257359789277271712761889176150549085691563689424647511263586215396592651415083688
71,83694366380403503834495110130308997755980792154461316857080581864279831960493899003117
68,117633490079387280283639283869868320379097287897499623243806734004849656661763359249062
69,119606238065288852948263112995212930449379415843150134223059753234310525057361156461658
61,118499267864280323004127861249861280891404818615392403874674464577480262118507715345910
23,118819674424691345485224761653054751361371695752366998714642343370663245588533315656050
42,114818031481737832451929822604967619652662634911704388404874363871042245505003372733599
132,61300595517239972608316259145962884093011947698945865996216520847866648234201930353445
2,122601191034479945216632518291925768186023895397891731992433041695733296468403860706888
121,123401948835533176758371779229061983607847869029936615377087625485060414578904618815916
65,113448850502925865154843057049408080868809890430856576350852030598417370261022079995881
66,114658102667884741987480105630726136577194291762654814810467623365416812339107917447595
44,125505279851015732288923339303091050140932283931024504004703317357989524072088872271284
47,88981745064435812977667249489182356371395774983401904357871590773169082543204029671131
60,116461554462034520642525802967810233059732570646951055237568786254407598828415402129798
124,101814715894918934193660931886094228212333479856995629985670199365073159981446300392023
63,96587505215398623511369723271741567692547534978825435339653769440198693468970917225007
123,102593729472421128951390968798294723961902694424800206559098872998978609134573961521271
120,124108577607414138463598820029397561534783304588377293705291212306221690551845046955068
25,101567074357960006749736355373379939637072317806506509523632705811227120576551891163883
22,122960632719458578545625870792987528773542778340775706083426409027083969844754371395286
43,111829079078383608636548645772984105198176497741843502725285315989959565718998211708269
7,115979755635267243416923039023692586097205313797832722867601872590955153798237065957282
38,116481828257382544640115973325268214485103198455104733754329569742309661877521570369934
33,119371914346689500753532095363413916396124707804782393687011004500421121320336375283852
59,121345413837296385485661042264897224996318043050262865828456786525127105961664161781146
62,100327510810287159760640912322722821863413877146932687278839262828164289010338049410887
118,110442647137609636026422747984040476329332784032362133108051988517965156519630298164771
119,113401962304475360292265399302758748074076254882965172672837782099240216642120966559877
53,115695841291832691617378132610264109772049275557529184197550130731760464303527871274158
0,119254289715874724881596039464800092781185700028601685148188315761793370053781670658420
41,118539549168776883154092563005383355385460111636114246600733340006060378403277378959532
24,108457987325490513537635201171391872503129501551696965148512624739789081295157764475771
21,131603951257164960012103262059822317788471499812109296394967398481899317397478384840438
57,106314124399502520321231643861026838901366767570654458158357875612216909127694722798521
58,116430768909080004622592296381479978896545486462351574452113316230868027320248031939821
129,117949105162312207280576479655770019446549018521237293239829350559648148968856255944980
117,120665794974849956405257967181580519643792464373267645808130511662558494549513773344420
37,118620100836039041676694342355101325391239221462442999793607920619330560511684657327194
70,83694366380403503834495110130308997755980792154461316857080581864279831960493899003117
67,117633490079387280283639283869868320379097287897499623243806734004849656661763359249062
9,98380588955334632532488651484036930393678157551685427979920976780527928253764006911199
6,119057658144345313649790014930881006528703101458670111471190861568168576880569643490222
20,120549089200128844664644829921574425203710902777997917496831719675270410875791281630661
94,87191365384070084283633393939776275832546600749685289470296069607749872005991078823779
92,124895827317350376530130355784211411013167398928366497008350445840669673393396684855384
91,122909690953599421779338535732936228584526536960420121696214547245973460297472314070480
40,98073426488539549967389017947417718545976636327444446563141945106520520515157279745251
55,84190759627643097522116256745118130172203224129481761507035712869067135519704892769801
52,116905909036133448308659789848438339715153223550201750195671529272224044233620831922994
131,86625182802813243761906922571320573628381071464843014600040152247414842092916143638815
128,120119878037178258456634945106441425087767828930454049137461866112144459694344088595188
8,96772432033204489499502475229328470878004983594929685855581507851248150252444133930279
5,116864731725251804353760755136477522656261211475911696158368409720668289080337642560966
39,100818418525058615938436116909429008969375364255426715864948056283002116620261155835735
36,122159174200610445251718109947338694905357186900176211053273571386527232204582056811170
90,137429463990838511563919078018377543522197280062851586816512370406800615261087226899568
93,97296452835327267162678403449639430098986783202501971764082775626361777954890839195683
19,117997421927873824530915212223145579463726047430581350513809789434348952022386826539929
51,120694675185180507042437264941472395622200394798106506687889052916665469733238991595354
54,86884698430643282891492184744718527191925030656012989415687752448127063283006071100761
130,91942195792952582184840437970958568349266838398354277248484081984063177299952754810211
127,127577380283018925517981203942155376701761490579355881679790429455706516358082210177520
34,106798679208289386311709276561973795879379408921944473033431392737850354660181308381029
35,117233067042064333364203284160599128663297933633576948670688030752891494026659728313637
30,123343227313293743334506643170131424611481625614455455344093747934145634501497151994486
17,127048135241981285183322289120705960717928495938015159177605897856776253736580709704704
26,119147394943528292076425166684482934014535808567831321700556211957285508827988320649717
4,117088888818994851485248608349738733835618869374171994225519978785082211035685573526653
89,112206560648580282943181863904065297536259574063123519865298348116109927587030422867345
125,114360511374335764115859554978697278050951703543530333411280628478597319622933196181887
126,111461976040168136082155469294828192970405444626635142473159642679456951825655485435493
49,111704299185182499105747838316317326558983613092882256557700272679104263076521088982637
50,107534636236270564481100886474183168438047241664478229443318193345477679420351037283079
88,110996446079148019472364093089142678597518339542995230828613482775751747735163058297699
79,119718463061921459923561342510821900298591210301764297207205256707705997212665460721036
107,116527757645134541926759716232073662518174030719753354585174030335084683464454753016488
133,59038260363177271273567675425963872345747930303825463584554654570824035468970140755185
18,118076520726354542547135350851927744691495860607650927169109309141648070937940281510368
29,120361536162650696919293403207502334985022274904020691992744918010636214622615191631986
32,86987550021473205518071090313511704203651823961853532819405409001062241478744677776203
84,116370607650824239579070034772935550641808445004443860115640161515305648625120592781966
99,116260302998980647790347214245167597530031481741138256376889101611927504031423287504040
87,119045943194474345879238966729026948884240546291570619849691811371077188094420222944728
3,115040213155321788838337562301637591005892604413830041934623632854055637510932485205353
28,122823803078809535439054480656723518917715322703225730466229998288175359961806633757202
31,88650111883251115526035104643425986556076974757106553201068216602540924573808072455035
83,119540840367556320285862729051550595916636726569312110936995763398084580116016768709366
27,118469634668676658635870587784335449210522362133182814814734312141512195085461427769285
76,119753258533638609410619136137291449913372094436782721259364581240098662461412732265194
64,122943507196472261765183912769435132341231002526757449761431456113224988415108118153796
72,117108927016948305984122290546964460916293474972800536196930117531959576205891770365365
86,98745388740283056433588690218200671635789624678226199986739420145325122012089515391655
106,120950657726449169969316952914552202014187359229714196496612732035524946360041546693680
109,99750345066552254104768050282639271686186939595832796130579508927114431002804867422783
14,119735840069315488160444711079680455575583587200067385214944547492537211121542469430370
10,115988504825892603217559057617678335197504605382488895170272469313758352476031826239701
85,97468679883352380402186750218438762612535441927492074638362405367009356221201535358655
82,117764675985115250564679072547966708717201799485779223158859085767255851710544475745590
101,84851946539974628619392584002750356835176310391231523875341926169580615122541945295955
98,117812858593283731282232444602240243269894541093145483661693586780172034840399482018752
100,87772900267546818961409038817229749892425463777444443083103623147414829840113282518947
97,121934204263693808066173469888423496487657045186021246379494337310540858346013834538864
108,104298397113605501849186191672574812585843583318320679798224383831649896526064811695039
105,126699218779737869859763439818646116565541682702569274210142980785288919909416219050928
81,113979834068150309114447750306972804532872977793337146599702049032679259581207206331369
80,104029754870615420485048638913133942594548135806457254681540941244348637347578471515645
75,119108118416536083098422038021997019332053814279514590836851815050494532402681910701374
78,85922596935750856006826083675886270722444785614012653099108065979788429914243899334447
95,111929603411808458655289779929328120048357819953173014899734648738563380772834841023327
96,108253060319096087897877999147902320101278526687039438923763323060999874438735574488545
16,86129467242540826083960920549858726347807524469081228418788337367679544322008590953983
13,119332442741599336058358571852027430648233334736624585945189819997055722019603969289998
104,110771434294717218216355174812845320077000718271034392313249098479664357235787637849473
11,115947359119293341891506961651024845820273361665645288396283719774918138338401371692681
12,119755409393596200934062680359392592173844424647630027682827789773062123202034849602702
15,86420018640878149850480289152859542134662798531604795765542955926548558885673863556799
134,57951951595207202755537885367944036500938353096608210205743446591118719926665338522439
1,115903903190414405511075770735888073001876706193216420411486893182237439853330677044876
74,125177829277638481243822350318365183151747801195228531504867894817249643917198616697659
77,90314672293131853446927302471004456600272518585806457486737784808899353978312298025945
103,107950652409122508053491480500985478766656929408633053689337370484364670921765726687767
73,122450459518061487402631461150838887812137747303100283269518614116306473280655023079890
102,117872079949615623549286926978308335202765496664700388539655333926545195902982878214368
114,115247057457795997146684562957852829343684560202701033947402004332013400832491145440660
116,84487858169820577969675957340807156269189437193936635781550505768749617075466854482163
113,117287722300230228055849314533438406530416259491091155414861691741601520009740618749204
115,87747981099374010235645280821131385266335197908490066083528986112678549422893327116843
112,121887621776175481800984113416635606348306853376009009128612150309062890308164271918684
111,107270708362314779425413937075708345886116380970634875360645519759408912359896482768153
110,110084341492901249031729778364279118201320304347360623448668073731593921484947303467475
