48,62844477704035262540814984219652843915679738413382422463577049785232368750680214024248789461825622169138789643755
46,83566545967008344175395088278939238135496249468660613752487434463205912679459734172418616782516616410705174908784
45,83267278620868691763000278085368854789134527015519210754352111352299942056200980888584177110233223617677228706508
66,82667684153237550564880626304078466907972922179868168491990159363213807849537868689169427825731794802330083254176
65,81427919538880443190918265481414593141224659901457197366241859449544541983160886530629078463510369211045266830680
23,83555680174034027148913658998020725810474854037959440178513320418864617401256757511202499613190275940981283735104
42,81589291813756302746322024673346779510047010983838663228763468284386364190422510675889441416904691247529364332012
25,73441317744397022365750723759424192525370391874137829916891580728083683592746705438997805072541662441127163671091
22,83244551365975719291304063736092905725553400436458301084820768675839746713588714610551436265192765602549174822316
47,62844477704035262540814984219652843915679738413382422463577049785232368750680214024248789461825622169138789643755
44,83267278620868691763000278085368854789134527015519210754352111352299942056200980888584177110233223617677228706508
24,73441317744397022365750723759424192525370391874137829916891580728083683592746705438997805072541662441127163671091
21,83244551365975719291304063736092905725553400436458301084820768675839746713588714610551436265192765602549174822316
43,82671431565832397994976658704892170782901980598935132716511712003044986814183084849694933060924261864052176848822
41,83713492001247039996472427047308881581918736545904092580877414488523969704364480404771903023045938951450519400868
0,83804792917796253620363570443267548756510180363442531576148857376197599057562564321418782134637395047710528945792
53,83269171929248657896188005725391988545528939683091307028787057588674698312859513214054056037592610361454797976764
7,83556974612300492764518185700390473994698767699370804043949391361433951421569059301876025411963710486174274052728
19,81517679031119566647170738577234354303782603951324211523757086108576749205853398492235477737834038000708301444860
52,82655160702610638700227677858125477013460005643539166862743280545284261530446314976119614433867525238760934436716
55,62776407693019864509187025574530436930502694594924371664338809821481324673936048572013511850295802364159552555989
20,82621515948296393301803755192104380472219525949396292717257589070374772280469301200173730939057588493856206863102
26,81647406489713451161726680524477665353806383516786479222197356020243729378065783368652668427746081731175987332860
30,83276152101644194028857064411457784075661258109858082237435139017989745892608774481321989876997846968302935088704
17,83800056044598493662594946493200765898719063752016816559884133946959911287847600559967757787803716213482799166604
51,82655160702610638700227677858125477013460005643539166862743280545284261530446314976119614433867525238760934436716
54,62776407693019864509187025574530436930502694594924371664338809821481324673936048572013511850295802364159552555989
32,62783524827090234873998190056431110503173503553016451972998995158452152706650520616800597566366139810367879662131
29,82668759116475103559052340762886890455169634559321325082983082811552538485298990220956512790196970200499854589356
49,81643401355263103584711617566989132919895161739320301214076440159885890311901311787488777304039088429159643002900
38,83549593797405483124961974369904106342475328806153984681283029471408726570028552546749322448442982407672273138388
33,83760216224492540382589442704709785724982292422694065754359167264049655557111219553684737235262762445344211243500
9,73447043826539665869517059536133851311133160763580112399634593953427503875622233024668360065332401844914929722031
6,83246874290647851339458398431516679599478349451650859699536195862390967723114837069235761202952721776999215776956
18,78577350522999214281943247886736993620111557919049678283893106366177373715581252384478231526787569729657005413702
133,39288675261499607140971623943368496810055778959524839141946553183088686857790626192239115763393784864828502706852
50,81444404294314100675949477165883718578603683268521282575999340443154969402773665346098107969621030743071313456724
28,82668759116475103559052340762886890455169634559321325082983082811552538485298990220956512790196970200499854589356
31,62783524827090234873998190056431110503173503553016451972998995158452152706650520616800597566366139810367879662131
91,83258044354929374831843172242949124711649432219942202767530825509101677891934754868164588780259748491066826188324
92,83561857997504723084226407554552223121520817762230220382187745434198577360525977293003778570824650424749132487308
94,62839290881222800490842034421338650469083242409253272915041297959295342720124308147714281451403351752905250244449
37,83232204083727763412747333101078106313366568479387937570454455565541966785429929572648997273559196845422060693436
27,81469899373389687175152388183861673809268484382592931715771487314582464418786597285796396297328695900612735001342
8,73447043826539665869517059536133851311133160763580112399634593953427503875622233024668360065332401844914929722031
5,83246874290647851339458398431516679599478349451650859699536195862390967723114837069235761202952721776999215776956
40,73428074349969829806859877557759215044701526584033379554518585088045718684230151868111275290720347024141078524705
36,83232204083727763412747333101078106313366568479387937570454455565541966785429929572648997273559196845422060693436
39,73428074349969829806859877557759215044701526584033379554518585088045718684230151868111275290720347024141078524705
90,83258044354929374831843172242949124711649432219942202767530825509101677891934754868164588780259748491066826188324
93,62839290881222800490842034421338650469083242409253272915041297959295342720124308147714281451403351752905250244449
35,82596706731512960238761496823018469318970489254701158404490400702729380359231823963424793745107576171535354943832
34,78647314129665391854256567047020944419121695923048689098137374452301007974704875691086733802554111642351527061372
3,81551926470027120774606495177826212484977300718874430866455471524415722629326252308935809445342308768427558541168
72,81731529350048372206250160583646202174068749015409078535192210776125385788035999105892283438935751354696740032758
64,83738814509075248750484984183696099756290768093678110745805485504443619450487958566220506140572992261505981275494
76,83277668917098715469285912305112448377456994487468283832827799084818020917526681611875944522209713283329116272104
88,81395098087555915073234448148842307265842243559770535089680416195172386172984826312760660188528158819274536912048
4,82625611737683900482604554946679419646482076709353730559256257578102243606689672595657173409241498187068072502546
87,83708573597240458979624506317790573802866978426893018050637224303359423579738151099394190473419917411721566675950
99,83267184800382069866167017787350530355377625444590413509598221492720870439994143934582325132887837685812163430424
89,82653600624876325914551278657546127103882136807070328710221360589756835646420855671283770465601702812754311004504
14,83276717344400376683432262836844741241547030272165829954896553937337422303696979794813042909673729454199233919608
10,81678348978606473348756278199973939811191768123190916032152635934352093794513675699365300236547185875602634995568
78,62785054984373774925226727077027654720663964216950083526642600518462474497026634474053826506193488621992654845267
75,82671723203364774805363938603851085419407893662884457991753977052844456409047876159939589069757128916430244447076
79,83808766300072531661256017979010211227920812169561688175480867928988628046130807067636757910036174464905735807822
107,83556088375803844305290631520171858477485178860678535426936028240169400068331197437061966824621776010306888032320
84,83545877157272252733694986911320124019685685492248182488137512784092007747678780196581858898901182851067651811556
1,78832163600098211666290654256948471597640086336867115121851930815323164586211855167079351683710048962042645330994
134,39416081800049105833145327128474235798820043168433557560925965407661582293105927583539675841855024481021322665498
77,62785054984373774925226727077027654720663964216950083526642600518462474497026634474053826506193488621992654845267
74,82671723203364774805363938603851085419407893662884457991753977052844456409047876159939589069757128916430244447076
98,82651238168010424321624632683623784182189248305888543852109118561513793121322719756524628498253165100658893005844
101,62774669918600581857582733598647849644423719382380840717089249045033940366795300762296255113746813350806361551459
16,62783937537652581770226382683194524843210167620101016974269561092549729292354277778558872660995505226101163813551
13,82669888745626347021810380194236717946585855143762356217182251229165220496028443663368878173003715506768357895356
83,83225590496313728120368092035389703978922161506274665556008852601679041458432075718577529995739926529769785960580
73,81475467532170571140666312223375450650348874706410987096949573017351529737258729686588977870783689533354848068766
106,83245580447941927279912407986146312307024107168834142947870587166380562099860232961991778389107664678974654797664
15,62783937537652581770226382683194524843210167620101016974269561092549729292354277778558872660995505226101163813551
12,82669888745626347021810380194236717946585855143762356217182251229165220496028443663368878173003715506768357895356
100,62774669918600581857582733598647849644423719382380840717089249045033940366795300762296255113746813350806361551459
97,82651238168010424321624632683623784182189248305888543852109118561513793121322719756524628498253165100658893005844
11,81472066247738565717323872469884173498908832922722485658746418814187920412043876505262261854443508498857977122066
109,73434654591627865735547321731880071407788534995102909905745968684084156400865150316148414714698876948037895701497
86,73409951229515457270480879032435662480292283349312262202186139032499171812437413123340266090707678917142586386309
108,73434654591627865735547321731880071407788534995102909905745968684084156400865150316148414714698876948037895701497
105,83245580447941927279912407986146312307024107168834142947870587166380562099860232961991778389107664678974654797664
95,81572518244933109663188164700710843918988110802504673181437048448056074112505644478468657826698676663247235928382
96,81436962659763086119399062069777081188877202175934491317705678040420150730188926862450406513046492471165553370318
82,83225590496313728120368092035389703978922161506274665556008852601679041458432075718577529995739926529769785960580
85,73409951229515457270480879032435662480292283349312262202186139032499171812437413123340266090707678917142586386309
80,78643148133025258371817609631678945162354859429059566781370787736120661054964826702648133880191906860787799542014
81,82585179064067612949525213185926463670695230306093513541007697926429754204528331950239361925868753224638449173540
103,81306033956327041383940378446676497999131784701583464679688516782115880629301350987609285826362137431833995173698
104,82623801175769754465621416490481395101270771842252377322664445120307525465067243213553046311986240872464082260032
114,83266277483536610898183189222865351672973614599110302790840483240159577022166861593727332307155283243711088443456
102,83705069284946226876265705775696816804837320420019745823013476843627459058143169401564684749444098586926184530178
56,83837484727342918209695778350473897881065919919022898322677747978822688528806288355769488211476763146787074927418
122,83555900553298233847431468701044082747024159661075626426483209225521718124434465055656147967493308535068067166376
70,62843490392019254998030971374904801155721799068108087896049096539290139206805949246499225738529537292121122785417
67,83265366187823186326245197233077585410243123997343814648797496549782222725386123825736382866357951096490153524676
61,83544664372933791112234802113982497153041837304060071233179032446320299460186821284586255447898449481913815748164
2,83858173749398949798624627228592523718793848908434885386168968255736134168480797303515931872868172256845362380800
132,41929086874699474899312313614296261859396924454217442693084484127868067084240398651757965936434086128422681190401
71,62843490392019254998030971374904801155721799068108087896049096539290139206805949246499225738529537292121122785417
68,83265366187823186326245197233077585410243123997343814648797496549782222725386123825736382866357951096490153524676
69,83565585294318549244562475646146640821436194657557238159671837016111869951074632247261183408076961148479590778524
121,83245251402095916376352999686464375720487671886325309030048524091719562346077417674722797609608469477384057603072
60,83223446180046251994243104844815520464494640603211123627352842325329229423288438517896460718953623831215449413556
112,82649444389886502664071910877663368626965820672298662661159898880655388757902415228063696391464759304081345264480
115,62773892933119666461867168252195089948078461244924465131339104596596964259132735993402326940468594702432733461497
113,82649444389886502664071910877663368626965820672298662661159898880655388757902415228063696391464759304081345264480
116,62773892933119666461867168252195089948078461244924465131339104596596964259132735993402326940468594702432733461497
111,81433554823615108974193645028703152975986487120123685786603190116594111780490082508318237424854397099933770249280
110,81538563374512855803608884384381177361956086516457853344470237260143939590772253045891796334839986778626851188034
124,73433632691531999333847295863607747516734356118082210102595897725831832362964243614105063151212354960585809594597
120,83245251402095916376352999686464375720487671886325309030048524091719562346077417674722797609608469477384057603072
123,73433632691531999333847295863607747516734356118082210102595897725831832362964243614105063151212354960585809594597
118,81299684845758676988066694375980807698406638518478618949272976326681846776388101889924984402489667947356973410060
119,82623235164619893063890119375633735951298074870398649402168037064800390518643777741331862639287820363822220061220
62,73403813641299707772587543121355998980229614641998704757998944036073142612623862703250334490191597180823383613213
59,83223446180046251994243104844815520464494640603211123627352842325329229423288438517896460718953623831215449413556
63,73403813641299707772587543121355998980229614641998704757998944036073142612623862703250334490191597180823383613213
117,83704634816267753920787763721877357937862851126665085496063008318024409192570874428157244164581962880788541506572
129,83266110893515725259834870713551230367181832632528937908084123058357307577299898279437220355247008205046933702824
58,82581469306338487802710544748988579532420917645996466794688302035208282590231350435662961154274264234067557094060
57,78641735677345807658182925653592676895834748022232372184230768014863604293723329835136818001819512399213916046762
131,62773740704427432029387434330384691064604037173751443556480579496698179329668889652522169063360592836525525518565
128,82649116677056850673549072886278258579771527112254655079920642253577215404169045994645796604433610456401908786176
130,62773740704427432029387434330384691064604037173751443556480579496698179329668889652522169063360592836525525518565
127,82649116677056850673549072886278258579771527112254655079920642253577215404169045994645796604433610456401908786176
126,81432935030413522024465752086732948347426586238743553681767859446323024242361112779144692199727184076342317578788
125,81533776181342075451047430075663158836473952967886915434835936796489461338585463308954498620432790700990486161164
