92,86835447696281974131281467524980739737981597563198094499412961447221901434770662185744817817653843786601869574261828342272987191081
145,173670895392563948262562935049961479475963195126396188998825922894443802869541324371489635635307687573203739148523656684545974382160
91,154710819818448166694055120465416315627565824352196755351772119454930376303240467527760623197308514137628539236064468647676813537684
132,170754558953789851813565268665059347229634262217371225591673447832120424813664295063819909893350315534613424240721481274922004221032
112,165230160978356293721823599057247972232331768287517031109733095279320164354686218886374955319675150868275877474631418413228157051567
188,154220292662550031018367127012838127936356879922448709303271145081453503449046656830719803487013874435978259874967092603452686869167
232,88072274091937544877036297413600454842324793575670136945470076391837885551280385140456276280135952723997621060838843972704639385601
53,88072274091937544877036297413600454842324793575670136945470076391837885551280385140456276280135952723997621060838843972704639385601
235,88072274091937544877036297413600454842324793575670136945470076391837885551280385140456276280135952723997621060838843972704639385601
90,88072274091937544877036297413600454842324793575670136945470076391837885551280385140456276280135952723997621060838843972704639385601
160,88072274091937544877036297413600454842324793575670136945470076391837885551280385140456276280135952723997621060838843972704639385601
117,154220292662550031018367127012838127936356879922448709303271145081453503449046656830719803487013874435978259874967092603452686869167
187,175982609404053850573952201750498995896622809524746025072713459339829092822348705592059700333872393375701688038412905033444876403631
49,175982609404053850573952201750498995896622809524746025072713459339829092822348705592059700333872393375701688038412905033444876403631
222,154220292662550031018367127012838127936356879922448709303271145081453503449046656830719803487013874435978259874967092603452686869167
48,175982609404053850573952201750498995896622809524746025072713459339829092822348705592059700333872393375701688038412905033444876403631
25,116880233592599730669742712393247905474806228984523279728388712821956482288037644986792268108575516875856032243300524930226252990168
34,175320350388899596004614068589871858212209343476784919592583069232934723432056467480188402162863275313784048364950787395339379485249
119,87434372626784112975714194303953024032822506429480692724168487689232913014350329796407753752882535518330299191289330980245503232096
120,174868745253568225951428388607906048065645012858961385448336975378465826028700659592815507505765071036660598382578661960491006464190
183,88072274091937544877036297413600454842324793575670136945470076391837885551280385140456276280135952723997621060838843972704639385601
157,88072274091937544877036297413600454842324793575670136945470076391837885551280385140456276280135952723997621060838843972704639385601
191,88072274091937544877036297413600454842324793575670136945470076391837885551280385140456276280135952723997621060838843972704639385601
127,88072274091937544877036297413600454842324793575670136945470076391837885551280385140456276280135952723997621060838843972704639385601
217,130477443099166733151164885057185859025666360852844647326622335395315386001896866874750038933534744776292771941983472552155021312003
3,176144548183875089754072594827200909684649587151340273890940152783675771102560770280912552560271905447995242121677687945409278771200
213,88072274091937544877036297413600454842324793575670136945470076391837885551280385140456276280135952723997621060838843972704639385601
186,88072274091937544877036297413600454842324793575670136945470076391837885551280385140456276280135952723997621060838843972704639385601
111,88072274091937544877036297413600454842324793575670136945470076391837885551280385140456276280135952723997621060838843972704639385601
121,88072274091937544877036297413600454842324793575670136945470076391837885551280385140456276280135952723997621060838843972704639385601
250,88072274091937544877036297413600454842324793575670136945470076391837885551280385140456276280135952723997621060838843972704639385601
155,154220292662550031018367127012838127936356879922448709303271145081453503449046656830719803487013874435978259874967092603452686869167
71,88072274091937544877036297413600454842324793575670136945470076391837885551280385140456276280135952723997621060838843972704639385601
76,162052984329165082573746787241024836909877620179233051979664940560981709414355908658439548355450153012155622751943472909776536469512
206,88072274091937544877036297413600454842324793575670136945470076391837885551280385140456276280135952723997621060838843972704639385601
108,117429698789250059836048396551467273123099724767560182593960101855783847401707180187275035040181270298663494747785125296939519180802
20,88072274091937544877036297413600454842324793575670136945470076391837885551280385140456276280135952723997621060838843972704639385601
177,88072274091937544877036297413600454842324793575670136945470076391837885551280385140456276280135952723997621060838843972704639385601
233,88072274091937544877036297413600454842324793575670136945470076391837885551280385140456276280135952723997621060838843972704639385601
238,132082456179731091400724005816925994119222809874354372898737055162745516355830468390370188555649200840140408039265769228979649743553
66,173903820560585302212444453889525700144043292949811461599289678541258019168191798902626218873453689730807712298880277824778657797504
168,88072274091937544877036297413600454842324793575670136945470076391837885551280385140456276280135952723997621060838843972704639385601
165,88072274091937544877036297413600454842324793575670136945470076391837885551280385140456276280135952723997621060838843972704639385601
193,88072274091937544877036297413600454842324793575670136945470076391837885551280385140456276280135952723997621060838843972704639385601
184,117429698789250059836048396551467273123099724767560182593960101855783847401707180187275035040181270298663494747785125296939519180802
15,117429698789250059836048396551467273123099724767560182593960101855783847401707180187275035040181270298663494747785125296939519180802
192,131171472051821875348777464233021954020483735112700203961338411647418127416800573613445517864032270014464542005504661235943079936004
40,75855619004564398990273571664928410583349896020783732373707849163797391316371898501800728978042731803152736343414928751889781637702
39,151711238009128797980547143329856821166699792041567464747415698327594782632743797003601457956085463606305472686829857503779563275402
123,132225655855940109394769039933092814683132679907723362651339833131821387107951553787378118422362552937502276372798640052457361094781
26,154263690413065158705884396205268408959799570840672888394868822107410384926360557799119412422332814722474388074378657984557692205181
248,133232424112454743939606726602527711144812614199930454852084383814550450001289393353583027419924771024908714371806635559841226056551
190,88072274091937544877036297413600454842324793575670136945470076391837885551280385140456276280135952723997621060838843972704639385601
32,171687771148944684440265973948342476685278667211389314034999823287117317994369205882869959067350820526616538321992301765008135892173
11,154263690413065158705884396205268408959799570840672888394868822107410384926360557799119412422332814722474388074378657984557692205181
4,151209671279005798169638813054934537461547550479412442083052391975895460026198523956735187995492934894894738087161229972459083838864
113,75604835639502899084819406527467268730773775239706221041526195987947730013099261978367593997746467447447369043580614986229541919433
74,133869856619745068213095172068672691360333686235018608157114516115593586037946185413493539945806648140476384012475042838511051866117
31,58440116796299865334871356196623952737403114492261639864194356410978241144018822493396134054287758437928016121650262465113126495085
133,58714849394625029918024198275733636561549862383780091296980050927891923700853590093637517520090635149331747373892562648469759590402
22,154263690413065158705884396205268408959799570840672888394868822107410384926360557799119412422332814722474388074378657984557692205181
95,132225655855940109394769039933092814683132679907723362651339833131821387107951553787378118422362552937502276372798640052457361094781
54,88072274091937544877036297413600454842324793575670136945470076391837885551280385140456276280135952723997621060838843972704639385601
75,133869856619745068213095172068672691360333686235018608157114516115593586037946185413493539945806648140476384012475042838511051866117
100,132257117526862193419054257492967726097443619597519685260563337186091788748867444209418994731569758540099070850744474851917604169985
128,176009261574217835390161988356470576511066454827712222357636285471577317390936509116257469542503909212861964866299288136569303290368
44,88004630787108917695080994178235288255533227413856111178818142735788658695468254558128734771251954606430982433149644068284651645185
107,58714849394625029918024198275733636561549862383780091296980050927891923700853590093637517520090635149331747373892562648469759590402
129,154220292662550031018367127012838127936356879922448709303271145081453503449046656830719803487013874435978259874967092603452686869167
182,152755880637286497952544043131871976030918292757750255958801438001192603486605810136214711795939425702766142944840818441566620702410
114,132225655855940109394769039933092814683132679907723362651339833131821387107951553787378118422362552937502276372798640052457361094781
231,125850001598124928934020764957739768240108509024584580727454835592993137322722123851848787401343582915717174852310187415070261923234
52,176144536870802241364353339703805165916159617305739862686276037088134933268428922626412750613952068735927808315855783806792851843296
85,125817526336287315260252385502717975654399726646957044775911455062953523763163516161723393295680049097091291654182702719137751316642
220,164482627098958794984715516826037885217574907635397341295228302190691619663779914678965170281970501349864581228859204833575761739722
219,82241313549479397492357758413018942608787453817698670647614151095345809831889957339482585140985250674932290614429602416787880869862
84,125817526336287315260252385502717975654399726646957044775911455062953523763163516161723393295680049097091291654182702719137751316642
104,165557390806539077231300572598187973908418945077670231517111368808184006224486252267765705271493495965828412806489028488832923388646
103,131717750200597927086185234854026848744972155474816547260374813998945314368867907430544008221229848281944431793707633584698019038564
150,152704061509832930107014884048536871445661399900246126203730874029754767812818492603444821651287497326552370185838193771606135315266
38,117429691247201494242902226469203443944106411537159908457517358058756622178952615084275167075968045823951872210570522537861901228866
47,176071536252574391467162482364389437741263840175329701479004288967817243722146403399187225923179441570093932928625137814103353520826
46,176141023290636922728087656497946500708551808261927249877026545311689595896205374904762958496585999892909365353138431683936078967994
229,132225655855940109394769039933092814683132679907723362651339833131821387107951553787378118422362552937502276372798640052457361094781
77,81026492164582541286873393620512418454938810089616525989832470280490854707177954329219774177725076506077811375971736454888268234757
41,132165226819268939359213498741878182283116766583897031214902280755276886585944129283628958040571058398202144709331634053761550939249
21,88072274091937544877036297413600454842324793575670136945470076391837885551280385140456276280135952723997621060838843972704639385601
230,125849997827100646137447679916607853650611852409384443659233463694479524711344841300348853419236970678361363583702886035531452947266
181,129224419357685460227210830494997612328644408515298814235235063400948797871135219272844538624860942928481203453931975631874407536337
173,125850001598124928934020764957739768240108509024584580727454835592993137322722123851848787401343582915717174852310187415070261923234
97,132413295198311034940515372437212504243834460704263637089922462075748860635179716216683574528173534962772195352941980178470870725379
98,173889617850311742026543444368932050989973455639544573441197758519899970900118206899722166987060625982013101770676252651222875812900
216,150049059564041743123839617815763737879516314980771344425615685704612693902181396905962544773564956492736687733280993434978274508804
106,130477443099166733151164885057185859025666360852844647326622335395315386001896866874750038933534744776292771941983472552155021312003
163,139094354482581626389066884563065612503157892441133392001684438354762870190294719839851417811542799033710615932636559283513571228859
142,117429691247201494242902226469203443944106411537159908457517358058756622178952615084275167075968045823951872210570522537861901228866
144,166293891614204583455077860331996294355673909561351071103151737146052617152454751439298056311301658630818666957412635923329271468613
51,133245977348586421056353926224600006552288490699882828553952002066612123078348306070271994890960267836170623565515740770180553122749
13,155260855128093330250496883835355999636064701710308638238970368166865423666249409970172670692907628360035180999540176574989801299995
179,174015408305014586333648755064070045399441844380032202958740238944746198391049759777453010675704258713582590884874533533481810577100
2,87007704152507293166824377532035022699720922190016101479370119472373099195524879888726505337852129356791295442437266766740905288551
101,155513047245579660486864245278802940949669947480310256668653096742898171707516087232904641152731693503042756760522881332452464845865
162,161543780569839952757681985241292252169896270279854645138328795135060082225275132473137215745036916509451598214221884457448287341995
243,132308479110279812663331471269046374878156314084152385392976843387641646854593517804293805888171061487559375482271130901987943919577
178,167582144552198340210748635026884920501813277993073967486832965054074410151424219229107252346347043957952123954294703239328782032905
214,133208244113050829252773240877801793997021704988272527353982081949740289349461985087246034877041252129839310672518914472283134380973
245,166825666784802898062016145080508367586039869959253593476611681391950974473490238787961507757877735417709322144405928597880829372787
143,58714845623600747121451113234601721972053205768579954228758679029378311089476307542137583537984022911975936105285261268930950614434
60,116841996879063121883450851585320044693760791045705017208044112939686525716787999357012928367049015153941620766226228588494799419890
57,58714849394625029918024198275733636561549862383780091296980050927891923700853590093637517520090635149331747373892562648469759590402
102,130163195938930960582875133854873363670996499793099999098194943418500956085280494077062811091699250597193131682193599124953759543816
68,153001052438530141125906533500324101015952426726589411004868823657038055364103371210389344837499683477184575787639085822947203081230
202,155378077029800366888421334858748318582096494825121252175276045400801165512991580815658556867285391533705686653642255343054528170611
99,154672577482292675383276254559318087327565622655002396500205967352899942715832341428913391512280687467967850356192113820535436181617
166,153239221049017816972652556819360663839477747777193238392772094258710481507191849393021523614777713636281683688458500330466537273716
204,175080779072810881457527741058102495268304823285999487899096808818944473301988946520352750375999344817446912210944557167101154858068
223,86687107733237233911285023551111464022830149862567741856632683597269959760746142492456633742409882772915945952401999301512867172973
164,173374215466474467822570047102222928045660299725135483713265367194539919521492284984913267484819765545831891904803998603025734345944
247,155495512305610235938115376069426943075869630933137073958647519123154280236857909266393160676538409839050317864316647831320456116626
36,156479459815159090091712712418844778267517162682747264353540330641908339318918641608997572052123862966647741951071803183542295704790
5,88018210973102831472016591448875977101398852760412232965004595401747805488387168288309324899767626925106312379395616065054847676377
176,176036421946205662944033182897751954202797705520824465930009190803495610976774336576618649799535253850212624758791232130109695352752
161,144378476414584911180832439849296788537877120877833545426996212290014698970298654158105267360863137220404621530672288908687037856116
59,72189238207292455590416219924648394268938560438916772713498106145007349485149327079052633680431568610202310765336144454343518928059
226,116256316871234265427012870733550106289485819746006874861229437572417644598390339923023115763798252504641281252855024552146532241298
50,174384475306851398140519306100325159434228729619010312291844156358626466897585509884534673645697378756961921879282536828219798361944
211,87631497659297341412588138688990033520320593284278762906033084704764894287590999517759696275286761365456215574669671441371099564917
212,175262995318594682825176277377980067040641186568557525812066169409529788575181999035519392550573522730912431149339342882742199129832
118,132308479110279812663331471269046374878156314084152385392976843387641646854593517804293805888171061487559375482271130901987943919577
124,133692970923250636195623058630227608554448910984432669581915947817733493067377709861230483010699597070060248125659175912349760049773
227,58128158435617132713506435366775053144742909873003437430614718786208822299195169961511557881899126252320640626427512276073266120650
141,58420998439531560941725425792660022346880395522852508604022056469843262858393999678506464183524507576970810383113114294247399709946
201,155701774488275882491004617459563526065214763467848902779654299729573830808357388857195012392300591792859958045036831626488339384148
140,87631497659297341412588138688990033520320593284278762906033084704764894287590999517759696275286761365456215574669671441371099564917
78,175193056430792085339227583028281038519603868985693926089571544175038566564578004066381733440297536181529010220487084220247813391440
174,125193282824404946337693581274763399953737488128520608443471885903346087298737657017765366723831550368266129958706669319657196544556
240,172422147883865181250416405135575909839313173553103257799310260986429234406043867751897701540689210676417527888256071692304461056983
158,130153533702693753718726251761919303537982218170023727234095589793596987777973783014107004790844783321305295937084963376513489701459
24,153186883345921023816790273789540114116534298494468183596334856248634456502841575774146656365245055914773931385188325127522006322140
87,85264250210866888587785256483774006930558324232661734548002404639153083442021963319852641674076043329708159094509692284012493926081
203,170528500421733777175570512967548013861116648465323469096004809278306166884043926639705283348152086659416318189019384568024987852160
147,133692970923250636195623058630227608554448910984432669581915947817733493067377709861230483010699597070060248125659175912349760049773
171,165784696054346806299763382794525863792980504278485643674367976772139745361525096583959549646420178444475104069844821705008994279985
215,170806864259045588993146364591750294864848066861192745922958567540275537773545755395622278071148197828755266350075787454468644763535
126,85507538118743097709113209199765834574048044628340678995459352259457877461616976303860115250278274038682624405125907001124014968737
79,171015076237486195418226418399531669148096089256681357990918704518915754923233952607720230500556548077365248810251814002248029937472
156,171771755434635744824379252747117529212063997016264140667780183377158648423587984105427207851939172874309238512168344732473719116096
244,133555266563454443501443953464695651574884286319710649424997755099549757156978565772636930678289082345839695476419791245284719782049
67,155665906065838259571333253691942370461472646219297114413644544975967890186884710861069279527381269247412648555829616420700607936607
159,135239259989636589217044983076271215517979554840340261759410025526677306256247823824477204118485501312140455415465682597738142803125
10,175733478052649922474232369031501205869324458437464206830594121550835539719807107230720978389502404344434972973631919594897876591488
29,154263315872294984647286257777246629070214807199937033991228648463161030232415206553013267432085611330037032131991117455135885982095
152,174938727114263141890970587485991572669888079897794103095210158335325448748004294595642871324930257293123401617423643387905594504828
209,132371391165963985712661031041301650501233269119304674943105785499859556210523997008096046300103829449200116271843331012602440260415
153,133932422810430890463235102639415961312906670657120121081414371822330006443499231583168165823423461375028595886509177811991837735796
35,175067853503398819374138290574550105508679465715542661129598144656728865646186753614488790581554525365226342734926520044190711433756
221,154461758732648274039124469229203540177089061889460539955827006343838967044291261963713169350029642275788876183304350768072672484226
58,131383649780412390043855605904407802364235491184139316024279408279342545472716720159092466777167013868113994871709116569985888062914
205,154249106582441567649704137036129764905167069269589802713560337085739114280244685161255751409782320421720757179250082504275180532465
0,170902896436838458380111006666597969005310056119564062613495941868866899595131021616561404293848792560923437259661724595363000072182
249,85451448218419229190055503333298984502655028059782031306747970934433449797565510808280702146924396280461718629830862297681500036092
199,153859268396582642317327679181145261631514443388841628489393010144634548500907131041204769348905344668336138146533537883000571952525
18,171236852029420237500451693681616046670687448290909336149982940876434235909192232845315113272433741556842008754408143933959733963270
146,134121248298405371485915580855968250123099918750933400812933738012389987086116615579381174190624757844912417990440532861667644593465
33,166260622255490622633759072981434837874921706022683507466056136030628069975357233664489008206616442774332665331790711096433165075233
81,167628940221119271998444268605811985598911180726152585835031199000754123847576700422581334259382528492600595454392163553653421040176
27,175642048198408428320297550400366159157978577362895494630449987367514187487308099508717319111060494410519847840473213437429999238908
63,133216247676688898217914101585730278876643325335455314741393848695696915742569499643436077759550561171366736098903113839384864451877
62,171397503840011081910421806029908705804691651714657968063996378031721429086180361830823698696625871716664025977964118509188338161928
234,170912082976805761768087411069302646277910823721529603838268667636398446921981331483525984105704444537125655861197532269039105270747
88,132371391165963985712661031041301650501233269119304674943105785499859556210523997008096046300103829449200116271843331012602440260415
122,126116919006713914367297307238998442847167719939384164540225646966215864684915702455926710690367658869969957402783673495638313989375
12,158759072622517507372461996305405601943085398538063980164400873556302362448746714593809226570885873395545756824311384365269031021625
73,168500915245796190126865564158433841861005469595813365538130825690291330689137609949952160993168792323277358345609758002705106298105
218,82173802455569583830251165018192236297935857689479025716617957104435165554864913918774954562972556877912244775980333819464024949175
14,164347604911139167660502330036384472595871715378958051433235914208870331109729827837549909125945113755824489551960667638928049898348
151,129195395856540297601998892193765608272139289189755061241656956704894771541265139775601919937078671621022013281085071908235330211234
65,171739010484009641513795536700300211995977345363774049386722574720947362049571133131962825259718695162691452486209653183763041846536
237,171401690444330671341493227514524754598218229823509492115201468648978506546759086957291433631149571081495174559156014692350214867646
131,131595358718807684326865993215722146199404069519227752353058639014092991626503419065161583668445140908079002532595517305619414789196
148,132856392090940469214263952680595249553702065002399938610365511331929378327920928397104655895907876570657881830883001509958834138857
105,129785887957689148256775799824576888185824136945823307374592427867346428525773437557572634909281680741835468877785250226973288774996
82,132390663833781123026546671630862863395633140276008138980614736107244597758040735417713222248842633587267365435281836189131650103903
200,173896566405004806492865711650261209516610945433026987107699402799560649740631319291587311475652169519330738403832540186497643625433
83,176077880083627806587944428614623847809344834783631297539461887119015957091261557752713402910056343057316898685567106144618367311312
28,155156587096337634500869586899635869574594597373827314224836652455916305776143114024818355811588489605018338309457721002663863909823
134,164929878053400478537535372061732875242902155196333200271225019976339467111814228610831672484151674374459334906754484331029954815432
135,132067576301210033205986132990733815075337547958061554324903991259464201007466315390779283804844973463968237108504803375744184157461
170,134121248298405371485915580855968250123099918750933400812933738012389987086116615579381174190624757844912417990440532861667644593465
242,166578298669290442557458412719936336307492296658713543565821870978678156269194042810213006251404098626166652150798084842129729890928
154,167676551161357454095276038367406431167619846401088843789080756157370449190013417221157732232932694296033363447491802659578372275078
61,111784367440904969396850692244937620778413230934059229192720504104913632793342278147438488155288462864022242298327868439718914850054
72,175846416523148328515677197836945453068681439478847671233785535936040391911969848700426773162918260271582824344429792664920595068736
228,87923208261574164257838598918472726534340719739423835616892767968020195955984924350213386581459130135791412172214896332460297534369
94,160704787861253979333421508179141243636533005479472198107051358243754531684636958837148631579670849284145822475796577671447090315360
125,80352393930626989666710754089570621818266502739736099053525679121877265842318479418574315789835424642072911237898288835723545157681
241,176083444220863079841470131180611916886399268984431883650548941888058310061198014580697625220536724110965030796672452900988730745536
130,88041722110431539920735065590305958443199634492215941825274470944029155030599007290348812610268362055482515398336226450494365372769
1,153286001091106199075512432677335751626076859898819327615687790054739788089012022386509489385285974071010485209392223651286962829990
56,132239944275585683595961252064936554873845165921745657874071555305363793691116261401091703642571000176461973899082763455512881558564
43,155635794168873841940855018241204306853596251212311408937288904461272424425423621030042681861799371361957396301258284175698394453574
196,153859268396582642317327679181145261631514443388841628489393010144634548500907131041204769348905344668336138146533537883000571952525
23,82220124737888671351853569020844716506242979109837555651171282013189069256960642589297007406631719083877910108339834280680204111309
64,164440249475777342703707138041689433012485958219675111302342564026378138513921285178594014813263438167755820216679668561360408222616
19,154376305612944064095915019109899516546767983425436021561749410648214295530988282228719466293844315112329332480114110414668724487508
172,125849997827100646137447679916607853650611852409384443659233463694479524711344841300348853419236970678361363583702886035531452947266
207,164731021701165347266438462873638268941100627475861130876939135453253994296359646855100411150309596527958222275723225828757641890796
208,131993477195549788039561138076395662054304724192308098914957477340827707541888372644318960944483133024417394065611794424748330321399
236,164658078863283403136452057276976260805300579537081011798220743837895257574478347122740695472973278590687263597449713726440929161750
246,82329039431641701568226028638488130402650289768540505899110371918947628787239173561370347736486639295343631798724856863220464580876
175,55892183720452484698425346122468810389206615467029614596360252052456816396671139073719244077644231432011121149163934219859457425028
139,120242353083734586999316517359170447666171523965283070736497770980911330243032009488252572429980075088723804759839716370195676580196
138,127032454268600392273766418599390848658931653993137546119541318768118240174645093135113993541741942703079691312510789542938738971523
169,132116904949792289368380804215755583932257156533781669355862048769089672255459240237081687406704893544603922685594332967292859645603
189,165863981542080295311445878394960508043623074298174272570023429962604988440234898536610831032527444190956032873155902008211728891204
86,149910253773510714684317101980596518880552840128800233098672470454192145619200655558223448987465451445102333720576755698220662784006
167,74955126886755357342158550990298259440276420064400116549336235227096072809600327779111724493732725722551166860288377849110331392004
69,88064416579846064256313337773978413146923271131785737774296122501051627981779802283893125084591711601956863167563899654946887807121
136,176128833159692128512626675547956826293846542263571475548592245002103255963559604567786250169183423203913726335127799309893775614240
198,153859268396582642317327679181145261631514443388841628489393010144634548500907131041204769348905344668336138146533537883000571952525
137,155774233316204825541003635983143962937879227222176436537145393726514203473589671685828487278666465892860148657842564288563664669315
210,170825169188153870804963576580722084488648470257593414075393789135559188426293876499874469473335856401877338898700937892946238881688
149,154340459527127106870104899390034885919371532271924557308867453702328053401537195619694809946508785441689502390811105923832419264775
239,74771596058441516403369940203508654834061848391014441309660951756416605278479938215853558357840731189868902211741683602150436789300
55,149543192116883032806739880407017309668123696782028882619321903512833210556959876431707116715681462379737804423483367204300873578598
80,87889379308692576355945773796727863454473746752199468409370169820292012867476945690533925875602986903451985221032569379565267927905
180,156344482514863801247953833890432751944270338843258187151807067696678716883285330709937564585881889958292083572736067865281256489291
109,117185839078256768474594365062303817939298329002932624545826893093722683823302594254045234500803982537935980294710092506087023903874
17,165208716709620563570948373985694118810423409033423763404696183868418062308275893169870375799045878605982106534999408424775630477238
45,175778758617385152711891547593455726908947493504398936818740339640584025734953891381067851751205973806903970442065138759130535855808
185,87889379308692576355945773796727863454473746752199468409370169820292012867476945690533925875602986903451985221032569379565267927905
96,80352393930626989666710754089570621818266502739736099053525679121877265842318479418574315789835424642072911237898288835723545157681
37,58714845623600747121451113234601721972053205768579954228758679029378311089476307542137583537984022911975936105285261268930950614434
8,173594680437328311094521989177396092405495357066102694500379144408078069627259233414747398216365808704897858020041235290032671413600
116,132641967660700333731483377226456244181408851198454878555927092951983731911480805576043580031049906832367375069488077942035118222001
9,153658010117848482551425029530111431852566661132020238926139282215546949259680671947179035212152087731229892063591174590676179353606
110,58592919539128384237297182531151908969649164501466312272913446546861341911651297127022617250401991268967990147355046253043511951938
225,82504781626931808819209998001977087030926373672947123411953506042914576485796636399671854013089047703741141785704969138630552276502
224,165009563253863617638419996003954174061852747345894246823907012085829152971593272799343708026178095407482283571409938277261104553002
70,132641967660700333731483377226456244181408851198454878555927092951983731911480805576043580031049906832367375069488077942035118222001
89,176014017767302779600577434840058118229345580014967142187978923186600129186921537188913983782115063051157922313041948318807665945500
195,132202108076513579230311293619985063981324124260780249007293450602576089393578526178134302335173348925538566077237869838574275537135
194,132289179281554089720085668108797901679648635206120083244453563425371777754930735365761723179407858663416262055426081914818070035553
16,154007556582620581885563686655775921636953305364973785039174018102965567262788070197287525044474807447483400938180028416602184472620
42,133033690475502205349640891370559871421792281108588079529445900080444758558460734374409693517319563728375748948376239902958258934894
7,155796098033670768105336548836944486771584755345660424724610126563029860686932883255887525127733366430941635820040360887000743149554
115,154974541692910849070528408308560297866037140822317061595448107931265529142806533789492765523327070750576856903044321059508190443393
197,153859268396582642317327679181145261631514443388841628489393010144634548500907131041204769348905344668336138146533537883000571952525
93,133770820152569290436096106982242886002107962350984817043673415151233574330954513297091632917506214723858522461790911366557320003539
30,81944402248404633061061723758028241319638598289599607003205310293826988382190684580306042095795692381740058549692985259200645894267
6,163888804496809266122123447516056482639277196579199214006410620587653976764381369160612084191591384763480117099385970518401291788532
