132,189039662765222467853305352053147582454476990101857855195644164857369716560496541062407739795773122003903797365242
91,170849867354912995271905199312873770646026948063607144800928580802507639034658581569700049700124595759089056885743
145,201297997238347419039428330298251525685016754026624347146511865633129643809760833461549396826043557234018197596928
92,100648998619173709519714165149125762842508377013312173573255932816564821904880416730774698413021778617009098798465
129,162705610000895134786998734760185583657895532832043872856350957489535144266219145058989786890151442044321674606800
168,103091662172036146346644944303627763164098811682231207916137136441721184334770287150920647616476441385516534857729
235,103091662172036146346644944303627763164098811682231207916137136441721184334770287150920647616476441385516534857729
53,103091662172036146346644944303627763164098811682231207916137136441721184334770287150920647616476441385516534857729
177,103091662172036146346644944303627763164098811682231207916137136441721184334770287150920647616476441385516534857729
117,162705610000895134786998734760185583657895532832043872856350957489535144266219145058989786890151442044321674606800
15,137455549562714861795526592404837017552131748909641610554849515255628245779693716201227530155301921847355379810306
233,103091662172036146346644944303627763164098811682231207916137136441721184334770287150920647616476441385516534857729
155,162705610000895134786998734760185583657895532832043872856350957489535144266219145058989786890151442044321674606800
160,103091662172036146346644944303627763164098811682231207916137136441721184334770287150920647616476441385516534857729
232,103091662172036146346644944303627763164098811682231207916137136441721184334770287150920647616476441385516534857729
206,103091662172036146346644944303627763164098811682231207916137136441721184334770287150920647616476441385516534857729
121,103091662172036146346644944303627763164098811682231207916137136441721184334770287150920647616476441385516534857729
183,103091662172036146346644944303627763164098811682231207916137136441721184334770287150920647616476441385516534857729
191,103091662172036146346644944303627763164098811682231207916137136441721184334770287150920647616476441385516534857729
120,200466100715827586551332936097747196271434054497415742455534868183719077530253442384361929081435513720801801843586
119,100233050357913793275666468048873598135717027248707871227767434091859538765126721192180964540717756860400900921794
112,175912966078503363584577110553855177732407235799878511620946504454827583782414428455584454256884761598305071315152
213,103091662172036146346644944303627763164098811682231207916137136441721184334770287150920647616476441385516534857729
190,103091662172036146346644944303627763164098811682231207916137136441721184334770287150920647616476441385516534857729
184,137455549562714861795526592404837017552131748909641610554849515255628245779693716201227530155301921847355379810306
157,103091662172036146346644944303627763164098811682231207916137136441721184334770287150920647616476441385516534857729
66,198824973282053216109399220107570173164149327042742198220888366378777751972444220483946269692586148417375509250668
238,142434892601727235382190476811181120437713458271748970829261582891991395547539022003976326962209508942675046351159
49,203832135846457448955772895834326415270983280013273325187106876190396951707969667833679525735610311407515005289030
48,203832135846457448955772895834326415270983280013273325187106876190396951707969667833679525735610311407515005289030
222,162705610000895134786998734760185583657895532832043872856350957489535144266219145058989786890151442044321674606800
187,203832135846457448955772895834326415270983280013273325187106876190396951707969667833679525735610311407515005289030
71,103091662172036146346644944303627763164098811682231207916137136441721184334770287150920647616476441385516534857729
186,103091662172036146346644944303627763164098811682231207916137136441721184334770287150920647616476441385516534857729
21,103091662172036146346644944303627763164098811682231207916137136441721184334770287150920647616476441385516534857729
192,141751035486549701226636798417488174350635866063067910884688562607366628460309144832515890472655106905085235429380
76,181926462656534375905844019359343111466056726498055072793183181955978560590771094972212907558487837739146826219528
217,141072800866996831842777292204964307487714163354632179253661344604460568037054077153891412527809867159127889805315
3,206183324344072292693289888607255526328197623364462415832274272883442368669540574301841295232952882771033069715456
250,103091662172036146346644944303627763164098811682231207916137136441721184334770287150920647616476441385516534857729
108,137455549562714861795526592404837017552131748909641610554849515255628245779693716201227530155301921847355379810306
90,103091662172036146346644944303627763164098811682231207916137136441721184334770287150920647616476441385516534857729
188,162705610000895134786998734760185583657895532832043872856350957489535144266219145058989786890151442044321674606800
54,103091662172036146346644944303627763164098811682231207916137136441721184334770287150920647616476441385516534857729
34,202390829317198088949173588144056160794381757723993344477911144751547745249513868556537729265707352331939673135244
25,134927219544798725966115725429370773862921171815995562985274096501031830166342579037691819510471568221293115423498
127,103091662172036146346644944303627763164098811682231207916137136441721184334770287150920647616476441385516534857729
165,103091662172036146346644944303627763164098811682231207916137136441721184334770287150920647616476441385516534857729
193,103091662172036146346644944303627763164098811682231207916137136441721184334770287150920647616476441385516534857729
111,103091662172036146346644944303627763164098811682231207916137136441721184334770287150920647616476441385516534857729
57,68727774781357430897763296202418508776065874454820805277424757627814122889846858100613765077650960923677689905154
9,167523951029558737813298034493395115141660568983625712863722846717796924544001716620246052376774217251464369143814
20,103091662172036146346644944303627763164098811682231207916137136441721184334770287150920647616476441385516534857729
133,68727774781357430897763296202418508776065874454820805277424757627814122889846858100613765077650960923677689905154
74,145541170125227500724675215487474489172845381198444058234546545564782848472616875977770326046790270191317460975621
77,90963231328267187952922009679671555733028363249027536396591590977989280295385547486106453779243918869573413109765
75,145541170125227500724675215487474489172845381198444058234546545564782848472616875977770326046790270191317460975621
107,68727774781357430897763296202418508776065874454820805277424757627814122889846858100613765077650960923677689905154
31,67463609772399362983057862714685386931460585907997781492637048250515915083171289518845909755235784110646557711750
178,186761796004660054413164183366542682237322222852502546258104357881232502952441121702264584802874488100987574634543
101,170974373110169104052973126598058608314003612479386650006055677472530140684221887201474262294991725016129389892405
100,141908784014108746421071101210176511868541986261967257073649684012096014536816778264791461483309663301981400772545
128,204271915183274282348118630675135141973591299596247753555364176568543502612426482317364364013357517149991735484288
44,102135957591637141174059315337567570986795649798123876777682088284271751306213241158682182006678758574995867742145
36,174308136048021030819258034147436434293823144058415380433996844422294893444430716497594539857346515338948479212718
247,173569702429636570551902864818471614025707767001610997409973908936082606386264989129369626320517918317570835671334
38,137852587948315487819317213407930295953689156147052476334540011427981210032629915968862650001933667224542152095490
23,93031392907591764817248512234993677443528894718035857860607607992201188738579421322253968693313809349536530978587
64,186062785815183529634497024469987354887057789436071715721215215984402377477158842644507937386627618699073061957172
52,206778881922473231728975820111895443930533734220578714501810017141971815048944873953293975002900500836813228143232
85,137852587948315487819317213407930295953689156147052476334540011427981210032629915968862650001933667224542152095490
150,164476740912693957067583546748449912952609409248561628068345517809073802577745936219717191136032553253900132153090
41,141957341117096785071101607395644655231116230232270094866571397763256190295868567418854805289883093328619250612545
194,142926275107788925640113095713235312449909886018459527294859641679053999146105396904286504644848723095338481570465
142,137852587948315487819317213407930295953689156147052476334540011427981210032629915968862650001933667224542152095490
231,139905062325765014255864832912426272018857832862064385871972010220851085396830938068101747205179982806442600889218
106,141072800866996831842777292204964307487714163354632179253661344604460568037054077153891412527809867159127889805315
216,162776308692688652126281491005728047101208650024575591446532320697454501581216242869874706762857539029762949775364
58,145322862618834752572782179143658812412887245384579296671705650799264269235715212238275398134284183720554098085670
221,171818507159144334904428518322071411137517434874370788797614302203010804836272043200699527305139038517276178947658
173,139905062325765014255864832912426272018857832862064385871972010220851085396830938068101747205179982806442600889218
167,83761975514779368906649017246697557570830284491812856431861423358898462272000858310123026188387108625732184571908
86,167523951029558737813298034493395115141660568983625712863722846717796924544001716620246052376774217251464369143814
98,199391785570301125218823487227833385536084620546689228501864139257905803826123362941697459361569394261645257238348
97,144194628180830177016528056417227046215488529533796100395879294879674674542333335032668765429407923136064694956903
37,68926293974157743909658606703965147976844578073526238167270005713990605016314957984431325000966833612271076047746
172,139904984091317912007340494903915235920593484653161716223829416381930066483356707412889345385231428821810010519298
131,142307005607687487173347489410341764170231007672436128417381369159346906875889236539236409513484303565065695598528
65,196158930972357812897239881188521760739222560060860167409449613839027963293801997656079565412518614941481012229716
237,192875243439447061536436133161438392480122016454701141596894419509853406062022339336583996294258629875505864496462
118,142418026787425552168437615533950294963610250264986390369935276630858143412538908946882718569664403564640063435865
176,205306681249576858253420346377861909567196628496240965272137239315345978312917418066304582194175654896692133062832
5,102653340624788429126710173188930954783598314248120482636068619657672989156458709033152291097087827448346066531417
84,137852587948315487819317213407930295953689156147052476334540011427981210032629915968862650001933667224542152095490
143,68926293974157743909658606703965147976844578073526238167270005713990605016314957984431325000966833612271076047746
103,145220356255781484943637540329583632651571643156391349935376172039248795986535494052470442398170099963343840927012
104,185275336367667403569606225875609795823983909934665837347496606190985414364541088840907673463899531058322292809670
241,204398148905825494020916079489125891754364854601158623266514916663853679482433288513093907061388814503919698981824
130,102199074452912747010458039744562945877182427300579311633257458331926839741216644256546953530694407251959849490913
243,142418026787425552168437615533950294963610250264986390369935276630858143412538908946882718569664403564640063435865
151,139220956356246573609365185083268304931727642370512037932415115400229213944906023175315327540287520301611619253122
202,167370531560523487965451412184428787969952189647256293135584168626471988166315309139339874130684144689290730725423
99,164816172918082864808367140844626084220341427980606090478416956043762233096735484044511402603581524863975274434049
50,201224358691267154018344484307682092944304054160883751478341068726457415696424964934794921071584470334477941000984
226,134149572460844769345562989538454728629536036107255834318894045817638277130949976623196614047722980222985294000658
204,201175184623676919012959208580530037768893687324657107969750260547458222702467723382664930149624602542581125067308
166,169710830819557466414938553888451722155658270795548790587143997213870368914710612145890685318845250390064970566312
144,180489317719784823400698703156817129362903659764933750596822619217671205830862626007386287789192349600887776584461
214,145578735712731579206590612613986958711604397145692552687027010910519458514018493972852815395512094939408511624589
203,191254964739874060321758261443968210515923161148667777619975459487251526085643529030738450068953110573080920340752
87,95627482369937030160879130721984105257961580574333888809987729743625763042821764515369225034476555286540460170377
88,142904595497303316333489562187159040027769270274666221450118338712351610548660121594810878527495988404400444836031
230,139904984091317912007340494903915235920593484653161716223829416381930066483356707412889345385231428821810010519298
89,211985104528556133060408222763500343559516208942051195878742815616793049513545942025413245379018073450227549753232
195,148418832847500750828803854309548651316208448692553559212861274455126223786306014957897346068495933864108815981705
209,142904595497303316333489562187159040027769270274666221450118338712351610548660121594810878527495988404400444836031
152,199856218240031417701924589702078982556263796760193300317011181489026830563911909324259485429399811521113491313020
69,106828867152350017434372593692044023198251629269292349870205500388999055614295343104615671835477170589108649159937
136,213657734304700034868745187384088046396503258538584699740411000777998111228590686209231343670954341178217298319872
236,183311331302336942348574865606883765696071936293398982957920049329751956481929340633375946718137507618531809123126
246,91655665651168471174287432803441882848035968146699491478960024664875978240964670316687973359068753809265904561564
245,183901272498458393684430924712251956950484842560117685565621867438781100737158453113429360889462945340293931616779
205,169080542863670809240970785648983069242505902919789905481112082043485432098232711800279953279791467016755742248929
51,146865068697904675980403431673753375489639787465401563944719145140353425876715589395712546131117689381121990947725
13,165409210453439355869672127250834542334446692431757846573588687454408294729140525023154634618823817073555661905199
174,138305377765769951396527900324457749325293092142854977281960093082185619054765274046599717200096570410882601904908
240,196204551642482993317326242731148364337624616272369865740043215915700219294328946512644730003973284430177003890663
78,202478980663217740982831072909222273811737444157871264614240754373323185002387698330280786426301244765114923322608
134,193758328771844229485169659875481309095112385415045870180418498034243571807594665340639316389223458912550886239952
135,151730376215448706653590925943600572466316932847453091453302191633102855901374148070605666322509251858043711625705
227,67074786230422384672781494769227364314768018053627917159447022908819138565474988311598307023861490111492647000330
234,190604080838358864695108193144176282785102106105979890435431109110121685440417678018064094673146000809872635377207
162,181768517115215554089879385477972085914794753803895635952699932851328285647229008171662986627733504967764442687575
60,136187497601521220927053506959036488192031041152475744315483703826455301931082738122680138021552566581976806419442
68,169004598890528366185226565816458366276903960404120262510449727060094848612539887332695832380401811043790203047326
102,143206496286859865457072967936584254621061840767532702436404510441118162961889064595746082255917928297029982578384
29,162286770146222759360863942552342925671943783830073051924618099390685567895774086642560050016021731929108044079871
81,187650518182983749660566834606149238522207782634997123615604441134892139414798838472576167949201853446859179907072
27,201483130624314958468883624033961014111670832503487497122779517958743866365294287880785298325609088558683409265660
215,191516687360902932513499024364679874401242539335714978492522822695585487681341155998789654033219810195587418966561
147,146433419307922565171871932462871176670693195926081227032415117942373422738010583301775612745710075815295330578537
146,147977920002164429672366853908254562195847472484261774119350070034354028223608196243642928564412750147720245357465
211,102140623201140915695290130219277366144023280864356808236612777869841476448312053592010103516164424936482604814581
212,204281246402281831390580260438554732288046561728713616473225555739682952896624107184020207032328849872965209629160
242,189153552378748254683777584661807461606284878164829089085121031429042320470182341088914357556368286717599402055472
170,147977920002164429672366853908254562195847472484261774119350070034354028223608196243642928564412750147720245357465
140,102140623201140915695290130219277366144023280864356808236612777869841476448312053592010103516164424936482604814581
163,156963668206263930871509492752288703985393249627385341629378496543445861349900271288166492017034335757683060622677
164,198755081174906618475345662011246582995605058952501809557557081421658311036096105663088933089795167399025005617360
223,99377540587453309237672831005623291497802529476250904778778540710829155518048052831544466544897583699512502808681
35,199261881712612892372830715817462311181527863239704625267923582152010907975456206680716061167337136675821855467064
67,171865034766277851005301992435024083502684725401723735185406325458176467238045834750988521600664247040758284914555
109,136201629640064359377637053682465840684186841330978757200084775685320396191728000621399288162160784669207626122306
45,204302444460096539066455580523698761026280261996468135800127163527980594287592000932098932243241177003811439183456
185,102151222230048269533227790261849380513140130998234067900063581763990297143796000466049466121620588501905719591729
122,140396854106014867285029510383815719149997368104688776906692605901393274290784857985811736007539223855861908382223
124,146433419307922565171871932462871176670693195926081227032415117942373422738010583301775612745710075815295330578537
141,68093748800760610463526753479518244096015520576237872157741851913227650965541369061340069010776283290988403209722
171,179341676373614709190575997383092439669314692703958937014668856082823250857813280133376726863118208294635499325889
201,169055261872550191551499562784836265687524245951221627043809973784822551717458903429750524479165636736353879945812
159,150154084060575300595695180903589035878018315551755176753812912195411296040604645533601478432573652108105386171701
10,203048050316402583723920627098252805979345021258191679910397339085390861172873312843444050961876293776474497039232
28,165376134411985837651534690735152359609522261865337095982209361125753760487221393823353679798236865104892923942351
80,102151222230048269533227790261849380513140130998234067900063581763990297143796000466049466121620588501905719591729
137,174093610600995235888772777140839510045576099186516317038425764967431394519779527028949724230372876883387427042859
83,204889647414420242086963342392522062807977523618984702979408626387295216704974485347399492937319841539955582073576
200,196142475365684510969839105098599792583329366821411243471916434393676397785331591093359216741845337921470347555948
148,143414414614572476689461451814334099482417384406638060715820151150502744790337748890858184927050526250354385894773
24,167762349319676790758434265582486342769319339946021505174198423815370319796948639920684223313296707425263741844628
158,142225972065074100557858503580458923159723602551397974563562874192697019657387422240270765271071897043739666662443
18,197332693998934097471432473971934806084917507257362793027657703216771447606403390586517249373923612431149149835398
228,105106404484363804641834910099652017916458938836382997103231807694838477167897551805878178367808094789843091234937
72,210212808968727609283669820199304035832917877672765994206463615389676954335795103611756356735616189579686182469872
161,158984757801555686512703545843853838729542440451196730181999160907589098946878573529131955997299534321297287776936
59,79492378900777843256351772921926919364771220225598365090999580453794549473439286764565977998649767160648643888469
149,164068699926982169061620851568035058355888371707431061193770030724373898790068589533614612797228868875298697279771
210,187017627416738537383374762223537912183367223674159455129923194258709100727844173222068937257486375341356764434328
56,146967714646389813289317011876821134789673780839673000692757947702004724475262205611064911866061776388665226378404
43,175574399822956957012736161260975554371499559752202047851547825193036044092981204462504365140007807667619360315846
14,184139345458683886890462978050671470173454089312018971228925314760570840391272565397149015339424587207249866719348
218,92069672729341943445231489025335735086727044656009485614462657380285420195636282698574507669712293603624933359675
154,191129465533326606852307594768167210263239216284200661739932925580592094073127973620008384540818472775587897069958
61,127419643688884404568205063178778140175492810856133774493288617053728062715418649080005589693878981850391931379974
63,148444404515097987273730441704828276945707996182221607884624324002469668169768414092347994727815482093083003184561
62,194587266154217124571157862581544726375500590900231743448482727247718726040735023830978839299075551685129935564952
12,175791149840905624650867184854775741115598316127710572418598232784802954532749003703839294746146418984434623662841
73,188564883289005661852653347002435554939535507646039737532147966067974500455401638575535371990396807234892152835001
224,183313107826130142947249944761585461191445688959742574406612649429286066997072245932877997208650753714674293898666
225,91656553913065071473624972380792730595722844479871287203306324714643033498536122966438998604325376857337146949334
244,146256328122472574284581267180162977403347778628084181413821097926723977506194355649711414602887381868484006727013
156,195760319952687091284548519390093314232696600450772576860034640944913797770218158473030830668682323471667224812232
198,163072986068496496381428063229843800587617665352730412656301429096035784686158005648310396582362016602025313685714
7,175601351953445393758058844259205627473353577904216891237378481318206580853228747791666912901053266283498276281762
42,149109252419113383610064721917411779417404779020350193406954927838364877317610638068126124015121949371157357065030
82,144962766542535742819307872751620163822812252925853639372496594650842150773578345223904800067749393722357123603025
110,68100814820032179688818526841232920342093420665489378600042387842660198095864000310699644081080392334603813061154
199,163072986068496496381428063229843800587617665352730412656301429096035784686158005648310396582362016602025313685714
139,131816996444243942958821110209319012751964414145162269218990558107637315186615775124690674363579792805776285475060
153,148341944163564952061096501304513088099876331420020940180176743591243921486688137844327243544577203277391415917060
19,169249864667851215207938107146152220453256623444027774013597697254299722357335221413347313186090611420319999594968
207,182527038353749265126620062417844381954905010896031207055262427625216544249712031258017812744202700705926356533688
208,142612251120493860062761120451662265154357801652176583167791942368191024592486977594082629053373553512773722505437
96,91442359533212953445782867013665154359923979501721861200203839202691578167142134834654597296697064132986956095201
175,63709821844442202284102531589389070087746405428066887246644308526864031357709324540002794846939490925195965689988
0,192959852141237381649818465293756556148661083367490436373955950846405507221281416600310040514041358119810032846502
249,96479926070618690824909232646878278074330541683745218186977975423202753610640708300155020257020679059905016423252
33,183317060292749646865574864998771930783424555992611563958474941694899781059990901224019765510046307760745821794993
1,165666276371961640042714466068183851670637805293178243945254349483103440537222803967035492592348159793676653156806
125,91442359533212953445782867013665154359923979501721861200203839202691578167142134834654597296697064132986956095201
94,182884719066425906891565734027330308719847959003443722400407678405383156334284269669309194593394128265973912190400
17,183684523395322094448270761355565997112414878975945650085146973678499126356728794282804781335790221249389182067622
126,96769293223900427268964612373523102405118039570828529188716529378921729259494540228670627225959722452191794676977
79,193538586447800854537929224747046204810236079141657058377433058757843458518989080457341254451919444904383589353952
55,169534208614065800335131760827982354529029805209451091067957768792740322971297049086286602693089357244434098779878
239,84767104307032900167565880413991177264514902604725545533978884396370161485648524543143301346544678622217049389940
6,186815237696286932066345207334299799149936178110649122534547735609862777423197183768363102180393910651926153142652
30,93407618848143466033172603667149899574968089055324561267273867804931388711598591884181551090196955325963076571327
93,148356229556422141224003269579560281814782814549070960933915077267294668640143714539985630526008434201739476570407
196,163072986068496496381428063229843800587617665352730412656301429096035784686158005648310396582362016602025313685714
197,163072986068496496381428063229843800587617665352730412656301429096035784686158005648310396582362016602025313685714
138,142226354990040148955293132610865466400589390944553869162941791978583687633625269834010475340011169012200264916923
105,139730591679737903425250290919435778815865501752218219489333019677959942437419709558536158981648175833128531258596
16,168430843406121395073740085294084102925439006566059461993374370630407464977128121974570304203256493826384016530984
180,172666274972007911996518458153095182931836241654945028774460828880867381457939686931939889924076301028027596959571
189,183636375103315984457605238006360929296807678892323086762372316604507633248047235855278024404690917265204648423756
169,142742244458885933327725223580705263968321865157201859920656478459860824756125747747603557866689575474728770377895
116,145760191646087552159328745452625749880745756532878916618948478974543916797642738636663520727494579434791200278849
8,198747839023832964443802072210332968646236020839210714555675836039731709889835681809013254552907931508480683119232
115,167247433950358527940685748496389679885168891978039117109434202892214533842400125752378850690234889094046440592065
70,145760191646087552159328745452625749880745756532878916618948478974543916797642738636663520727494579434791200278849
32,191671427975944547492004159034528538227959516213787687146183292431766001284941687169383778857974368343782725025599
248,144465822329643542728557041885954167198035008678671805324524490249147004749159796172224577783122740596739417452231
2,100069184077649061973365582620659870922743595012609956396597277335019229525934104708164637306391147965055409204935
179,200138368155298123946731165241319741845487190025219912793194554670038459051868209416329274612782295930110818409868
39,169825846741503131663406482706312522914065780199847753331727497088997315708026847873731510669180143486245334608138
40,84912923370751565831703241353156261457032890099923876665863748544498657854013423936865755334590071743122667304070
113,84863335791137267017182042322347236884457527871208195412344831792000961461024339877221497128194138234482648469895
4,169726671582274534034364084644694473768915055742416390824689663584001922922048679754442994256388276468965296939788
22,162234794906204384384648198481802001927565279152411497549816191983464423807432049814068932093577479313627842962037
11,162234794906204384384648198481802001927565279152411497549816191983464423807432049814068932093577479313627842962037
46,205762855093716311768312519413357186728446242017799769878323687272270379174475263498270078917739979333934980392444
47,204951351244482888568132836426819323431589705756201066114359043461532321459889858381795495912042730957450862345724
229,141988466467212056269381263451346684011396592483831046623324342495276126700949623617446629843711170918888785928821
220,181525298214352821977932004687966202231773766161819411229891618698497508440910931441206677516193528943236794404170
219,90762649107176410988966002343983101115886883080909705614945809349248754220455465720603338758096764471618397202086
123,141988466467212056269381263451346684011396592483831046623324342495276126700949623617446629843711170918888785928821
114,141988466467212056269381263451346684011396592483831046623324342495276126700949623617446629843711170918888785928821
95,141988466467212056269381263451346684011396592483831046623324342495276126700949623617446629843711170918888785928821
26,162234794906204384384648198481802001927565279152411497549816191983464423807432049814068932093577479313627842962037
182,164381172246405851406507126528881496320994234571337187130744190081181938032851925396026384010587176346454647663398
181,138854656415110066719174374496721849033068219531770853328352418311561002294615825148538714695545577912287453617134
